Actual,Predicted
0.6122448979591866,0.40373608
0.6224489795918444,0.4048583
0.6262626262626299,0.43671113
0.6019417475728233,0.31690234
0.5714285714285694,0.40726775
0.5619047619047564,0.40836215
0.5619047619047564,0.47323442
0.6095238095238003,0.4391822
0.6571428571428513,0.3493647
0.6761904761904773,0.42517874
0.6956521739130435,0.42817366
0.8405797101449273,0.41447687
0.927536231884058,0.45570678
0.8260869565217392,0.4317495
0.8550724637681162,0.41698414
0.7101449275362319,0.5045512
0.8405797101449273,0.43046886
0.8840579710144927,0.27361572
0.6956521739130435,0.45838597
0.6086956521739129,0.45928937
0.0,0.42546043
0.0,0.4207081
0.0,0.43929812
0.0,0.35619542
0.0,0.395481
0.0,0.4118441
0.0,0.42471805
0.0,0.50573355
0.0,0.44570687
0.0,0.40276575
0.316326530612244,0.39697424
0.2806122448979593,0.34853333
0.2551020408163253,0.40528345
0.3061224489795933,0.46853215
0.3112244897959186,0.30777425
0.3520408163265323,0.41392523
0.2908163265306118,0.42319652
0.2959183673469407,0.47046497
0.4132653061224491,0.34586975
0.4489795918367338,0.40811202
0.6224489795918444,0.39307207
0.6326530612244881,0.42744255
0.6262626262626299,0.4301144
0.5825242718446617,0.33061448
0.5619047619047564,0.4051203
0.5619047619047564,0.4247443
0.6095238095238074,0.4851574
0.6571428571428513,0.43364665
0.6761904761904773,0.3406972
0.6476190476190382,0.43743923
0.8405797101449277,0.44781598
0.927536231884058,0.38278666
0.8260869565217388,0.4454318
0.8550724637681157,0.41303766
0.7101449275362319,0.44395
0.8405797101449273,0.5141243
0.8840579710144927,0.3956526
0.6956521739130435,0.30989364
0.6086956521739131,0.39967856
0.4782608695652173,0.4591576
0.0,0.39783645
0.0,0.42328426
0.0,0.43271086
0.0,0.34916303
0.0,0.3855172
0.0,0.40446335
0.0,0.44206834
0.0,0.4971556
0.0,0.46321744
0.0,0.40347824
0.2806122448979593,0.4060313
0.2551020408163271,0.33202428
0.3061224489795897,0.35102522
0.3112244897959204,0.45693484
0.3520408163265305,0.2726524
0.2908163265306118,0.44256544
0.2959183673469372,0.40663812
0.4132653061224509,0.43476206
0.4489795918367338,0.34471694
0.5357142857142865,0.4084318
0.6326530612245023,0.3859845
0.6326530612244881,0.409652
0.6060606060606091,0.41491818
0.572815533980588,0.3199093
0.5619047619047564,0.41358548
0.6095238095238074,0.39251262
0.6571428571428513,0.49127957
0.6761904761904773,0.41466263
0.6476190476190453,0.35391992
0.6095238095238074,0.42727113
0.927536231884058,0.46127945
0.826086956521739,0.4054638
0.8550724637681157,0.44327354
0.7101449275362319,0.4051277
0.8405797101449277,0.4254484
0.8840579710144927,0.4847959
0.695652173913043,0.38095254
0.6086956521739131,0.3026014
0.4782608695652177,0.41693217
0.4637681159420288,0.4678216
0.0,0.4239305
0.0,0.4210073
0.0,0.41866314
0.0,0.3772109
0.0,0.39873776
0.0,0.40823781
0.0,0.42806888
0.0,0.49736482
0.0,0.43551716
0.0,0.4061251
0.2551020408163271,0.3782219
0.3061224489795933,0.3533824
0.3112244897959186,0.3681542
0.352040816326534,0.46416947
0.2908163265306118,0.32178935
0.295918367346939,0.43086526
0.4132653061224474,0.40369952
0.4489795918367356,0.4263026
0.5357142857142865,0.35169476
0.5765306122448983,0.40505385
0.6326530612245023,0.3561834
0.6122448979591866,0.40768197
0.5959595959595987,0.43640965
0.572815533980588,0.34433612
0.6095238095238074,0.41498873
0.6571428571428513,0.41934034
0.6761904761904773,0.5034085
0.6476190476190453,0.4227813
0.6095238095238074,0.31627074
0.5428571428571374,0.41861087
0.8260869565217392,0.46718845
0.855072463768116,0.41736686
0.7101449275362315,0.44910043
0.8405797101449277,0.42999393
0.8840579710144929,0.43002212
0.6956521739130435,0.4827991
0.6086956521739131,0.38338643
0.4782608695652173,0.32686007
0.4637681159420292,0.408289
0.289855072463768,0.45335323
0.0,0.41133735
0.0,0.4037538
0.0,0.436827
0.0,0.3539565
0.0,0.3906229
0.0,0.41731158
0.0,0.4242869
0.0,0.5076016
0.0,0.40712506
0.125,0.41921544
0.3061224489795915,0.3852333
0.3112244897959186,0.3646706
0.3520408163265305,0.34811455
0.2908163265306172,0.4776279
0.295918367346939,0.32422334
0.4132653061224491,0.41884428
0.4489795918367338,0.38972995
0.5357142857142883,0.4002886
0.5765306122448983,0.3580684
0.6989795918367356,0.42550594
0.6122448979591866,0.37351087
0.6020408163265287,0.42246595
0.5959595959595987,0.428757
0.6213592233009706,0.33536017
0.6571428571428513,0.4299919
0.6761904761904773,0.40375018
0.6476190476190382,0.5187671
0.6095238095238003,0.42969242
0.5428571428571516,0.3264261
0.4857142857142875,0.41454005
0.8550724637681162,0.4920569
0.7101449275362319,0.43303654
0.8405797101449273,0.47583342
0.8840579710144927,0.4420026
0.6956521739130435,0.4280248
0.6086956521739129,0.4934739
0.4782608695652173,0.40590847
0.4637681159420288,0.30669975
0.289855072463768,0.39781323
0.2608695652173911,0.45256895
0.0,0.4157474
0.0,0.4034906
0.0,0.43829298
0.0,0.38391432
0.0,0.40024745
0.0,0.43476775
0.0,0.40023473
0.0,0.54122597
0.125,0.41294107
0.0,0.44093338
0.3112244897959186,0.3526785
0.3520408163265323,0.37540787
0.2908163265306118,0.35567477
0.2959183673469407,0.47410268
0.4132653061224491,0.3106489
0.4489795918367338,0.42761707
0.5357142857142865,0.37088495
0.5765306122449001,0.4010313
0.6989795918367339,0.3291782
0.704081632653061,0.4300125
0.6020408163265358,0.35044876
0.6020408163265287,0.42724437
0.6464646464646364,0.4302352
0.6699029126213532,0.3302574
0.6761904761904773,0.42097586
0.6476190476190382,0.4200545
0.6095238095238074,0.5183504
0.5428571428571445,0.41961268
0.4857142857142875,0.31070364
0.4666666666666614,0.42116082
0.7101449275362319,0.49014384
0.8405797101449273,0.4025853
0.8840579710144927,0.46135575
0.6956521739130435,0.43094966
0.6086956521739131,0.42956683
0.4782608695652173,0.5008999
0.4637681159420288,0.38510993
0.289855072463768,0.29764012
0.2608695652173916,0.4082832
0.289855072463768,0.4456294
0.0,0.4167369
0.0,0.40933064
0.0,0.4250205
0.0,0.37295586
0.0,0.38957542
0.0,0.42967054
0.0,0.4089162
0.1250000000000142,0.5211948
0.0,0.40893382
0.0,0.43028277
0.3520408163265305,0.37497962
0.2908163265306118,0.35838124
0.2959183673469372,0.33864835
0.4132653061224509,0.47792593
0.4489795918367338,0.2867487
0.5357142857142865,0.42576241
0.5765306122448965,0.38888487
0.6989795918367374,0.39600733
0.7040816326530592,0.33370477
0.6938775510204103,0.43487626
0.6020408163265358,0.34980777
0.6530612244897966,0.42985877
0.6969696969696884,0.4345206
0.6893203883495147,0.33251995
0.6476190476190453,0.41302451
0.6095238095238074,0.42345414
0.5428571428571516,0.5172458
0.4857142857142875,0.42199382
0.4666666666666614,0.30367127
0.4095238095238045,0.42499605
0.8405797101449277,0.48698905
0.8840579710144927,0.38965505
0.695652173913043,0.4517371
0.6086956521739131,0.43613797
0.4782608695652177,0.42801857
0.4637681159420288,0.5091076
0.2898550724637676,0.38873112
0.2608695652173911,0.28846592
0.289855072463768,0.41028997
0.4492753623188403,0.4437735
0.0,0.41699782
0.0,0.4219088
0.0,0.41794825
0.0,0.37505817
0.0,0.38574186
0.0,0.42298588
0.125,0.41166815
0.0,0.5131645
0.0,0.40872997
0.0,0.4274152
0.2908163265306118,0.3865183
0.295918367346939,0.35443237
0.4132653061224474,0.34229162
0.4489795918367356,0.4782334
0.5357142857142865,0.2871529
0.5765306122448983,0.41507852
0.6989795918367339,0.3985436
0.7040816326530628,0.400207
0.6938775510204067,0.33446074
0.6071428571428577,0.43558994
0.6530612244897966,0.35208508
0.7040816326530575,0.42801422
0.7171717171717233,0.4373581
0.6601941747572795,0.3332062
0.6095238095238074,0.40800747
0.5428571428571374,0.422803
0.4857142857142875,0.5235729
0.4666666666666614,0.42505366
0.4095238095238045,0.29835317
0.4380952380952365,0.42747724
0.8840579710144929,0.48581928
0.6956521739130435,0.38237676
0.6086956521739131,0.4470542
0.4782608695652173,0.43567762
0.4637681159420292,0.43056583
0.289855072463768,0.5155658
0.2608695652173911,0.39360934
0.289855072463768,0.2843647
0.4492753623188408,0.41246548
0.536231884057971,0.44666535
0.0,0.41753855
0.0,0.4275481
0.0,0.41774872
0.0,0.3772326
0.0,0.3868745
0.125,0.42112446
0.0,0.41053766
0.0,0.5109088
0.0,0.41025487
0.0,0.42499256
0.295918367346939,0.39276394
0.4132653061224491,0.3531804
0.4489795918367338,0.34790957
0.5357142857142883,0.4780963
0.5765306122448983,0.28672576
0.6989795918367356,0.41298294
0.704081632653061,0.404498
0.6938775510204085,0.40064654
0.6071428571428577,0.32990283
0.5102040816326525,0.43608212
0.7040816326530646,0.3555441
0.7244897959183731,0.42679513
0.686868686868678,0.44082516
0.6213592233009706,0.33553016
0.5428571428571516,0.40481034
0.4857142857142875,0.42189702
0.4666666666666614,0.52614987
0.4095238095238045,0.424076
0.4380952380952436,0.29985422
0.4380952380952365,0.42830738
0.6956521739130435,0.48463014
0.6086956521739129,0.37980312
0.4782608695652173,0.44501272
0.4637681159420288,0.43337542
0.289855072463768,0.43353435
0.2608695652173911,0.5177125
0.2898550724637676,0.3956859
0.4492753623188403,0.28478393
0.5362318840579712,0.41347495
0.9710144927536232,0.4473912
0.0,0.41922796
0.0,0.43086272
0.0,0.41787538
0.0,0.37943453
0.125,0.39068446
0.0,0.42082995
0.0,0.40886238
0.0,0.5074094
0.0,0.4113544
1.375,0.42536637
0.4132653061224491,0.39554742
0.4489795918367338,0.35427406
0.5357142857142865,0.35491034
0.5765306122449001,0.4756849
0.6989795918367339,0.2888838
0.704081632653061,0.41208065
0.6938775510204067,0.41097754
0.6071428571428577,0.3995253
0.5102040816326543,0.32617536
0.1887755102040813,0.43723527
0.7244897959183731,0.35871217
0.6938775510204067,0.4232002
0.6464646464646364,0.444315
0.5533980582524265,0.3383338
0.4857142857142875,0.40123788
0.4666666666666614,0.42092308
0.4095238095238045,0.5255397
0.4380952380952365,0.4226467
0.4380952380952436,0.30301878
0.3809523809523796,0.42970568
0.6086956521739131,0.48052114
0.4782608695652173,0.37864056
0.4637681159420288,0.4413003
0.289855072463768,0.430136
0.2608695652173916,0.43514007
0.289855072463768,0.5184053
0.4492753623188408,0.39486387
0.5362318840579712,0.28554055
0.9710144927536232,0.4158086
0.8840579710144927,0.44887802
0.0,0.4221551
0.0,0.433835
0.0,0.418374
0.1250000000000142,0.38071945
0.0,0.39480123
0.0,0.4174232
0.0,0.40840104
0.0,0.5048459
1.3749999999999716,0.41287777
1.0,0.42434844
0.4489795918367338,0.39848596
0.5357142857142865,0.3550983
0.5765306122448965,0.36093506
0.6989795918367374,0.47293532
0.7040816326530592,0.2932578
0.6938775510204103,0.41130978
0.6071428571428577,0.41602296
0.5102040816326561,0.39813584
0.1887755102040813,0.3247731
0.2295918367346949,0.43623734
0.6938775510204138,0.3587718
0.6530612244897966,0.41878644
0.5757575757575921,0.4463465
0.495145631067956,0.34129915
0.4666666666666614,0.40020612
0.4095238095238045,0.42155603
0.4380952380952365,0.525836
0.4380952380952365,0.42089507
0.3809523809523796,0.3065621
0.4476190476190496,0.42924526
0.4782608695652177,0.479056
0.4637681159420288,0.38094202
0.2898550724637676,0.44076073
0.2608695652173911,0.42803404
0.289855072463768,0.4340232
0.4492753623188403,0.516611
0.5362318840579707,0.39226556
0.9710144927536236,0.28804123
0.8840579710144929,0.41600305
0.9565217391304348,0.45145702
0.0,0.42563692
0.0,0.4349792
0.125,0.41888833
0.0,0.38166595
0.0,0.3999578
0.0,0.41446218
0.0,0.40560338
1.375,0.50670815
1.0,0.41148397
0.0,0.4262648
0.5357142857142865,0.3970995
0.5765306122448983,0.3579555
0.6989795918367339,0.36410636
0.7040816326530628,0.47026333
0.6938775510204067,0.3012738
0.6071428571428577,0.4104373
0.5102040816326543,0.41617537
0.1887755102040849,0.39652562
0.2295918367346949,0.32445455
0.2448979591836728,0.4357313
0.6530612244897966,0.36097258
0.5816326530612272,0.41443896
0.5151515151515156,0.44693792
0.4757281553397945,0.3425496
0.4095238095238045,0.39779577
0.4380952380952365,0.4219332
0.4380952380952365,0.52256495
0.3809523809523796,0.4188678
0.4476190476190567,0.31377408
0.6190476190476204,0.42777193
0.4637681159420292,0.47659838
0.289855072463768,0.38112876
0.2608695652173911,0.44147825
0.289855072463768,0.4222851
0.4492753623188408,0.434621
0.536231884057971,0.5124973
0.9710144927536232,0.38991323
0.8840579710144927,0.29330534
0.9565217391304348,0.41819984
1.0144927536231882,0.4516972
0.0,0.42630145
0.125,0.43136987
0.0,0.41959733
0.0,0.38297376
0.0,0.40387273
0.0,0.4131182
1.3749999999999858,0.40479657
1.0,0.5069815
0.0,0.41321358
2.375,0.42655155
0.5765306122448983,0.39596286
0.6989795918367356,0.35918698
0.704081632653061,0.3659626
0.6938775510204085,0.46846062
0.6071428571428577,0.30691117
0.5102040816326525,0.41456228
0.1887755102040831,0.41566187
0.2295918367346949,0.39588794
0.244897959183671,0.32638538
0.1785714285714288,0.43375602
0.5816326530612344,0.359086
0.5204081632653086,0.41031328
0.4949494949494948,0.44646192
0.4174757281553383,0.3429385
0.4380952380952436,0.3958703
0.4380952380952365,0.42420208
0.3809523809523796,0.52272165
0.4476190476190496,0.41874796
0.6190476190476204,0.3154693
0.6190476190476204,0.42802972
0.289855072463768,0.47696358
0.2608695652173911,0.37840694
0.2898550724637676,0.44048187
0.4492753623188403,0.41441944
0.5362318840579712,0.43710217
0.9710144927536232,0.5107993
0.8840579710144927,0.38780236
0.956521739130435,0.29792792
1.0144927536231885,0.42060563
1.028985507246377,0.45306277
0.125,0.42454383
0.0,0.42657563
0.0,0.42035988
0.0,0.38095498
0.0,0.4038239
1.375,0.41160253
1.0,0.4064962
0.0,0.5074771
2.374999999999972,0.41310108
3.875000000000029,0.42456403
0.6989795918367339,0.3989052
0.704081632653061,0.35780817
0.6938775510204067,0.3623172
0.6071428571428577,0.46774647
0.5102040816326543,0.30728748
0.1887755102040813,0.42007005
0.2295918367346932,0.41431838
0.2448979591836746,0.39745432
0.1785714285714288,0.3298422
0.1734693877551034,0.43470934
0.5204081632653157,0.35851195
0.5,0.40866524
0.4343434343434325,0.44517443
0.4466019417475735,0.34476674
0.4380952380952436,0.39729276
0.3809523809523796,0.4271448
0.4476190476190496,0.5188535
0.6190476190476204,0.41908196
0.6190476190476204,0.3193561
0.6095238095238074,0.4278314
0.2608695652173916,0.47574747
0.289855072463768,0.37735504
0.4492753623188408,0.43982527
0.5362318840579712,0.4125868
0.9710144927536232,0.43536842
0.8840579710144927,0.5054913
0.9565217391304346,0.38771042
1.0144927536231885,0.30374935
1.0289855072463767,0.42142296
1.0144927536231882,0.45234394
0.0,0.42449373
0.0,0.42494854
0.0,0.41901764
0.0,0.37875855
1.3749999999999716,0.40288222
1.0,0.41187346
0.0,0.4065012
2.3750000000000284,0.508658
3.874999999999943,0.41181526
0.25,0.42431375
0.7040816326530592,0.40253842
0.6938775510204103,0.35844627
0.6071428571428577,0.35892624
0.5102040816326561,0.46749908
0.1887755102040813,0.31055468
0.2295918367346949,0.42019516
0.2448979591836728,0.41436827
0.1785714285714288,0.4017539
0.1734693877551016,0.33662742
0.1836734693877559,0.4353043
0.5,0.35733703
0.4387755102040742,0.41031307
0.4646464646464636,0.43852985
0.4466019417475735,0.3452248
0.3809523809523796,0.39369586
0.4476190476190496,0.4331265
0.6190476190476133,0.51156
0.6190476190476204,0.42485768
0.6095238095238074,0.31202042
0.5904761904761884,0.42959145
0.289855072463768,0.47242877
0.4492753623188403,0.37138954
0.5362318840579707,0.438321
0.9710144927536236,0.41232905
0.8840579710144929,0.44152927
0.9565217391304348,0.5031501
1.014492753623188,0.39074087
1.028985507246377,0.30792546
1.0144927536231885,0.4205407
1.0,0.4442856
0.0,0.41521388
0.0,0.42149353
0.0,0.4209446
1.375,0.37000307
1.0,0.3953263
0.0,0.4176363
2.375,0.4104803
3.875000000000014,0.5077856
0.2499999999999715,0.41422603
0.0,0.4257584
0.6938775510204067,0.40941018
0.6071428571428577,0.35554957
0.5102040816326543,0.35369313
0.1887755102040849,0.4631951
0.2295918367346949,0.2983628
0.2448979591836728,0.4217243
0.1785714285714288,0.41450024
0.1734693877551052,0.40674433
0.1836734693877542,0.34349316
0.1836734693877559,0.4378029
0.4387755102040813,0.35693693
0.4693877551020478,0.41898963
0.4646464646464636,0.4408514
0.388349514563103,0.3547381
0.4476190476190567,0.40482756
0.6190476190476204,0.4290422
0.6190476190476133,0.51513976
0.6095238095238003,0.43188605
0.5904761904761955,0.3081562
0.5523809523809433,0.42434058
0.4492753623188408,0.47796246
0.536231884057971,0.3746262
0.9710144927536232,0.42898437
0.8840579710144927,0.42964956
0.9565217391304348,0.43479958
1.0144927536231882,0.4943699
1.028985507246377,0.3991744
1.0144927536231885,0.31185696
1.0,0.4098175
0.9710144927536232,0.44461185
0.0,0.4137015
0.0,0.4309941
1.3749999999999858,0.42216146
1.0,0.37338182
0.0,0.39454466
2.375,0.40824413
3.875,0.40935028
0.2500000000000142,0.5012129
0.0,0.40171412
0.0,0.42589808
0.6071428571428577,0.41443884
0.5102040816326525,0.35713342
0.1887755102040831,0.35207748
0.2295918367346949,0.4626975
0.244897959183671,0.30641216
0.1785714285714288,0.40626192
0.1734693877551016,0.4108497
0.1836734693877577,0.40736204
0.1836734693877542,0.35051188
0.1938775510204067,0.43881717
0.4693877551020549,0.35572046
0.4693877551020478,0.41915098
0.4040404040404013,0.44105747
0.4563106796116614,0.35578698
0.6190476190476204,0.41355363
0.6190476190476204,0.42229787
0.6095238095238074,0.522333
0.5904761904761955,0.42441323
0.5523809523809433,0.31532827
0.5142857142857125,0.41849113
0.5362318840579712,0.4843241
0.9710144927536232,0.38634843
0.8840579710144927,0.43702152
0.956521739130435,0.4393172
1.0144927536231885,0.42698592
1.028985507246377,0.4973427
1.014492753623188,0.40517992
1.0,0.3149237
0.9710144927536232,0.4028695
1.0,0.45434874
0.0,0.41227022
1.375,0.4262825
1.0,0.42483175
0.0,0.37853372
2.374999999999972,0.39880842
3.875000000000029,0.40288463
0.2500000000000142,0.4043495
0.0,0.50804883
0.0,0.404612
0.0,0.42799512
0.5102040816326543,0.40283477
0.1887755102040813,0.36424923
0.2295918367346932,0.35570207
0.2448979591836746,0.46865118
0.1785714285714288,0.32459602
0.1734693877551034,0.40616193
0.1836734693877542,0.40213
0.1836734693877577,0.40588498
0.1938775510204067,0.3468057
0.1836734693877559,0.43436608
0.4693877551020549,0.37016958
0.408163265306122,0.4249649
0.474747474747474,0.42852035
0.6310679611650443,0.35015953
0.6190476190476204,0.40706766
0.6095238095238074,0.42825297
0.5904761904761955,0.50781137
0.5523809523809433,0.44147065
0.5142857142857125,0.30793402
0.5333333333333385,0.4286369
0.9710144927536232,0.47228208
0.8840579710144927,0.3724975
0.9565217391304346,0.44229838
1.0144927536231885,0.43808427
1.0289855072463767,0.44139773
1.0144927536231882,0.5036157
1.0,0.41429204
0.9710144927536236,0.31835797
1.0,0.4076908
1.028985507246377,0.44477364
1.3749999999999716,0.39741033
1.0,0.41966477
0.0,0.42655736
2.3750000000000284,0.36575195
3.874999999999943,0.3908474
0.25,0.4194918
0.0,0.41732076
0.0,0.49906105
0.0,0.4179119
0.0,0.4274252
0.1887755102040813,0.4119743
0.2295918367346949,0.3570679
0.2448979591836728,0.35260922
0.1785714285714288,0.4632147
0.1734693877551016,0.29905307
0.1836734693877559,0.4188424
0.1836734693877542,0.41028786
0.1938775510204102,0.41631523
0.1836734693877542,0.34419248
0.1530612244897948,0.431978
0.4081632653061291,0.3681575
0.4795918367346985,0.43602872
0.656565656565661,0.43787912
0.6310679611650443,0.35789022
0.6095238095238074,0.4006705
0.5904761904761884,0.41426727
0.5523809523809433,0.52990806
0.5142857142857125,0.46466893
0.5333333333333385,0.26954824
0.5142857142857125,0.42500797
0.8840579710144929,0.48543465
0.9565217391304348,0.37651968
1.014492753623188,0.4233469
1.028985507246377,0.46307027
1.0144927536231885,0.4598933
1.0,0.5081171
0.9710144927536232,0.42681065
1.0,0.31378767
1.0289855072463767,0.39741132
1.028985507246377,0.43743387
1.0,0.38965586
0.0,0.43523094
2.375,0.43849465
3.875000000000014,0.35860062
0.2499999999999715,0.39882073
0.0,0.39881182
0.0,0.42046642
0.0,0.47980118
0.0,0.39777738
0.0,0.4415771
0.2295918367346949,0.4355837
0.2448979591836728,0.35076293
0.1785714285714288,0.36346227
0.1734693877551052,0.45244414
0.1836734693877542,0.28402644
0.1836734693877559,0.3937759
0.1938775510204067,0.42547974
0.1836734693877577,0.39300135
0.1530612244897948,0.330656
0.1428571428571423,0.43688047
0.4795918367347056,0.37293556
0.6632653061224545,0.43788248
0.656565656565661,0.45123935
0.6213592233009706,0.37021285
0.5904761904761955,0.4185253
0.5523809523809433,0.41004387
0.5142857142857125,0.53575337
0.5333333333333314,0.46209002
0.5142857142857125,0.29041648
0.4952380952380935,0.41673127
0.9565217391304348,0.48297858
1.0144927536231882,0.4079481
1.028985507246377,0.42028874
1.0144927536231885,0.48900378
1.0,0.4301655
0.9710144927536232,0.4991823
1.0,0.4307842
1.028985507246377,0.3114242
1.0289855072463767,0.39795482
1.0434782608695652,0.45294732
0.0,0.41312686
2.375,0.44235095
3.875,0.43988955
0.2500000000000142,0.38139215
0.0,0.42118233
0.0,0.38852575
0.0,0.40591437
0.0,0.48296738
0.0,0.38510916
0.0,0.43944263
0.244897959183671,0.42286015
0.1785714285714288,0.36235136
0.1734693877551016,0.37853503
0.1836734693877577,0.46821254
0.1836734693877542,0.31837797
0.1938775510204067,0.38254383
0.1836734693877542,0.4260248
0.1530612244897966,0.40156803
0.1428571428571423,0.32275778
0.1377551020408152,0.4365011
0.6632653061224545,0.38573974
0.6632653061224545,0.43147832
0.6464646464646364,0.43609238
0.6019417475728233,0.35495275
0.5523809523809433,0.42061156
0.5142857142857125,0.4264831
0.5333333333333314,0.5183384
0.5142857142857125,0.44062206
0.4952380952381006,0.30574548
0.4952380952380935,0.43176425
1.0144927536231885,0.4687657
1.028985507246377,0.3891705
1.014492753623188,0.45065674
1.0,0.46698478
0.9710144927536232,0.4381967
1.0,0.52214754
1.028985507246377,0.42546389
1.028985507246377,0.30895147
1.0434782608695652,0.40699512
1.028985507246377,0.46835285
2.374999999999972,0.41598502
3.875000000000029,0.42884082
0.2500000000000142,0.4338108
0.0,0.37886992
0.0,0.39718288
0.0,0.41063267
0.0,0.40655726
0.0,0.51462376
0.0,0.42306584
0.0,0.42597866
0.1785714285714288,0.40341175
0.1734693877551034,0.3575011
0.1836734693877542,0.3669687
0.1836734693877577,0.47361827
0.1938775510204067,0.29623723
0.1836734693877559,0.40255213
0.1530612244897931,0.412892
0.1428571428571441,0.43047428
0.1377551020408152,0.32136947
0.1734693877551034,0.43180785
0.6632653061224545,0.36514968
0.6530612244897966,0.41615418
0.6262626262626299,0.44240272
0.5631067961165002,0.35142666
0.5142857142857125,0.40764093
0.5333333333333385,0.4474344
0.5142857142857125,0.52462876
0.4952380952380935,0.4459432
0.4952380952381006,0.30209643
0.5238095238095255,0.436575
1.0289855072463767,0.47930118
1.0144927536231882,0.37469998
1.0,0.4537411
0.9710144927536236,0.43210697
1.0,0.44405335
1.028985507246377,0.52503055
1.028985507246377,0.4111281
1.0434782608695654,0.30573803
1.0289855072463767,0.41765276
1.028985507246377,0.47542
3.874999999999943,0.40282848
0.25,0.43042246
0.0,0.4320772
0.0,0.35492018
0.0,0.39185572
0.0,0.42235464
0.0,0.41445985
0.0,0.52251816
0.0,0.4192972
0.0,0.42658356
0.1734693877551016,0.41848403
0.1836734693877559,0.3439269
0.1836734693877542,0.35257393
0.1938775510204102,0.4629832
0.1836734693877542,0.2947515
0.1530612244897948,0.4197644
0.1428571428571423,0.41355473
0.1377551020408205,0.43658566
0.1734693877551016,0.3380372
0.1938775510204067,0.43519232
0.6530612244897966,0.3723008
0.6326530612244881,0.4159665
0.5858585858585883,0.43900824
0.5242718446601913,0.35767105
0.5333333333333385,0.40391457
0.5142857142857125,0.43868816
0.4952380952380935,0.514762
0.4952380952380935,0.44694573
0.5238095238095255,0.30634058
0.5619047619047564,0.42752245
1.0144927536231885,0.46588865
1.0,0.3916022
0.9710144927536232,0.44983727
1.0,0.44653013
1.0289855072463767,0.43595994
1.028985507246377,0.5093939
1.043478260869565,0.4158858
1.028985507246377,0.30042616
1.0289855072463767,0.43237096
1.0,0.46631786
0.2499999999999715,0.419895
0.0,0.42713723
0.0,0.43402508
0.0,0.35200536
0.0,0.39955413
0.0,0.41832617
0.0,0.42193162
0.0,0.5158555
0.0,0.40267688
0.0,0.42828786
0.1836734693877542,0.41374987
0.1836734693877559,0.35811988
0.1938775510204067,0.3626359
0.1836734693877577,0.46068674
0.1530612244897948,0.3027317
0.1428571428571423,0.399695
0.1377551020408169,0.42048252
0.1734693877551052,0.42723697
0.1938775510204067,0.34554213
0.2091836734693881,0.44234073
0.6326530612245023,0.37813234
0.5918367346938709,0.4167056
0.5454545454545467,0.4139178
0.5436893203883528,0.3328638
0.5142857142857125,0.41932917
0.4952380952380935,0.429994
0.4952380952380935,0.48324668
0.5238095238095184,0.43769348
0.5619047619047564,0.31930876
0.6190476190476204,0.43782997
1.0,0.44052696
0.9710144927536232,0.39178225
1.0,0.45516098
1.028985507246377,0.43587565
1.0289855072463767,0.42690778
1.0434782608695652,0.51597524
1.028985507246377,0.40348992
1.028985507246377,0.27119136
1.0,0.43242434
0.9130434782608696,0.4634442
0.0,0.4322543
0.0,0.44071248
0.0,0.4325328
0.0,0.3506331
0.0,0.37301272
0.0,0.41914865
0.0,0.43248388
0.0,0.526685
0.0,0.4386381
0.0,0.40664837
0.1836734693877542,0.40657595
0.1938775510204067,0.3370668
0.1836734693877542,0.35420287
0.1530612244897966,0.46434498
0.1428571428571423,0.27354905
0.1377551020408152,0.39868227
0.1734693877551016,0.40763566
0.1938775510204102,0.45715183
0.2091836734693863,0.35168338
0.2806122448979593,0.40919682
0.591836734693878,0.3671823
0.5510204081632608,0.43160677
0.5656565656565675,0.40395936
0.5242718446601913,0.31439644
0.4952380952381006,0.4103738
0.4952380952380935,0.43643636
0.5238095238095184,0.4937394
0.5619047619047564,0.43364164
0.6190476190476204,0.31666613
0.6380952380952323,0.42434245
0.9710144927536232,0.46245897
1.0,0.38053992
1.028985507246377,0.4633596
1.028985507246377,0.41265455
1.0434782608695652,0.43327427
1.028985507246377,0.50271356
1.028985507246377,0.37698108
1.0,0.3005521
0.9130434782608696,0.41186878
0.7681159420289856,0.4587489
0.0,0.4073053
0.0,0.4197814
0.0,0.41501147
0.0,0.34276587
0.0,0.3706994
0.0,0.42758253
0.0,0.4450932
0.0,0.51306355
0.0,0.44763368
0.0,0.41014
0.1938775510204067,0.39569205
0.1836734693877559,0.3391811
0.1530612244897931,0.3148532
0.1428571428571441,0.46606666
0.1377551020408152,0.26270112
0.1734693877551034,0.4465133
0.1938775510204067,0.40009537
0.2091836734693899,0.43090746
0.2806122448979593,0.35402256
0.3367346938775508,0.41001227
0.5510204081632679,0.35572612
0.5714285714285765,0.42162448
0.5454545454545467,0.41449225
0.5048543689320439,0.31608108
0.4952380952381006,0.41295856
0.5238095238095255,0.43090138
0.5619047619047564,0.5049026
0.6190476190476204,0.43253362
0.6380952380952394,0.31040806
0.6380952380952323,0.41443565
1.0,0.4725425
1.028985507246377,0.396754
1.028985507246377,0.45235473
1.0434782608695654,0.4117646
1.0289855072463767,0.42823982
1.028985507246377,0.48744857
1.0,0.37421447
0.9130434782608696,0.31138915
0.7681159420289858,0.415711
0.855072463768116,0.45172024
0.0,0.4051249
0.0,0.4083625
0.0,0.4077439
0.0,0.33927435
0.0,0.3698988
0.0,0.42360282
0.0,0.43812868
0.0,0.5186738
0.0,0.4179614
1.8750000000000284,0.4139785
0.1836734693877542,0.38371295
0.1530612244897948,0.35184994
0.1428571428571423,0.31909576
0.1377551020408205,0.47704145
0.1734693877551016,0.28640032
0.1938775510204067,0.43602318
0.2091836734693863,0.390346
0.2806122448979593,0.41938156
0.3367346938775508,0.3630319
0.3061224489795933,0.42597204
0.5714285714285836,0.34247744
0.5510204081632608,0.42341182
0.525252525252526,0.4303495
0.5048543689320439,0.3317716
0.5238095238095255,0.4241109
0.5619047619047564,0.42410326
0.6190476190476133,0.5264641
0.6380952380952394,0.43565276
0.6380952380952394,0.29254177
0.6095238095238074,0.41114885
1.0289855072463767,0.49283856
1.028985507246377,0.41477326
1.043478260869565,0.4634885
1.028985507246377,0.43240947
1.0289855072463767,0.43236268
1.0,0.49604177
0.9130434782608692,0.38665852
0.7681159420289854,0.31028906
0.8550724637681162,0.4057992
0.7536231884057971,0.4509353
0.0,0.40491956
0.0,0.40304554
0.0,0.4266433
0.0,0.34957302
0.0,0.37792856
0.0,0.42662522
0.0,0.42528844
0.0,0.52828926
1.874999999999972,0.3998763
0.0,0.42841145
0.1530612244897948,0.37917003
0.1428571428571423,0.36164087
0.1377551020408169,0.32162154
0.1734693877551052,0.48844436
0.1938775510204067,0.29592502
0.2091836734693881,0.4178142
0.2806122448979575,0.37742752
0.3367346938775526,0.40237752
0.3061224489795915,0.3520412
0.4591836734693881,0.436196
0.5510204081632679,0.35413736
0.5306122448979593,0.43338722
0.525252525252526,0.43369442
0.533980582524265,0.3270517
0.5619047619047564,0.4249557
0.6190476190476204,0.41707975
0.6380952380952465,0.5420042
0.6380952380952394,0.44024968
0.6095238095238074,0.29666287
0.5904761904761884,0.41544637
1.0289855072463767,0.512849
1.0434782608695652,0.41471642
1.028985507246377,0.4758626
1.028985507246377,0.44391203
1.0,0.43402532
0.9130434782608696,0.50821596
0.7681159420289849,0.40116554
0.8550724637681157,0.29272538
0.7536231884057971,0.39756864
0.5217391304347825,0.4505347
0.0,0.40449446
0.0,0.4029343
0.0,0.4311812
0.0,0.36926562
0.0,0.3834883
0.0,0.44021785
0.0,0.40610945
1.8750000000000144,0.54804486
0.0,0.4070859
0.0,0.4431181
0.1428571428571423,0.35742846
0.1377551020408152,0.3598461
0.1734693877551016,0.32583874
0.1938775510204102,0.48842123
0.2091836734693863,0.27685404
0.2806122448979593,0.42859825
0.3367346938775508,0.37090415
0.3061224489795933,0.3996592
0.4591836734693864,0.3230091
0.6122448979591848,0.43785715
0.5306122448979735,0.33970746
0.5306122448979593,0.43744478
0.5555555555555571,0.43314436
0.572815533980588,0.32167166
0.6190476190476204,0.41497982
0.6380952380952323,0.4289677
0.6380952380952465,0.53283906
0.6095238095238003,0.43304664
0.5904761904761955,0.28496057
0.5428571428571374,0.4218988
1.0434782608695652,0.5060259
1.028985507246377,0.3942069
1.028985507246377,0.4645332
1.0,0.43945083
0.9130434782608696,0.43142194
0.7681159420289856,0.5162408
0.8550724637681157,0.38896134
0.7536231884057969,0.2837918
0.5217391304347827,0.40645173
0.4782608695652173,0.44509804
0.0,0.40244758
0.0,0.40968612
0.0,0.42284134
0.0,0.36075348
0.0,0.3747929
0.0,0.4346762
1.875,0.41484854
0.0,0.5276315
0.0,0.4052261
0.0,0.43295938
0.1377551020408152,0.3754429
0.1734693877551034,0.3494135
0.1938775510204067,0.32256275
0.2091836734693899,0.48455662
0.2806122448979593,0.2626261
0.3367346938775508,0.42478877
0.3061224489795897,0.3836867
0.4591836734693899,0.39773983
0.612244897959183,0.3261394
0.5561224489795915,0.44114855
0.5306122448979735,0.341682
0.5612244897959187,0.4376473
0.5959595959595987,0.43468451
0.6310679611650443,0.32371458
0.6380952380952394,0.40858343
0.6380952380952323,0.42887625
0.6095238095238074,0.5328623
0.5904761904761955,0.4333505
0.5428571428571516,0.2777856
0.4857142857142875,0.42454422
1.0289855072463767,0.5022739
1.028985507246377,0.3812307
1.0,0.4572998
0.9130434782608696,0.43970793
0.7681159420289858,0.43535024
0.855072463768116,0.52370745
0.7536231884057969,0.39395034
0.5217391304347827,0.2772429
0.4782608695652177,0.41009703
0.36231884057971,0.44680578
0.0,0.40367723
0.0,0.42061839
0.0,0.41938907
0.0,0.36340946
0.0,0.37225837
1.8750000000000284,0.42972118
0.0,0.41739327
0.0,0.51893026
0.0,0.40823302
0.0,0.4263916
0.1734693877551016,0.386748
0.1938775510204067,0.34632015
0.2091836734693863,0.330044
0.2806122448979593,0.481552
0.3367346938775508,0.26156038
0.3061224489795933,0.41578978
0.4591836734693864,0.39338285
0.6122448979591866,0.39983848
0.5561224489795933,0.32674724
0.6530612244897966,0.44050336
0.5612244897959258,0.34539476
0.6020408163265287,0.43427444
0.656565656565661,0.43779647
0.6504854368932058,0.3253583
0.6380952380952394,0.40484998
0.6095238095238074,0.42600316
0.5904761904761955,0.5345855
0.5428571428571445,0.43162897
0.4857142857142875,0.27778327
0.4476190476190496,0.42602098
1.0289855072463767,0.4993516
1.0,0.3762901
0.9130434782608692,0.45283303
0.7681159420289854,0.44039267
0.8550724637681162,0.43695572
0.7536231884057971,0.5301091
0.5217391304347827,0.39841253
0.4782608695652173,0.27131954
0.3623188405797104,0.41280526
0.36231884057971,0.44956067
0.0,0.40809238
0.0,0.42788786
0.0,0.41970876
0.0,0.36774492
1.874999999999972,0.37418166
0.0,0.42614603
0.0,0.41666123
0.0,0.51491284
0.0,0.4113752
0.0,0.42366993
0.1938775510204067,0.39295626
0.2091836734693881,0.34620956
0.2806122448979575,0.3396256
0.3367346938775526,0.47933608
0.3061224489795915,0.26404673
0.4591836734693881,0.41016442
0.612244897959183,0.4010503
0.5561224489795933,0.4007536
0.6530612244897949,0.3231986
0.7193877551020407,0.4394052
0.6020408163265358,0.35182014
0.6632653061224545,0.43695003
0.6767676767676818,0.44500774
0.6504854368932058,0.32868612
0.6095238095238074,0.39709044
0.5904761904761884,0.42624897
0.5428571428571516,0.53392535
0.4857142857142875,0.4397011
0.4476190476190567,0.2682349
0.4190476190476175,0.42848384
1.0,0.49765503
0.9130434782608696,0.36898828
0.7681159420289849,0.44563726
0.8550724637681157,0.44268453
0.7536231884057971,0.45092025
0.5217391304347825,0.5422778
0.4782608695652173,0.40711448
0.36231884057971,0.2707489
0.3623188405797104,0.4110299
0.3478260869565219,0.44141793
0.0,0.40836945
0.0,0.43538293
0.0,0.4246745
1.8750000000000144,0.36539155
0.0,0.3746354
0.0,0.4218781
0.0,0.41918692
0.0,0.50253165
0.0,0.41320863
0.0,0.42386052
0.2091836734693863,0.4063242
0.2806122448979593,0.34614936
0.3367346938775508,0.3521092
0.3061224489795933,0.4682014
0.4591836734693864,0.24983068
0.6122448979591848,0.40347192
0.5561224489795915,0.41665247
0.6530612244897984,0.3965146
0.7193877551020407,0.314125
0.6734693877551017,0.4467708
0.6632653061224545,0.346604
0.683673469387756,0.43618232
0.6767676767676818,0.45786303
0.6213592233009706,0.35012385
0.5904761904761955,0.41057786
0.5428571428571374,0.42519617
0.4857142857142875,0.54648715
0.4476190476190496,0.44466648
0.4190476190476175,0.26885578
0.4761904761904745,0.4298525
0.9130434782608696,0.4991398
0.7681159420289856,0.37984276
0.8550724637681157,0.4343211
0.7536231884057969,0.4545913
0.5217391304347827,0.4374532
0.4782608695652173,0.5341051
0.36231884057971,0.40690112
0.36231884057971,0.27179557
0.3478260869565219,0.40768358
0.507246376811594,0.45264864
0.0,0.41913766
0.0,0.44287
1.875,0.4277857
0.0,0.37258935
0.0,0.38318962
0.0,0.41164935
0.0,0.41263914
0.0,0.5004396
0.0,0.393158
0.0,0.4233501
0.2806122448979593,0.41274607
0.3367346938775508,0.34511456
0.3061224489795897,0.35648856
0.4591836734693899,0.47545016
0.612244897959183,0.27094764
0.5561224489795915,0.38921505
0.6530612244897931,0.41221344
0.7193877551020407,0.39304784
0.6734693877551017,0.31617972
0.6224489795918373,0.44698885
0.6836734693877702,0.35499913
0.683673469387756,0.4347886
0.6464646464646364,0.4522835
0.6019417475728233,0.343627
0.5428571428571516,0.40695873
0.4857142857142875,0.42240018
0.4476190476190496,0.53918016
0.4190476190476104,0.4292638
0.4761904761904745,0.28333485
0.5142857142857125,0.43000427
0.7681159420289858,0.49274075
0.855072463768116,0.38503984
0.7536231884057969,0.4490172
0.5217391304347827,0.453961
0.4782608695652177,0.4386878
0.36231884057971,0.5392574
0.36231884057971,0.40887153
0.3478260869565215,0.27839017
0.5072463768115945,0.4076862
0.5507246376811594,0.4534871
0.0,0.41887167
1.8750000000000284,0.43448272
0.0,0.42693618
0.0,0.37548512
0.0,0.38744524
0.0,0.42060494
0.0,0.40954244
0.0,0.5087588
0.0,0.406471
0.0,0.42615402
0.3367346938775508,0.39542127
0.3061224489795933,0.3534085
0.4591836734693864,0.3656311
0.6122448979591866,0.47252247
0.5561224489795933,0.2835798
0.6530612244897966,0.39811316
0.7193877551020407,0.40993246
0.6734693877551035,0.39703676
0.6224489795918355,0.31163108
0.545918367346939,0.44208682
0.6836734693877702,0.35333523
0.6530612244897966,0.42435795
0.6262626262626299,0.44895673
0.5533980582524265,0.33979023
0.4857142857142875,0.39836922
0.4476190476190496,0.42369068
0.4190476190476175,0.538238
0.4761904761904745,0.42674366
0.5142857142857125,0.2894529
0.6190476190476204,0.4320318
0.8550724637681162,0.48830155
0.7536231884057971,0.37152332
0.5217391304347827,0.44245756
0.4782608695652173,0.4369063
0.3623188405797104,0.44872367
0.36231884057971,0.54026705
0.3478260869565215,0.4044903
0.5072463768115942,0.2766436
0.5507246376811596,0.4160539
0.5797101449275364,0.46126682
1.874999999999972,0.41697663
0.0,0.43495136
0.0,0.42896977
0.0,0.37196493
0.0,0.38754547
0.0,0.4176958
0.0,0.41094914
0.0,0.5110109
0.0,0.41570854
0.0,0.42013022
0.3061224489795915,0.40399703
0.4591836734693881,0.34336486
0.612244897959183,0.36663994
0.5561224489795933,0.47060663
0.6530612244897949,0.27974987
0.7193877551020407,0.40682957
0.6734693877550999,0.41553637
0.6224489795918391,0.40727118
0.545918367346939,0.31567168
0.5051020408163271,0.4337482
0.6530612244897966,0.3530615
0.6326530612244881,0.42586708
0.5757575757575921,0.45740852
0.495145631067956,0.35307473
0.4476190476190567,0.39207944
0.4190476190476175,0.42880705
0.4761904761904745,0.547195
0.5142857142857125,0.43266374
0.6190476190476204,0.28396353
0.6952380952380892,0.43216935
0.7536231884057971,0.4923968
0.5217391304347825,0.3723544
0.4782608695652173,0.43909645
0.36231884057971,0.4395152
0.3623188405797104,0.4500131
0.3478260869565219,0.5340352
0.5072463768115938,0.40917888
0.5507246376811596,0.28443632
0.5797101449275364,0.41661507
0.7246376811594202,0.4567586
0.0,0.41236308
0.0,0.43150043
0.0,0.42639452
0.0,0.37315094
0.0,0.39523125
0.0,0.4177036
0.0,0.40946913
0.0,0.5072286
0.0,0.40203255
0.0,0.4295263
0.4591836734693864,0.41204345
0.6122448979591848,0.3461098
0.5561224489795915,0.3685596
0.6530612244897984,0.4733769
0.7193877551020407,0.28568047
0.6734693877551017,0.40123156
0.6224489795918355,0.41790122
0.5459183673469408,0.39608818
0.5051020408163254,0.31866336
0.3520408163265323,0.4450683
0.6326530612245023,0.37132508
0.5816326530612272,0.41173112
0.5151515151515156,0.438911
0.4563106796116614,0.34303108
0.4190476190476175,0.39490262
0.4761904761904745,0.4222659
0.5142857142857125,0.5128657
0.6190476190476204,0.4215559
0.6952380952380963,0.31738138
0.7523809523809462,0.4322033
0.5217391304347827,0.46277767
0.4782608695652173,0.378346
0.36231884057971,0.43557808
0.36231884057971,0.4292115
0.3478260869565219,0.44085863
0.507246376811594,0.5204267
0.5507246376811592,0.40000263
0.5797101449275366,0.27845928
0.7246376811594204,0.43081954
0.826086956521739,0.4518158
0.0,0.4376391
0.0,0.44050258
0.0,0.41987914
0.0,0.38221544
0.0,0.39694774
0.0,0.41635102
0.0,0.40696275
0.0,0.50562346
0.0,0.41869932
0.0,0.42156044
0.612244897959183,0.40329576
0.5561224489795915,0.34817803
0.6530612244897931,0.37661073
0.7193877551020407,0.4688904
0.6734693877551017,0.29137832
0.6224489795918373,0.3970339
0.5459183673469372,0.42314225
0.5051020408163307,0.42011246
0.3520408163265305,0.3286329
0.270408163265305,0.4291671
0.5816326530612344,0.36163512
0.5204081632653086,0.418808
0.474747474747474,0.4434799
0.4271844660194119,0.33724454
0.4761904761904745,0.3939639
0.5142857142857125,0.42960346
0.6190476190476133,0.5180743
0.6952380952380892,0.4227352
0.7523809523809462,0.3079352
0.7714285714285722,0.43017948
0.4782608695652177,0.47232503
0.36231884057971,0.3682615
0.36231884057971,0.43800423
0.3478260869565215,0.42267206
0.5072463768115945,0.43628806
0.5507246376811594,0.5236516
0.5797101449275361,0.38584855
0.72463768115942,0.28610516
0.8260869565217392,0.42390317
0.855072463768116,0.4528536
0.0,0.42409554
0.0,0.43833995
0.0,0.4180668
0.0,0.37034616
0.0,0.39000493
0.0,0.4097619
0.0,0.4166095
0.0,0.5055204
0.0,0.4225755
0.0,0.41542014
0.5561224489795933,0.40280494
0.6530612244897966,0.34593517
0.7193877551020407,0.3551004
0.6734693877551035,0.47045222
0.6224489795918355,0.28908843
0.545918367346939,0.41273922
0.5051020408163254,0.4154618
0.352040816326534,0.4064729
0.2704081632653068,0.33109844
0.2295918367346949,0.42541972
0.5204081632653157,0.3631099
0.4795918367346985,0.4158206
0.4444444444444428,0.43415785
0.4854368932038824,0.33741036
0.5142857142857125,0.39492813
0.6190476190476204,0.42763838
0.6952380952380821,0.5105488
0.7523809523809533,0.42099664
0.7714285714285722,0.32130682
0.7714285714285722,0.42853475
0.3623188405797104,0.47562677
0.36231884057971,0.38124266
0.3478260869565215,0.44343394
0.5072463768115942,0.41565505
0.5507246376811596,0.429438
0.5797101449275364,0.503392
0.7246376811594204,0.37990463
0.8260869565217392,0.29889345
0.8550724637681162,0.42322668
0.8695652173913042,0.45005658
0.0,0.42292994
0.0,0.42264214
0.0,0.4117306
0.0,0.37341276
0.0,0.3993977
0.0,0.4162492
0.0,0.41405416
0.0,0.50885165
0.0,0.41778862
0.0,0.42393982
0.6530612244897949,0.3939032
0.7193877551020407,0.35800415
0.6734693877550999,0.3506725
0.6224489795918391,0.46874905
0.545918367346939,0.30337974
0.5051020408163271,0.42904308
0.3520408163265305,0.41180614
0.2704081632653068,0.39982477
0.2295918367346949,0.33870557
0.2091836734693881,0.4315785
0.4795918367347056,0.35657978
0.4489795918367321,0.41335198
0.5050505050505052,0.44421452
0.5242718446601913,0.3454915
0.6190476190476204,0.40453875
0.6952380952380892,0.4289113
0.7523809523809462,0.5168495
0.7714285714285793,0.41838387
0.7714285714285722,0.31766742
0.8190476190476232,0.42411274
0.3623188405797104,0.47471374
0.3478260869565219,0.38329765
0.5072463768115938,0.44210348
0.5507246376811596,0.4203765
0.5797101449275364,0.43171045
0.7246376811594202,0.5020674
0.8260869565217388,0.38703358
0.8550724637681157,0.30756852
0.8695652173913044,0.41877037
0.8695652173913042,0.45146006
0.0,0.42070717
0.0,0.42160517
0.0,0.4189474
0.0,0.37057084
0.0,0.39646024
0.0,0.41059172
0.0,0.41331106
0.0,0.511915
0.0,0.41127416
0.0,0.4218864
0.7193877551020407,0.4014297
0.6734693877551017,0.35895345
0.6224489795918355,0.35086754
0.5459183673469408,0.47627544
0.5051020408163254,0.3139053
0.3520408163265323,0.41961712
0.270408163265305,0.4070805
0.2295918367346949,0.40220967
0.2091836734693863,0.3432111
0.1887755102040813,0.43290183
0.4489795918367392,0.35970783
0.5102040816326507,0.4124453
0.5454545454545467,0.43907535
0.6310679611650443,0.34011737
0.6952380952380963,0.41312647
0.7523809523809462,0.4146372
0.7714285714285722,0.52261305
0.7714285714285793,0.41397816
0.8190476190476161,0.32574752
0.8285714285714221,0.4253895
0.3478260869565219,0.48193765
0.507246376811594,0.40025312
0.5507246376811592,0.4498006
0.5797101449275366,0.42198402
0.7246376811594204,0.43278384
0.826086956521739,0.5041163
0.8550724637681157,0.39229986
0.8695652173913042,0.30639732
0.8695652173913044,0.41048136
0.9130434782608696,0.45571524
0.0,0.4256792
0.0,0.41652688
0.0,0.42601103
0.0,0.37986708
0.0,0.40301722
0.0,0.41309923
0.0,0.40459532
0.0,0.52307487
0.0,0.41337165
0.0,0.42892435
0.6734693877551017,0.3836431
0.6224489795918373,0.36660162
0.5459183673469372,0.3524728
0.5051020408163307,0.4725203
0.3520408163265305,0.31707808
0.270408163265305,0.42548585
0.2295918367346932,0.39766604
0.2091836734693899,0.4030471
0.1887755102040813,0.3359099
0.1530612244897948,0.4308651
0.5102040816326578,0.35473314
0.5510204081632608,0.40886942
0.656565656565661,0.43714276
0.708737864077662,0.33782724
0.7523809523809462,0.41144052
0.7714285714285722,0.4178905
0.7714285714285722,0.52071613
0.8190476190476161,0.4134671
0.8285714285714292,0.32331297
0.8095238095238102,0.42545164
0.5072463768115945,0.47993624
0.5507246376811594,0.39604375
0.5797101449275361,0.44820422
0.72463768115942,0.4188605
0.8260869565217392,0.43286383
0.855072463768116,0.5029053
0.8695652173913042,0.38885444
0.8695652173913042,0.30698323
0.9130434782608696,0.41191497
0.927536231884058,0.45605892
0.0,0.42358935
0.0,0.41551077
0.0,0.4269195
0.0,0.37786263
0.0,0.40022898
0.0,0.4102187
0.0,0.40501973
0.0,0.51975965
0.0,0.41255224
0.0,0.42531937
0.6224489795918355,0.38893685
0.545918367346939,0.36362842
0.5051020408163254,0.34978673
0.352040816326534,0.47374958
0.2704081632653068,0.31437945
0.2295918367346949,0.42360353
0.2091836734693863,0.39712688
0.1887755102040849,0.40401015
0.1530612244897948,0.34057432
0.1275510204081644,0.43198597
0.5510204081632679,0.3576904
0.6632653061224545,0.4109839
0.7373737373737299,0.435198
0.7669902912621325,0.33651277
0.7714285714285722,0.4093208
0.7714285714285722,0.4167288
0.8190476190476232,0.51975036
0.8285714285714292,0.41385323
0.8095238095238031,0.32295027
0.7619047619047592,0.42473447
0.5507246376811596,0.47985297
0.5797101449275364,0.39266682
0.7246376811594204,0.44533655
0.8260869565217392,0.41868776
0.8550724637681162,0.4338172
0.8695652173913042,0.50272185
0.8695652173913042,0.3917113
0.9130434782608696,0.3059791
0.927536231884058,0.40960196
0.8985507246376812,0.45527425
0.0,0.41998035
0.0,0.41836205
0.0,0.4250612
0.0,0.37972754
0.0,0.39877737
0.0,0.40845528
0.0,0.4075367
0.0,0.5159743
0.0,0.41647083
0.0,0.42401493
0.545918367346939,0.3908346
0.5051020408163271,0.36168906
0.3520408163265305,0.3504088
0.2704081632653068,0.47220472
0.2295918367346949,0.31231672
0.2091836734693881,0.42377025
0.1887755102040831,0.39883175
0.1530612244897966,0.405694
0.1275510204081626,0.34105122
0.1377551020408152,0.430587
0.6632653061224545,0.3602653
0.7448979591836675,0.41311988
0.7979797979798064,0.43429008
0.786407766990294,0.33595464
0.7714285714285722,0.40880147
0.8190476190476232,0.41366693
0.8285714285714363,0.51912606
0.8095238095238031,0.41424385
0.7619047619047592,0.32296544
0.7428571428571331,0.4238353
0.5797101449275364,0.4801542
0.7246376811594202,0.39139023
0.8260869565217388,0.44346964
0.8550724637681157,0.4218094
0.8695652173913044,0.43368584
0.8695652173913042,0.5022782
0.9130434782608692,0.3940668
0.927536231884058,0.30479312
0.8985507246376814,0.4069566
0.9565217391304348,0.45491546
0.0,0.41760552
0.0,0.42190954
0.0,0.42473042
0.0,0.38115174
0.0,0.3985026
0.0,0.40803567
0.0,0.40824732
0.0,0.51466167
0.0,0.41997865
0.0,0.42431268
0.5051020408163254,0.39172316
0.3520408163265323,0.36047164
0.270408163265305,0.35285294
0.2295918367346949,0.47127143
0.2091836734693863,0.31212288
0.1887755102040813,0.42135054
0.1530612244897931,0.400422
0.1275510204081644,0.40692896
0.1377551020408152,0.34197363
0.0918367346938762,0.42792803
0.7448979591836817,0.360226
0.8061224489795933,0.41628882
0.8181818181818272,0.4345213
0.786407766990294,0.33337256
0.8190476190476161,0.40948212
0.8285714285714221,0.4114347
0.8095238095238102,0.51849353
0.7619047619047521,0.4159373
0.7428571428571402,0.32171112
0.7238095238095283,0.42244142
0.7246376811594204,0.48223057
0.826086956521739,0.3906387
0.8550724637681157,0.44270322
0.8695652173913042,0.42637116
0.8695652173913044,0.43206245
0.9130434782608696,0.50413007
0.927536231884058,0.39542115
0.8985507246376812,0.30191198
0.9565217391304348,0.40470135
0.9855072463768118,0.45410115
0.0,0.41578305
0.0,0.4247672
0.0,0.42569217
0.0,0.382089
0.0,0.397229
0.0,0.40808177
0.0,0.408757
0.0,0.5144692
0.0,0.4219485
0.0,0.42440826
0.3520408163265305,0.39214972
0.270408163265305,0.35851943
0.2295918367346932,0.3540972
0.2091836734693899,0.47067678
0.1887755102040813,0.3096683
0.1530612244897948,0.42057893
0.1275510204081609,0.40046284
0.1377551020408205,0.40814474
0.0918367346938762,0.34117946
0.0510204081632661,0.42582077
0.8061224489795933,0.36002696
0.8265306122449019,0.420174
0.8181818181818272,0.43400672
0.8349514563106766,0.33129358
0.8285714285714292,0.40965843
0.8095238095238102,0.41159365
0.7619047619047592,0.5194589
0.7428571428571402,0.41825393
0.7238095238095212,0.31745344
0.7523809523809462,0.42226487
0.8260869565217392,0.48527405
0.855072463768116,0.38846165
0.8695652173913042,0.44423398
0.8695652173913042,0.42801762
0.9130434782608696,0.43224376
0.927536231884058,0.5067537
0.8985507246376812,0.39623594
0.956521739130435,0.29871362
0.9855072463768118,0.40346995
1.0,0.45363367
0.0,0.413515
0.0,0.42622465
0.0,0.42531493
0.0,0.38210416
0.0,0.39601415
0.0,0.40985847
0.0,0.41005853
0.0,0.5144162
0.0,0.42295977
0.0,0.42511147
0.2704081632653068,0.39282057
0.2295918367346949,0.3565656
0.2091836734693863,0.35295424
0.1887755102040849,0.4703688
0.1530612244897948,0.30393177
0.1275510204081644,0.42166293
0.1377551020408169,0.40152442
0.0918367346938797,0.40857956
0.0510204081632661,0.33930326
0.0408163265306118,0.42632365
0.8265306122449019,0.3590094
0.8265306122449019,0.42392957
0.8686868686868792,0.43451488
0.8446601941747645,0.32951406
0.8095238095238031,0.40964136
0.7619047619047592,0.41217244
0.7428571428571331,0.5204753
0.7238095238095283,0.42136306
0.7523809523809462,0.31143144
0.7999999999999972,0.42227435
0.8550724637681162,0.48801392
0.8695652173913042,0.38476318
0.8695652173913042,0.4452925
0.9130434782608696,0.42924875
0.927536231884058,0.43313497
0.8985507246376812,0.50960934
0.9565217391304346,0.39764217
0.985507246376812,0.29506665
1.0,0.4045034
1.0,0.4525275
0.0,0.41113228
0.0,0.42620692
0.0,0.4250481
0.0,0.38098267
0.0,0.39323488
0.0,0.4127684
0.0,0.41249448
0.0,0.51306903
0.0,0.42277288
0.0,0.42470887
0.2295918367346949,0.39559093
0.2091836734693881,0.35363317
0.1887755102040831,0.3510055
0.1530612244897966,0.47118556
0.1275510204081626,0.2955029
0.1377551020408152,0.4225814
0.0918367346938762,0.4031648
0.0510204081632661,0.40853447
0.0408163265306118,0.3372236
0.0459183673469389,0.42775312
0.8265306122449019,0.35548696
0.8775510204081698,0.4263813
0.8787878787878896,0.43471873
0.8252427184466029,0.32865238
0.7619047619047592,0.40793902
0.7428571428571331,0.41491586
0.7238095238095212,0.5222614
0.7523809523809533,0.42482817
0.7999999999999972,0.30354822
0.8571428571428541,0.4226346
0.8695652173913044,0.49056536
0.8695652173913042,0.38055503
0.9130434782608692,0.4460219
0.927536231884058,0.4307276
0.8985507246376814,0.43426028
0.9565217391304348,0.51330435
0.9855072463768116,0.39900833
1.0,0.29091385
1.0,0.40639997
0.8840579710144927,0.4509974
0.0,0.409022
0.0,0.42657232
0.0,0.42412716
0.0,0.37775692
0.0,0.38931757
0.0,0.41629866
0.0,0.41404852
0.0,0.51300925
0.0,0.4206849
0.0,0.42509288
0.2091836734693863,0.39868286
0.1887755102040813,0.35223752
0.1530612244897931,0.34891543
0.1275510204081644,0.47103736
0.1377551020408152,0.28749478
0.0918367346938762,0.42133537
0.0510204081632643,0.40513933
0.0408163265306136,0.4088243
0.0459183673469389,0.33611003
0.1734693877551034,0.43044418
0.8775510204081698,0.35154974
0.8877551020408205,0.4284825
0.8585858585858546,0.43591768
0.7766990291262061,0.32847488
0.7428571428571402,0.4068515
0.7238095238095283,0.4194312
0.7523809523809462,0.5234727
0.8000000000000043,0.4289258
0.8571428571428541,0.29733485
0.885714285714279,0.42285702
0.8695652173913044,0.49365652
0.9130434782608696,0.37728277
0.927536231884058,0.4470878
0.8985507246376812,0.4336469
0.9565217391304348,0.43396163
0.9855072463768118,0.51738995
1.0,0.39926526
1.0,0.28542897
0.8840579710144929,0.4085941
0.5217391304347825,0.4497412
0.0,0.40877137
0.0,0.42803255
0.0,0.42313197
0.0,0.37318343
0.0,0.38507652
0.0,0.41813564
0.0,0.41557646
0.0,0.5143191
0.0,0.4172867
0.0,0.42578864
0.1887755102040813,0.40141946
0.1530612244897948,0.35071573
0.1275510204081609,0.34514654
0.1377551020408205,0.47142872
0.0918367346938762,0.28053975
0.0510204081632661,0.41709724
0.0408163265306118,0.40706062
0.0459183673469425,0.40984073
0.1734693877551016,0.33624217
0.4642857142857135,0.43384793
0.8877551020408276,0.34783006
0.8673469387755119,0.43134263
0.8080808080808168,0.43787006
0.7572815533980446,0.32909918
0.7238095238095212,0.4045478
0.7523809523809462,0.42383537
0.7999999999999972,0.5254725
0.8571428571428541,0.43227062
0.885714285714279,0.2904266
0.847619047619041,0.42289448
0.9130434782608696,0.49693274
0.927536231884058,0.37346104
0.8985507246376812,0.44806933
0.956521739130435,0.43567964
0.9855072463768118,0.43568397
1.0,0.5209799
1.0,0.39883932
0.8840579710144927,0.28035015
0.5217391304347827,0.4115154
0.4202898550724638,0.44765627
0.0,0.40692127
0.0,0.4285368
0.0,0.42271137
0.0,0.3685643
0.0,0.38143313
0.0,0.4203323
0.0,0.4180773
0.0,0.51593256
0.0,0.41411012
0.0,0.4260939
0.1530612244897948,0.4028125
0.1275510204081644,0.34826666
0.1377551020408169,0.3412283
0.0918367346938797,0.4728114
0.0510204081632661,0.27239686
0.0408163265306118,0.41419023
0.0459183673469407,0.407786
0.1734693877551052,0.40829527
0.4642857142857135,0.33565852
0.5816326530612255,0.43736172
0.8673469387755119,0.3444458
0.8163265306122511,0.4335935
0.7878787878787818,0.43985012
0.7378640776699115,0.32970953
0.7523809523809462,0.40211365
0.7999999999999972,0.42807543
0.8571428571428612,0.5283514
0.885714285714279,0.43567288
0.8476190476190482,0.28361708
0.8190476190476232,0.4226319
0.927536231884058,0.49974757
0.8985507246376812,0.36969933
0.9565217391304346,0.44890994
0.985507246376812,0.43666497
1.0,0.43798745
1.0,0.52355224
0.8840579710144927,0.398708
0.5217391304347827,0.277393
0.4202898550724638,0.41454408
0.3478260869565219,0.44588053
0.0,0.40485537
0.0,0.42854318
0.0,0.4226954
0.0,0.36376205
0.0,0.37769768
0.0,0.42269206
0.0,0.42006835
0.0,0.516899
0.0,0.41069525
0.0,0.4252003
0.1275510204081626,0.40451247
0.1377551020408152,0.34593445
0.0918367346938762,0.33798167
0.0510204081632661,0.47420856
0.0408163265306118,0.2650157
0.0459183673469389,0.41142985
0.1734693877551016,0.40778613
0.4642857142857171,0.4066939
0.5816326530612255,0.33547002
0.6632653061224492,0.44058204
0.8163265306122511,0.34209347
0.7959183673469354,0.4357781
0.7676767676767753,0.4415321
0.7669902912621325,0.33072153
0.7999999999999972,0.40100095
0.8571428571428541,0.43123347
0.8857142857142861,0.5309985
0.847619047619041,0.43836933
0.8190476190476161,0.2784499
0.7999999999999972,0.42221352
0.8985507246376814,0.5023757
0.9565217391304348,0.36710927
0.9855072463768116,0.44939035
1.0,0.43772757
1.0,0.44065347
0.8840579710144927,0.5258949
0.5217391304347827,0.39904982
0.4202898550724634,0.27594757
0.3478260869565219,0.41577035
0.2753623188405796,0.44486892
0.0,0.40278083
0.0,0.42897457
0.0,0.42350194
0.0,0.3601075
0.0,0.37512624
0.0,0.42394468
0.0,0.42151693
0.0,0.51656115
0.0,0.40802175
0.0,0.4241278
0.1377551020408152,0.40615842
0.0918367346938762,0.344086
0.0510204081632643,0.3360757
0.0408163265306136,0.4743694
0.0459183673469389,0.25964582
0.1734693877551034,0.40924412
0.4642857142857135,0.408036
0.5816326530612255,0.40575758
0.6632653061224492,0.3349678
0.7704081632653068,0.44332862
0.7959183673469425,0.34091574
0.7755102040816411,0.4371151
0.7979797979798064,0.4427
0.8155339805825292,0.33168483
0.8571428571428541,0.4003857
0.885714285714279,0.43289647
0.8476190476190482,0.5330198
0.8190476190476161,0.44075117
0.7999999999999972,0.27473414
0.7619047619047592,0.42186868
0.9565217391304348,0.5036863
0.9855072463768118,0.3658706
1.0,0.44890648
1.0,0.43972495
0.8840579710144929,0.44293657
0.5217391304347825,0.5277806
0.4202898550724634,0.40003765
0.3478260869565215,0.27483016
0.2753623188405796,0.41601798
0.1884057971014492,0.44436333
0.0,0.4017126
0.0,0.42984116
0.0,0.42453575
0.0,0.35772848
0.0,0.37377062
0.0,0.4241271
0.0,0.42215842
0.0,0.51631176
0.0,0.40649262
0.0,0.4231268
0.0918367346938762,0.40778533
0.0510204081632661,0.34272075
0.0408163265306118,0.33565867
0.0459183673469425,0.47461402
0.1734693877551016,0.2562967
0.4642857142857135,0.40684447
0.5816326530612255,0.40839916
0.6632653061224492,0.40476778
0.770408163265305,0.33390224
0.8265306122448983,0.44520634
0.7755102040816411,0.34118104
0.8061224489795933,0.43814564
0.8484848484848442,0.44360232
0.8737864077669855,0.3323493
0.885714285714279,0.40087637
0.847619047619041,0.43378812
0.8190476190476232,0.5348665
0.8000000000000043,0.4425896
0.7619047619047592,0.27303618
0.7047619047619023,0.422407
0.9855072463768118,0.5043739
1.0,0.365472
1.0,0.44809297
0.8840579710144927,0.44226205
0.5217391304347827,0.44387618
0.4202898550724638,0.530079
0.3478260869565215,0.40140885
0.2753623188405796,0.27354282
0.1884057971014492,0.41519526
0.0434782608695654,0.44390598
0.0,0.4018406
0.0,0.43186557
0.0,0.42476124
0.0,0.35765716
0.0,0.37332866
0.0,0.42357862
0.0,0.42143792
0.0,0.51522803
0.0,0.40523088
0.0,0.42238092
0.0510204081632661,0.40853515
0.0408163265306118,0.34206116
0.0459183673469407,0.3364758
0.1734693877551052,0.4752288
0.4642857142857135,0.2546949
0.5816326530612255,0.40412587
0.6632653061224474,0.409238
0.7704081632653068,0.40495872
0.8265306122448965,0.3322402
0.9132653061224508,0.446501
0.8061224489795933,0.34471864
0.8571428571428541,0.43879604
0.9090909090909064,0.4458335
0.9029126213592208,0.3342632
0.8476190476190482,0.4029761
0.8190476190476232,0.43135753
0.7999999999999972,0.5353004
0.7619047619047521,0.44216698
0.7047619047618952,0.27556592
0.6476190476190382,0.42400783
1.0,0.50227004
1.0,0.36738375
0.8840579710144927,0.44496873
0.5217391304347827,0.44590116
0.4202898550724638,0.44252115
0.3478260869565219,0.5321462
0.2753623188405796,0.4028887
0.1884057971014492,0.2726122
0.0434782608695649,0.41366714
0.0289855072463764,0.44332412
0.0,0.40508854
0.0,0.43673944
0.0,0.42438442
0.0,0.36264881
0.0,0.3760833
0.0,0.4197889
0.0,0.41924208
0.0,0.50973356
0.0,0.40426975
0.0,0.42159736
0.0408163265306118,0.4088376
0.0459183673469389,0.3423813
0.1734693877551016,0.34245068
0.4642857142857171,0.47523275
0.5816326530612255,0.25804913
0.6632653061224492,0.3996904
0.770408163265305,0.4119214
0.8265306122448983,0.40465114
0.9132653061224492,0.32915148
0.9489795918367356,0.44568783
0.8571428571428683,0.34772167
0.91836734693878,0.437811
0.9393939393939376,0.44853032
0.8640776699029118,0.3357225
0.8190476190476161,0.40271407
0.7999999999999972,0.42858762
0.7619047619047592,0.536556
0.7047619047619023,0.4403937
0.6476190476190453,0.2764231
0.5619047619047564,0.42703235
1.0,0.49870133
0.8840579710144927,0.37091297
0.5217391304347827,0.44257277
0.4202898550724634,0.4481375
0.3478260869565219,0.4423494
0.2753623188405796,0.5344322
0.1884057971014492,0.40372935
0.0434782608695645,0.2717121
0.0289855072463769,0.4133088
-0.0724637681159423,0.4424638
0.0,0.40811718
0.0,0.4397552
0.0,0.4241549
0.0,0.36773166
0.0,0.38002568
0.0,0.41857064
0.0,0.41618595
0.0,0.5049386
0.0,0.4031314
0.0,0.42331925
0.0459183673469389,0.40763205
0.1734693877551034,0.343758
0.4642857142857135,0.3493191
0.5816326530612255,0.47510114
0.6632653061224492,0.2621658
0.7704081632653068,0.39755148
0.8265306122448965,0.41392753
0.9132653061224508,0.4008324
0.948979591836734,0.32372332
0.9948979591836746,0.44517207
0.91836734693878,0.34996068
0.948979591836732,0.43478835
0.8989898989898961,0.44909075
0.8349514563106766,0.33596253
0.7999999999999972,0.400649
0.7619047619047592,0.4293663
0.7047619047619094,0.53663814
0.6476190476190453,0.4372573
0.5619047619047564,0.27890685
0.5142857142857125,0.42954624
0.8840579710144929,0.4941554
0.5217391304347825,0.3729229
0.4202898550724634,0.44167137
0.3478260869565215,0.44476312
0.2753623188405796,0.44484946
0.1884057971014492,0.5337401
0.0434782608695645,0.4032689
0.0289855072463769,0.2729525
-0.0724637681159419,0.41528693
0.1159420289855073,0.4422288
0.0,0.4110199
0.0,0.44028237
0.0,0.42174008
0.0,0.37048727
0.0,0.38418418
0.0,0.4206484
0.0,0.41257823
0.0,0.5006925
0.0,0.4020517
0.0,0.42635313
0.1734693877551016,0.40637413
0.4642857142857135,0.34599715
0.5816326530612255,0.3543432
0.6632653061224492,0.4738177
0.770408163265305,0.26702917
0.8265306122448983,0.39887583
0.9132653061224474,0.41752866
0.9489795918367356,0.39933068
0.9948979591836729,0.3200369
0.8979591836734695,0.44556177
0.9489795918367392,0.35143766
0.908163265306122,0.42997277
0.8686868686868792,0.4498078
0.8155339805825292,0.33710146
0.7619047619047592,0.3984683
0.7047619047619023,0.42917833
0.6476190476190382,0.5372194
0.5619047619047564,0.43161988
0.5142857142857125,0.28394058
0.5333333333333385,0.431055
0.5217391304347827,0.49031714
0.4202898550724638,0.374066
0.3478260869565215,0.4417253
0.2753623188405796,0.4383591
0.1884057971014492,0.44784766
0.0434782608695654,0.53152674
0.0289855072463764,0.4006473
-0.0724637681159423,0.27530766
0.1159420289855073,0.41847593
0.1594202898550727,0.44460356
0.0,0.41568312
0.0,0.43986052
0.0,0.41999096
0.0,0.37226698
0.0,0.39025187
0.0,0.4220458
0.0,0.40989602
0.0,0.4991162
0.0,0.401948
0.0,0.42894724
0.4642857142857135,0.40492663
0.5816326530612255,0.3484366
0.6632653061224474,0.3586589
0.7704081632653068,0.47237453
0.8265306122448965,0.27319643
0.9132653061224508,0.4015388
0.948979591836734,0.42178914
0.9948979591836746,0.39779952
0.8979591836734677,0.3181848
0.7295918367346932,0.44564083
0.9081632653061292,0.35106972
0.8775510204081698,0.42396435
0.8484848484848442,0.45023215
0.7766990291262061,0.33920345
0.7047619047618952,0.39778873
0.6476190476190382,0.42833874
0.5619047619047564,0.53543466
0.5142857142857125,0.42808887
0.5333333333333385,0.2902652
0.5619047619047564,0.43108037
0.4202898550724638,0.48649144
0.3478260869565219,0.3756527
0.2753623188405796,0.44086015
0.1884057971014492,0.43484598
0.0434782608695649,0.44628125
0.0289855072463764,0.52617896
-0.0724637681159419,0.3965151
0.1159420289855068,0.27805454
0.1594202898550727,0.42252937
0.1304347826086958,0.44662
0.0,0.42205676
0.0,0.4388323
0.0,0.41981342
0.0,0.37340507
0.0,0.3957835
0.0,0.42236614
0.0,0.4068612
0.0,0.5023012
0.0,0.40120637
0.0,0.43084964
0.5816326530612255,0.40390465
0.6632653061224492,0.3505742
0.770408163265305,0.36155406
0.8265306122448983,0.47209275
0.9132653061224492,0.28137383
0.9489795918367356,0.40249115
0.9948979591836729,0.42382964
0.8979591836734695,0.39680895
0.7295918367346932,0.31966805
0.7653061224489797,0.44392735
0.8775510204081698,0.35188997
0.8571428571428541,0.41804358
0.8080808080808168,0.4507622
0.7184466019417499,0.3411706
0.6476190476190453,0.39687133
0.5619047619047564,0.42840287
0.5142857142857125,0.5340581
0.5333333333333314,0.42710295
0.5619047619047564,0.29683656
0.5999999999999943,0.43108395
0.3478260869565219,0.4841793
0.2753623188405796,0.37670282
0.1884057971014492,0.43898684
0.0434782608695645,0.43171683
0.0289855072463769,0.4447853
-0.0724637681159423,0.5208056
0.1159420289855073,0.391826
0.1594202898550722,0.28263637
0.1304347826086958,0.42682058
0.2608695652173911,0.44779876
0.0,0.42805478
0.0,0.4386939
0.0,0.41963443
0.0,0.37547514
0.0,0.40229014
0.0,0.4194323
0.0,0.40460554
0.0,0.50605625
0.0,0.39993903
0.0,0.43209964
0.6632653061224492,0.40270877
0.7704081632653068,0.35223943
0.8265306122448965,0.36233303
0.9132653061224508,0.472285
0.948979591836734,0.28974563
0.9948979591836746,0.40302724
0.8979591836734677,0.4237733
0.729591836734695,0.39518696
0.7653061224489797,0.32238966
0.6275510204081627,0.44237846
0.8571428571428683,0.3555177
0.8163265306122511,0.41475374
0.7474747474747545,0.4532472
0.6601941747572795,0.3444796
0.5619047619047564,0.39821124
0.5142857142857125,0.42868033
0.5333333333333314,0.5288413
0.5619047619047564,0.42626882
0.5999999999999943,0.30635408
0.6380952380952323,0.4318558
0.2753623188405796,0.48036325
0.1884057971014492,0.37896627
0.0434782608695645,0.4393302
0.0289855072463769,0.42840832
-0.0724637681159419,0.44086057
0.1159420289855073,0.5151439
0.1594202898550722,0.3893801
0.1304347826086953,0.28801194
0.2608695652173916,0.4305236
0.4347826086956523,0.44446892
0.0,0.4324903
0.0,0.43656313
0.0,0.421354
0.0,0.3770514
0.0,0.4062223
0.0,0.4181253
0.0,0.40349492
0.0,0.5053519
0.0,0.3997864
0.0,0.43156746
0.770408163265305,0.4029381
0.8265306122448983,0.35261923
0.9132653061224474,0.36560842
0.9489795918367356,0.47220325
0.9948979591836729,0.2962753
0.8979591836734695,0.40599245
0.7295918367346932,0.42440024
0.7653061224489797,0.39487377
0.6275510204081627,0.32528922
0.5051020408163271,0.442051
0.8163265306122511,0.3612821
0.7551020408163254,0.41109762
0.686868686868678,0.4566368
0.572815533980588,0.34831643
0.5142857142857125,0.39929613
0.5333333333333385,0.42854995
0.5619047619047564,0.5227522
0.5999999999999943,0.42476422
0.6380952380952394,0.31725892
0.7238095238095283,0.4334199
0.1884057971014492,0.47542202
0.0434782608695654,0.3810452
0.0289855072463764,0.4384587
-0.0724637681159423,0.4234383
0.1159420289855073,0.43666482
0.1594202898550727,0.5096521
0.1304347826086958,0.38684073
0.2608695652173911,0.294529
0.4347826086956523,0.43313572
0.5652173913043477,0.4425723
0.0,0.43689558
0.0,0.43486446
0.0,0.42365977
0.0,0.37958226
0.0,0.41165936
0.0,0.41356632
0.0,0.4024271
0.0,0.5039431
0.0,0.40055364
0.0,0.43000332
0.8265306122448965,0.4055344
0.9132653061224508,0.35381964
0.948979591836734,0.36885405
0.9948979591836746,0.47058558
0.8979591836734677,0.30462426
0.7295918367346932,0.4106577
0.7653061224489797,0.42575824
0.6275510204081645,0.39510435
0.5051020408163254,0.3287112
0.4387755102040831,0.4412328
0.7551020408163254,0.36518678
0.6938775510204067,0.4072845
0.5959595959595987,0.45790407
0.5242718446601913,0.35069877
0.5333333333333385,0.4027121
0.5619047619047564,0.4285571
0.5999999999999943,0.51787055
0.6380952380952394,0.42130324
0.7238095238095212,0.3281416
0.7809523809523782,0.43422583
0.0434782608695649,0.47232103
0.0289855072463764,0.38425496
-0.0724637681159419,0.43989366
0.1159420289855068,0.4178443
0.1594202898550727,0.43224654
0.1304347826086958,0.50273913
0.2608695652173911,0.3834473
0.4347826086956519,0.30163684
0.5652173913043479,0.4333036
0.6231884057971016,0.44531092
0.0,0.44013992
0.0,0.4332613
0.0,0.42580086
0.0,0.38229108
0.0,0.4185267
0.0,0.4093163
0.0,0.40102786
0.0,0.5065806
0.0,0.4032052
0.0,0.4307478
0.9132653061224492,0.4076909
0.9489795918367356,0.35584068
0.9948979591836729,0.36864275
0.8979591836734695,0.46878234
0.7295918367346932,0.3142644
0.7653061224489797,0.4174257
0.6275510204081609,0.42614362
0.5051020408163307,0.39539558
0.4387755102040813,0.3328447
0.408163265306122,0.43907353
0.6938775510204138,0.3681598
0.6020408163265287,0.40230063
0.5454545454545467,0.45665202
0.5436893203883528,0.34963015
0.5619047619047564,0.40504658
0.5999999999999943,0.42708653
0.6380952380952465,0.5134998
0.7238095238095283,0.4167423
0.7809523809523853,0.33751544
0.8285714285714221,0.43424067
0.0289855072463769,0.46964484
-0.0724637681159423,0.388927
0.1159420289855073,0.44231856
0.1594202898550722,0.41390902
0.1304347826086958,0.43087873
0.2608695652173911,0.5000524
0.4347826086956519,0.38264206
0.5652173913043481,0.3079491
0.6231884057971016,0.43343332
0.681159420289855,0.45113978
0.0,0.4410052
0.0,0.43040642
0.0,0.4305373
0.0,0.38394532
0.0,0.42331466
0.0,0.4030163
0.0,0.40073052
0.0,0.51013184
0.0,0.40670115
0.0,0.43036157
0.948979591836734,0.40683234
0.9948979591836746,0.35954317
0.8979591836734677,0.36607885
0.729591836734695,0.46660012
0.7653061224489797,0.32240728
0.6275510204081627,0.42362714
0.5051020408163254,0.42433408
0.4387755102040849,0.39972335
0.408163265306122,0.3377978
0.3928571428571423,0.43697473
0.6020408163265358,0.370501
0.5510204081632608,0.3982388
0.5656565656565675,0.45349118
0.572815533980588,0.34824273
0.5999999999999943,0.40923592
0.6380952380952323,0.4206827
0.7238095238095212,0.511327
0.7809523809523782,0.41103944
0.8285714285714292,0.3458349
0.885714285714279,0.4330408
-0.0724637681159419,0.46981844
0.1159420289855073,0.39462838
0.1594202898550722,0.44286633
0.1304347826086953,0.4124594
0.2608695652173916,0.43182895
0.4347826086956523,0.49777624
0.5652173913043477,0.3847465
0.6231884057971016,0.31463513
0.6811594202898552,0.4304367
0.7681159420289856,0.4576393
0.0,0.44161552
0.0,0.42927966
0.0,0.43563753
0.0,0.38648006
0.0,0.42729324
0.0,0.39476815
0.0,0.4022436
0.0,0.5104214
0.0,0.4106033
0.0,0.4276893
0.9948979591836729,0.405819
0.8979591836734695,0.3644067
0.7295918367346932,0.36611974
0.7653061224489797,0.46294397
0.6275510204081627,0.3322925
0.5051020408163271,0.4265832
0.4387755102040795,0.42242166
0.4081632653061255,0.40274292
0.3928571428571423,0.3416403
0.362244897959183,0.43320346
0.5510204081632679,0.37241358
0.5714285714285765,0.39570305
0.5959595959595987,0.4498791
0.6116504854368827,0.34798822
0.6380952380952394,0.4147212
0.7238095238095283,0.41498333
0.7809523809523853,0.50867105
0.8285714285714292,0.40897232
0.885714285714279,0.35160902
0.885714285714279,0.43152696
0.1159420289855073,0.47111917
0.1594202898550727,0.40038052
0.1304347826086958,0.44373134
0.2608695652173911,0.41503593
0.4347826086956523,0.43045753
0.5652173913043477,0.4961292
0.6231884057971011,0.38972524
0.681159420289855,0.31844506
0.7681159420289858,0.4252983
0.7681159420289856,0.46025315
0.0,0.4396459
0.0,0.42852333
0.0,0.4406515
0.0,0.38739988
0.0,0.42708817
0.0,0.39080516
0.0,0.4025482
0.0,0.5106573
0.0,0.41455963
0.0,0.42354047
0.8979591836734677,0.40354666
0.7295918367346932,0.36796084
0.7653061224489797,0.3667777
0.6275510204081645,0.46141016
0.5051020408163254,0.33999377
0.4387755102040831,0.4268656
0.408163265306122,0.41900358
0.3928571428571441,0.40706542
0.362244897959183,0.34590387
0.3520408163265323,0.42952788
0.5714285714285836,0.37265596
0.6020408163265287,0.39381683
0.636363636363626,0.44575873
0.6504854368932058,0.34553134
0.7238095238095212,0.41677392
0.7809523809523782,0.41016567
0.8285714285714363,0.51123184
0.885714285714279,0.40837976
0.885714285714279,0.35218182
0.8571428571428541,0.42843193
0.1594202898550727,0.47494537
0.1304347826086958,0.40166715
0.2608695652173911,0.44395414
0.4347826086956519,0.41276935
0.5652173913043479,0.43246055
0.6231884057971016,0.49457783
0.681159420289855,0.39518455
0.7681159420289854,0.32233053
0.7681159420289858,0.42147583
0.7536231884057971,0.462367
0.0,0.4325729
0.0,0.42518786
0.0,0.44390163
0.0,0.38649172
0.0,0.42496336
0.0,0.389716
0.0,0.40468705
0.0,0.5097947
0.0,0.41725874
0.0,0.42070264
0.7295918367346932,0.40150228
0.7653061224489797,0.36991942
0.6275510204081609,0.3646473
0.5051020408163307,0.46099544
0.4387755102040813,0.3419563
0.408163265306122,0.43010187
0.3928571428571423,0.41455168
0.3622448979591866,0.40907434
0.3520408163265305,0.3483789
0.3367346938775508,0.42735186
0.6020408163265358,0.3724609
0.6428571428571388,0.39317954
0.6767676767676818,0.44038153
0.7378640776699115,0.34147495
0.7809523809523853,0.41767812
0.8285714285714221,0.4059734
0.8857142857142861,0.51138437
0.885714285714279,0.4070943
0.8571428571428541,0.35433322
0.7523809523809462,0.42560622
0.1304347826086958,0.4770682
0.2608695652173911,0.40203705
0.4347826086956519,0.44401023
0.5652173913043481,0.41118243
0.6231884057971016,0.43377152
0.681159420289855,0.4932438
0.7681159420289849,0.39884973
0.7681159420289854,0.32416967
0.7536231884057971,0.4168526
0.826086956521739,0.46286753
0.0,0.42652428
0.0,0.42457396
0.0,0.443165
0.0,0.38624677
0.0,0.42233354
0.0,0.38937426
0.0,0.405694
0.0,0.50868607
0.0,0.42059866
0.0,0.41857827
0.7653061224489797,0.39771476
0.6275510204081627,0.37281397
0.5051020408163254,0.363537
0.4387755102040849,0.46052593
0.408163265306122,0.34459716
0.3928571428571423,0.43034953
0.362244897959183,0.41114232
0.352040816326534,0.4132932
0.3367346938775508,0.35098186
0.2908163265306118,0.42481062
0.6428571428571388,0.3724482
0.683673469387756,0.3934023
0.7676767676767753,0.43617463
0.7961165048543677,0.3380418
0.8285714285714292,0.4183984
0.885714285714279,0.40127555
0.8857142857142861,0.51169664
0.8571428571428541,0.4076458
0.7523809523809462,0.35593602
0.6952380952380892,0.42272836
0.2608695652173916,0.47768104
0.4347826086956523,0.4040228
0.5652173913043477,0.4439785
0.6231884057971016,0.41230014
0.6811594202898552,0.43380845
0.7681159420289856,0.49481237
0.7681159420289849,0.4022276
0.7536231884057969,0.32453758
0.8260869565217392,0.4113938
0.8840579710144927,0.46192268
0.0,0.42224205
0.0,0.4238488
0.0,0.44114146
0.0,0.38774323
0.0,0.4203666
0.0,0.38887918
0.0,0.405338
0.0,0.50741583
0.0,0.4240948
0.0,0.41741806
0.6275510204081627,0.39366898
0.5051020408163271,0.37403667
0.4387755102040795,0.36371467
0.4081632653061255,0.4610533
0.3928571428571423,0.34655547
0.362244897959183,0.42812133
0.3520408163265305,0.40738815
0.3367346938775526,0.41611093
0.2908163265306118,0.35153833
0.2653061224489796,0.42178118
0.6836734693877702,0.3709579
0.7755102040816411,0.39642975
0.8282828282828376,0.4329028
0.8446601941747645,0.33546233
0.885714285714279,0.41860116
0.885714285714279,0.40119973
0.8571428571428612,0.51335436
0.7523809523809533,0.40889293
0.6952380952380963,0.35369775
0.7809523809523782,0.42094925
0.4347826086956523,0.48127615
0.5652173913043477,0.40343148
0.6231884057971011,0.4445198
0.681159420289855,0.41435543
0.7681159420289858,0.4326748
0.7681159420289856,0.49523076
0.7536231884057969,0.40259308
0.8260869565217392,0.3234774
0.8840579710144929,0.40462
0.8695652173913042,0.4621629
0.0,0.41832495
0.0,0.42504394
0.0,0.43758965
0.0,0.38941655
0.0,0.41833594
0.0,0.3904928
0.0,0.40428516
0.0,0.50957406
0.0,0.42598417
0.0,0.42021248
0.5051020408163254,0.3914831
0.4387755102040831,0.37369612
0.408163265306122,0.36148128
0.3928571428571441,0.46175236
0.362244897959183,0.34446955
0.3520408163265323,0.4272489
0.3367346938775508,0.40422022
0.2908163265306172,0.4171217
0.2653061224489796,0.35020798
0.2448979591836728,0.4211674
0.7755102040816411,0.3729457
0.8367346938775526,0.4018968
0.8787878787878896,0.4315453
0.9029126213592208,0.33316106
0.885714285714279,0.41729334
0.8571428571428541,0.40066123
0.7523809523809462,0.51311255
0.6952380952380892,0.41187245
0.7809523809523853,0.34924656
0.847619047619041,0.42121089
0.5652173913043479,0.48109162
0.6231884057971016,0.40037972
0.681159420289855,0.44265473
0.7681159420289854,0.41755804
0.7681159420289858,0.43423015
0.7536231884057971,0.49499202
0.8260869565217388,0.40293074
0.8840579710144927,0.31938812
0.8695652173913044,0.40214357
0.826086956521739,0.45940542
0.0,0.41656846
0.0,0.42612854
0.0,0.43425727
0.0,0.39081183
0.0,0.41390252
0.0,0.39489537
0.0,0.40513203
0.0,0.5084763
0.0,0.42866
0.0,0.42086563
0.4387755102040813,0.3904439
0.408163265306122,0.36949357
0.3928571428571423,0.35974184
0.3622448979591866,0.46442112
0.3520408163265305,0.33484298
0.3367346938775508,0.42730442
0.2908163265306118,0.40235257
0.2653061224489832,0.41686785
0.244897959183671,0.34647566
0.2806122448979593,0.42098814
0.8367346938775597,0.37421826
0.8877551020408205,0.40793568
0.9393939393939376,0.42932534
0.9029126213592208,0.33295444
0.8571428571428541,0.41457605
0.7523809523809462,0.4031499
0.6952380952380821,0.5130753
0.7809523809523782,0.41604102
0.8476190476190482,0.3417555
0.8666666666666671,0.4228542
0.6231884057971016,0.47909158
0.681159420289855,0.39540052
0.7681159420289849,0.4407361
0.7681159420289854,0.41990632
0.7536231884057971,0.43565997
0.826086956521739,0.49489063
0.8840579710144927,0.40237483
0.8695652173913042,0.31505132
0.8260869565217392,0.40052554
0.6666666666666667,0.45584586
0.0,0.41420025
0.0,0.42776802
0.0,0.4294433
0.0,0.39058325
0.0,0.40947706
0.0,0.4003564
0.0,0.40623656
0.0,0.5065812
0.0,0.4293757
0.0,0.42275357
0.408163265306122,0.39215943
0.3928571428571423,0.36484286
0.362244897959183,0.3573928
0.352040816326534,0.4657159
0.3367346938775508,0.32406467
0.2908163265306118,0.426052
0.2653061224489796,0.40209764
0.2448979591836746,0.41386548
0.2806122448979593,0.34355107
0.3775510204081627,0.42179617
0.8877551020408276,0.3711893
0.948979591836732,0.41405857
0.9393939393939376,0.4306276
0.8737864077669855,0.33358842
0.7523809523809462,0.41389945
0.6952380952380892,0.4073969
0.7809523809523853,0.51327604
0.847619047619041,0.4192499
0.8666666666666671,0.33509144
0.9047619047619052,0.42324167
0.6811594202898552,0.4802531
0.7681159420289856,0.39178678
0.7681159420289849,0.44032726
0.7536231884057969,0.42465657
0.8260869565217392,0.4336785
0.8840579710144927,0.49705127
0.8695652173913042,0.39968508
0.8260869565217392,0.30972996
0.6666666666666667,0.3995279
0.3913043478260869,0.45301896
0.0,0.4145002
0.0,0.4307714
0.0,0.4264684
0.0,0.38914642
0.0,0.4069208
0.0,0.4026069
0.0,0.40753615
0.0,0.5064719
0.0,0.4262742
0.0,0.42520824
0.3928571428571423,0.3942649
0.362244897959183,0.36228785
0.3520408163265305,0.3548478
0.3367346938775526,0.46710294
0.2908163265306118,0.31728375
0.2653061224489796,0.4230797
0.2448979591836728,0.4038505
0.2806122448979593,0.41158152
0.3775510204081627,0.3426798
0.6020408163265305,0.42430863
0.9489795918367392,0.36661392
0.948979591836732,0.4194983
0.9090909090909064,0.4329409
0.7669902912621325,0.33398172
0.6952380952380963,0.41225198
0.7809523809523782,0.41184774
0.8476190476190482,0.51361203
0.8666666666666671,0.42237034
0.9047619047619052,0.32625574
0.9047619047619052,0.42350712
0.7681159420289858,0.48280272
0.7681159420289856,0.38886178
0.7536231884057969,0.4419542
0.8260869565217392,0.4275867
0.8840579710144929,0.4320437
0.8695652173913042,0.501258
0.8260869565217388,0.39624643
0.6666666666666665,0.30241245
0.3913043478260873,0.40145865
0.2753623188405796,0.44919896
0.0,0.41426688
0.0,0.43089655
0.0,0.42386606
0.0,0.38685018
0.0,0.40340522
0.0,0.4061562
0.0,0.40927404
0.0,0.5092343
0.0,0.42373505
0.0,0.42653623
0.362244897959183,0.39400247
0.3520408163265323,0.35926244
0.3367346938775508,0.3524857
0.2908163265306172,0.4694913
0.2653061224489796,0.30843988
0.2448979591836728,0.42161843
0.2806122448979575,0.4044235
0.3775510204081662,0.40845746
0.6020408163265305,0.34135848
0.6989795918367356,0.4272849
0.9489795918367392,0.36109832
0.91836734693878,0.42315084
0.7979797979798064,0.4347274
0.708737864077662,0.33350122
0.7809523809523853,0.40978992
0.847619047619041,0.41718334
0.8666666666666742,0.51545715
0.9047619047619052,0.4244784
0.9047619047619052,0.31748396
0.8666666666666671,0.42380556
0.7681159420289858,0.48586467
0.7536231884057971,0.3840897
0.8260869565217388,0.44449422
0.8840579710144927,0.42780554
0.8695652173913044,0.43226668
0.826086956521739,0.50560236
0.6666666666666665,0.39422292
0.3913043478260865,0.29619557
0.2753623188405796,0.40557948
0.1739130434782607,0.44639462
0.0,0.41284817
0.0,0.42961928
0.0,0.4220581
0.0,0.38160676
0.0,0.3982507
0.0,0.41148224
0.0,0.41145957
0.0,0.513359
0.0,0.42126054
0.0,0.4271247
0.3520408163265305,0.39563423
0.3367346938775508,0.3562726
0.2908163265306118,0.34888935
0.2653061224489832,0.47238216
0.244897959183671,0.29777408
0.2806122448979593,0.42093977
0.3775510204081627,0.40626556
0.6020408163265323,0.40717328
0.6989795918367339,0.34095162
0.7755102040816322,0.43135703
0.91836734693878,0.35631868
0.8061224489795933,0.42621797
0.7373737373737299,0.4374066
0.7961165048543677,0.33280873
0.8476190476190482,0.40765163
0.8666666666666671,0.42197332
0.904761904761898,0.5189648
0.9047619047619052,0.4280461
0.8666666666666671,0.3087331
0.847619047619041,0.4239344
0.7536231884057971,0.48845714
0.826086956521739,0.378757
0.8840579710144927,0.44562855
0.8695652173913042,0.43064192
0.8260869565217392,0.43197876
0.6666666666666667,0.50979257
0.3913043478260869,0.39487725
0.2753623188405796,0.29096973
0.1739130434782612,0.41015995
0.0869565217391303,0.44525835
0.0,0.4117791
0.0,0.4304616
0.0,0.42131618
0.0,0.3762424
0.0,0.39302304
0.0,0.4157191
0.0,0.41276333
0.0,0.51582855
0.0,0.4175892
0.0,0.4274001
0.3367346938775508,0.3997454
0.2908163265306118,0.35308847
0.2653061224489796,0.3459717
0.2448979591836746,0.474712
0.2806122448979593,0.2895397
0.3775510204081627,0.41826016
0.6020408163265287,0.40810567
0.6989795918367374,0.40748906
0.7755102040816322,0.34041965
0.8367346938775526,0.4347583
0.8061224489795933,0.3525345
0.7448979591836675,0.43013653
0.8282828282828376,0.44046164
0.8640776699029118,0.33404255
0.8666666666666671,0.4059369
0.9047619047619052,0.4252808
0.904761904761898,0.522899
0.8666666666666671,0.4323359
0.8476190476190482,0.29960933
0.8095238095238102,0.42429703
0.8260869565217392,0.49176374
0.8840579710144927,0.37494844
0.8695652173913042,0.4455048
0.8260869565217392,0.4356784
0.6666666666666667,0.43294007
0.3913043478260869,0.5140281
0.2753623188405796,0.396193
0.1739130434782607,0.28772157
0.0869565217391308,0.411908
0.1014492753623188,0.44509712
0.0,0.41054
0.0,0.4314011
0.0,0.42163575
0.0,0.37242538
0.0,0.38933656
0.0,0.4175626
0.0,0.41395134
0.0,0.51763904
0.0,0.4144325
0.0,0.42724094
0.2908163265306118,0.40382257
0.2653061224489796,0.34985277
0.2448979591836728,0.34344873
0.2806122448979593,0.4765402
0.3775510204081627,0.2828973
0.6020408163265305,0.4142426
0.6989795918367339,0.4087644
0.7755102040816322,0.4064953
0.8367346938775508,0.33947098
0.887755102040817,0.43806076
0.7448979591836817,0.35117906
0.8367346938775526,0.43254682
0.8989898989898961,0.44289523
0.8834951456310733,0.3359636
0.9047619047619052,0.4057687
0.9047619047619052,0.42697632
0.8666666666666742,0.5258804
0.847619047619041,0.43418488
0.8095238095238031,0.29511395
0.7428571428571331,0.4251301
0.8840579710144929,0.4937802
0.8695652173913042,0.3734582
0.8260869565217388,0.4444356
0.6666666666666665,0.43995944
0.3913043478260873,0.4340726
0.2753623188405796,0.51803803
0.1739130434782603,0.3975434
0.0869565217391299,0.28475788
0.1014492753623188,0.41145313
0.0434782608695654,0.44616857
0.0,0.41128233
0.0,0.4338084
0.0,0.42143565
0.0,0.3726157
0.0,0.3886022
0.0,0.4164536
0.0,0.4138105
0.0,0.5175363
0.0,0.4121215
0.0,0.42729002
0.2653061224489796,0.40595198
0.2448979591836728,0.34835744
0.2806122448979575,0.34361815
0.3775510204081662,0.47760355
0.6020408163265305,0.28023207
0.6989795918367356,0.41002053
0.7755102040816322,0.4100641
0.8367346938775526,0.40627903
0.887755102040817,0.3370208
0.954081632653061,0.44009438
0.8367346938775597,0.35342824
0.908163265306122,0.43300962
0.9191919191919168,0.4457287
0.9223300970873822,0.33781374
0.9047619047619052,0.4067799
0.8666666666666671,0.42565322
0.8476190476190482,0.52846915
0.8095238095238031,0.43468642
0.7428571428571402,0.2945923
0.6952380952380892,0.42717013
0.8695652173913044,0.49278474
0.826086956521739,0.37422046
0.6666666666666665,0.44195354
0.3913043478260865,0.44388148
0.2753623188405796,0.43438298
0.1739130434782607,0.5212598
0.0869565217391303,0.39956278
0.1014492753623184,0.28254387
0.0434782608695649,0.41193983
0.014492753623188,0.4465485
0.0,0.41487345
0.0,0.43816566
0.0,0.4216112
0.0,0.37640637
0.0,0.3913274
0.0,0.41414613
0.0,0.4120257
0.0,0.51320946
0.0,0.40969747
0.0,0.4269366
0.244897959183671,0.4071962
0.2806122448979593,0.34877905
0.3775510204081627,0.34856838
0.6020408163265323,0.47858247
0.6989795918367339,0.28188396
0.7755102040816322,0.40568334
0.8367346938775508,0.41367444
0.887755102040817,0.4048538
0.9540816326530592,0.33252746
1.0102040816326543,0.4408872
0.9081632653061292,0.3558907
0.9285714285714376,0.4318135
0.9595959595959584,0.44900206
0.9223300970873822,0.3389994
0.8666666666666671,0.406138
0.847619047619041,0.4245118
0.8095238095238102,0.5307673
0.7428571428571402,0.4340585
0.6952380952380963,0.29380766
0.6190476190476204,0.43027303
0.8260869565217392,0.49015737
0.6666666666666667,0.3766017
0.3913043478260869,0.4409806
0.2753623188405796,0.44500902
0.1739130434782612,0.4347515
0.0869565217391303,0.5238829
0.1014492753623184,0.39989176
0.0434782608695645,0.28126693
0.0144927536231889,0.4133002
0.0289855072463764,0.44578528
0.0,0.41864964
0.0,0.44132358
0.0,0.42200106
0.0,0.3790213
0.0,0.39489114
0.0,0.413775
0.0,0.4094034
0.0,0.5094795
0.0,0.40662107
0.0,0.42841318
0.2806122448979593,0.40625414
0.3775510204081627,0.35078022
0.6020408163265287,0.354122
0.6989795918367374,0.47798783
0.7755102040816322,0.2852199
0.8367346938775526,0.4034636
0.8877551020408152,0.4172798
0.954081632653061,0.40093866
1.0102040816326523,0.32663622
1.0,0.44225216
