Actual,Predicted
0.2771084337349379,0.42772323
0.3132530120481931,0.3814877
0.3855421686746894,0.41649765
0.4096385542168548,0.4269631
0.4698795180722754,0.43541917
0.5180722891566347,0.39171487
0.5180722891566205,0.45001072
0.5180722891566205,0.39553174
0.4819277108433795,0.37711388
0.4819277108433653,0.42014915
0.6666666666666665,0.4129988
0.6904761904761907,0.3994806
0.6904761904761907,0.4231797
0.6190476190476177,0.3999321
0.5238095238095237,0.37390554
0.4285714285714288,0.4215019
0.3571428571428567,0.40199843
0.261904761904761,0.41088727
0.2380952380952381,0.42334527
0.3095238095238093,0.3723368
0.0,0.4014702
0.0,0.39773706
0.0,0.36889896
0.0,0.35257342
0.0,0.3589147
0.0,0.41994944
0.0,0.4274936
0.0,0.37628785
0.0,0.4188459
0.0,0.44954512
0.4824561403508767,0.37092647
0.4824561403508767,0.43501353
0.5,0.41215095
0.5526315789473628,0.40951788
0.622807017543856,0.40256625
0.7017543859649109,0.38562468
0.8157894736842088,0.43604162
0.8859649122807021,0.3445913
0.9035087719298254,0.4117158
0.8245614035087705,0.40681064
0.3132530120481789,0.42674926
0.3855421686747036,0.38022164
0.4096385542168548,0.4172534
0.4698795180722754,0.4275592
0.5180722891566347,0.43475458
0.5180722891566347,0.39425352
0.5180722891566205,0.4533338
0.4819277108433795,0.393749
0.4819277108433795,0.37749884
0.5180722891566347,0.4198327
0.6904761904761907,0.41490227
0.6904761904761907,0.39953285
0.6190476190476195,0.42238474
0.5238095238095228,0.4001241
0.4285714285714284,0.3749239
0.3571428571428572,0.4200027
0.2619047619047627,0.40037233
0.2380952380952372,0.41085914
0.3095238095238093,0.42248294
0.4047619047619046,0.37028563
0.0,0.4015421
0.0,0.39816314
0.0,0.3687483
0.0,0.34952804
0.0,0.35953537
0.0,0.418942
0.0,0.42810634
0.0,0.3765186
0.0,0.42015228
0.0,0.44855565
0.4824561403508767,0.37041923
0.5,0.4340768
0.5526315789473699,0.41130856
0.6228070175438596,0.41051292
0.7017543859649109,0.40357012
0.8157894736842124,0.38723904
0.8859649122807021,0.4372857
0.9035087719298184,0.34315497
0.824561403508774,0.4095222
0.8070175438596507,0.40709427
0.3855421686747178,0.42633864
0.409638554216869,0.3780286
0.4698795180722754,0.41907123
0.5180722891566205,0.4288467
0.5180722891566347,0.43322065
0.5180722891566347,0.39666775
0.4819277108433653,0.45434982
0.4819277108433795,0.39181858
0.5180722891566347,0.3769994
0.4216867469879588,0.41945067
0.6904761904761907,0.41565526
0.6190476190476195,0.3992783
0.5238095238095246,0.4203168
0.4285714285714279,0.40226185
0.3571428571428572,0.3740115
0.2619047619047618,0.41961586
0.2380952380952381,0.39892775
0.3095238095238084,0.4103874
0.4047619047619046,0.42199862
0.3571428571428572,0.36942166
0.0,0.4031551
0.0,0.39927796
0.0,0.36786088
0.0,0.3474914
0.0,0.35836652
0.0,0.41731375
0.0,0.42922795
0.0,0.37738514
0.0,0.4220393
0.0,0.44866893
0.5,0.37168092
0.5526315789473699,0.43591353
0.6228070175438596,0.4108196
0.7017543859649145,0.40998784
0.8157894736842088,0.4038159
0.8859649122807021,0.38708392
0.9035087719298218,0.4378562
0.8245614035087669,0.33984238
0.8070175438596507,0.408609
0.7543859649122773,0.40550372
0.4096385542168548,0.42656818
0.4698795180722754,0.37498224
0.5180722891566205,0.4220644
0.5180722891566205,0.43063515
0.5180722891566347,0.4337825
0.4819277108433653,0.3994907
0.4819277108433653,0.45579377
0.5180722891566205,0.38848653
0.4216867469879588,0.37579083
0.409638554216869,0.42017278
0.6190476190476191,0.41547924
0.5238095238095242,0.39936915
0.4285714285714288,0.41921896
0.3571428571428567,0.40425652
0.2619047619047618,0.37295485
0.2380952380952381,0.41903967
0.3095238095238102,0.39708826
0.4047619047619033,0.4116712
0.3571428571428572,0.42178693
0.4047619047619046,0.36664364
0.0,0.40412763
0.0,0.39923003
0.0,0.3666309
0.0,0.3442966
0.0,0.3567359
0.0,0.41803595
0.0,0.4308405
0.0,0.37740985
0.0,0.42473918
0.0,0.4483484
0.5526315789473699,0.3730879
0.622807017543856,0.4373925
0.7017543859649145,0.41051438
0.8157894736842053,0.4086893
0.8859649122807021,0.4034062
0.9035087719298254,0.3878012
0.824561403508774,0.43854535
0.8070175438596507,0.33558452
0.7543859649122808,0.4080183
0.7280701754385959,0.4043108
0.4698795180722754,0.4281359
0.5180722891566347,0.37277317
0.5180722891566205,0.42347905
0.5180722891566205,0.4312889
0.4819277108433795,0.43483523
0.4819277108433653,0.40226942
0.5180722891566205,0.457851
0.4216867469879588,0.38645175
0.4096385542168548,0.37598845
0.4819277108433653,0.42154485
0.5238095238095237,0.4156044
0.4285714285714288,0.39966604
0.3571428571428567,0.41886067
0.261904761904761,0.40541473
0.2380952380952381,0.37185442
0.3095238095238093,0.41766337
0.4047619047619051,0.3959126
0.3571428571428567,0.41382596
0.4047619047619046,0.42169973
0.4047619047619046,0.36551633
0.0,0.404958
0.0,0.39903113
0.0,0.36585963
0.0,0.34220177
0.0,0.3557145
0.0,0.41928658
0.0,0.43187496
0.0,0.3756665
0.0,0.42601344
0.0,0.44868693
0.622807017543856,0.37476924
0.7017543859649109,0.43862885
0.8157894736842088,0.41054472
0.8859649122807021,0.40897882
0.9035087719298254,0.40237293
0.8245614035087705,0.388735
0.8070175438596543,0.43850943
0.7543859649122808,0.3331791
0.7280701754385959,0.4079746
0.7017543859649109,0.40417537
0.5180722891566347,0.42940277
0.5180722891566347,0.37307253
0.5180722891566205,0.42394432
0.4819277108433795,0.4309025
0.4819277108433795,0.4355554
0.5180722891566347,0.40310636
0.4216867469879446,0.45852435
0.4096385542168548,0.38577798
0.4819277108433795,0.37653714
0.6024096385542208,0.423804
0.4285714285714284,0.41541302
0.3571428571428572,0.40030348
0.2619047619047627,0.41923702
0.2380952380952372,0.40518025
0.3095238095238093,0.37069237
0.4047619047619046,0.41720286
0.3571428571428567,0.39568493
0.4047619047619033,0.41559023
0.4047619047619046,0.4217753
0.5476190476190474,0.36510962
0.0,0.40523398
0.0,0.39881533
0.0,0.36560172
0.0,0.3414994
0.0,0.35567534
0.0,0.420806
0.0,0.43296528
0.0,0.3743684
0.0,0.42662504
0.0,0.44887415
0.7017543859649109,0.37565684
0.8157894736842124,0.4387325
0.8859649122807021,0.4111587
0.9035087719298184,0.40914163
0.824561403508774,0.40145376
0.8070175438596507,0.38934714
0.7543859649122808,0.43769032
0.7280701754385959,0.33365655
0.7017543859649109,0.40767196
0.622807017543856,0.4045903
0.5180722891566347,0.4293856
0.5180722891566347,0.37504736
0.4819277108433653,0.42284983
0.4819277108433795,0.42943347
0.5180722891566347,0.43613988
0.4216867469879588,0.40199402
0.4096385542168548,0.45861757
0.4819277108433795,0.38611573
0.6024096385542208,0.37718415
0.6626506024096273,0.4258663
0.3571428571428572,0.4154023
0.2619047619047618,0.40189984
0.2380952380952381,0.4203782
0.3095238095238084,0.40428773
0.4047619047619046,0.3705671
0.3571428571428572,0.4161301
0.4047619047619051,0.39568517
0.4047619047619033,0.41588727
0.5476190476190474,0.42197716
0.5952380952380953,0.36439848
0.0,0.4042611
0.0,0.398322
0.0,0.36673957
0.0,0.34201193
0.0,0.3565605
0.0,0.42189336
0.0,0.43351716
0.0,0.37345266
0.0,0.42574444
0.0,0.44891867
0.8157894736842088,0.37463242
0.8859649122807021,0.4372952
0.9035087719298218,0.41090348
0.8245614035087669,0.4096256
0.8070175438596507,0.4005707
0.7543859649122773,0.38940328
0.7280701754385923,0.4367222
0.7017543859649145,0.3355191
0.622807017543856,0.40742385
0.6052631578947398,0.40587828
0.5180722891566347,0.42891017
0.4819277108433653,0.37628958
0.4819277108433653,0.42072856
0.5180722891566205,0.42801675
0.4216867469879588,0.43614006
0.409638554216869,0.4001203
0.4819277108433653,0.45777294
0.6024096385542208,0.3876035
0.6626506024096415,0.3774026
0.7349397590361377,0.4263827
0.2619047619047618,0.41529092
0.2380952380952381,0.4041436
0.3095238095238102,0.42143664
0.4047619047619033,0.4044168
0.3571428571428572,0.37059733
0.4047619047619046,0.41439372
0.4047619047619051,0.39541477
0.5476190476190466,0.41494763
0.5952380952380953,0.4217816
0.5952380952380953,0.36402905
0.0,0.40443256
0.0,0.3984352
0.0,0.368187
0.0,0.3431287
0.0,0.35727358
0.0,0.4216845
0.0,0.43320233
0.0,0.3732505
0.0,0.4239842
0.0,0.4494424
0.8859649122807021,0.3733956
0.9035087719298254,0.43579015
0.824561403508774,0.40994155
0.8070175438596507,0.40983427
0.7543859649122808,0.3998566
0.7280701754385959,0.3890492
0.7017543859649145,0.4353182
0.6228070175438596,0.33648518
0.6052631578947398,0.4071927
0.6140350877192979,0.40751135
0.4819277108433795,0.42874783
0.4819277108433653,0.37661225
0.5180722891566205,0.41860354
0.4216867469879588,0.42685822
0.4096385542168548,0.4358204
0.4819277108433653,0.3974088
0.6024096385542066,0.45710543
0.6626506024096415,0.3902351
0.7349397590361377,0.37678024
0.819277108433738,0.4263251
0.2380952380952381,0.4152784
0.3095238095238093,0.40662596
0.4047619047619051,0.42293593
0.3571428571428567,0.40526998
0.4047619047619046,0.37024453
0.4047619047619046,0.41236198
0.5476190476190474,0.3948674
0.5952380952380949,0.4133628
0.5952380952380953,0.42142653
0.714285714285714,0.36386663
0.0,0.4054133
0.0,0.39874196
0.0,0.3691525
0.0,0.34370124
0.0,0.35772255
0.0,0.42170817
0.0,0.43263075
0.0,0.3730495
0.0,0.42260912
0.0,0.45005494
0.9035087719298254,0.37161347
0.8245614035087705,0.43534765
0.8070175438596543,0.40828657
0.7543859649122808,0.40928352
0.7280701754385959,0.39934778
0.7017543859649109,0.38857222
0.6228070175438596,0.43399677
0.6052631578947363,0.33623877
0.6140350877192979,0.4071366
0.5087719298245617,0.40897602
0.4819277108433795,0.4293968
0.5180722891566347,0.37662074
0.4216867469879446,0.41680756
0.4096385542168548,0.4256544
0.4819277108433795,0.4358178
0.6024096385542208,0.39516503
0.6626506024096273,0.45694423
0.7349397590361377,0.3931906
0.819277108433738,0.37565345
0.90361445783131,0.42623648
0.3095238095238093,0.41551527
0.4047619047619046,0.40797368
0.3571428571428567,0.42465356
0.4047619047619033,0.40539488
0.4047619047619046,0.37003148
0.5476190476190474,0.41018444
0.5952380952380949,0.39502186
0.5952380952380949,0.41158783
0.7142857142857144,0.4213698
0.7619047619047619,0.36351526
0.0,0.4065543
0.0,0.39909714
0.0,0.36893928
0.0,0.34329736
0.0,0.35829392
0.0,0.42277774
0.0,0.4325062
0.0,0.37210506
0.0,0.42259598
0.0,0.450486
0.824561403508774,0.3704097
0.8070175438596507,0.43601313
0.7543859649122808,0.4068029
0.7280701754385959,0.40892452
0.7017543859649109,0.39915022
0.622807017543856,0.3883841
0.6052631578947363,0.43403652
0.6140350877192979,0.33492348
0.5087719298245617,0.40721568
0.4912280701754383,0.40941897
0.5180722891566347,0.4304206
0.4216867469879588,0.37705874
0.4096385542168548,0.4158211
0.4819277108433795,0.42440754
0.6024096385542208,0.4356348
0.6626506024096273,0.3933247
0.7349397590361377,0.45708004
0.8192771084337238,0.39564124
0.903614457831324,0.374602
0.90361445783131,0.42770556
0.4047619047619046,0.4158135
0.3571428571428572,0.40855676
0.4047619047619051,0.42635942
0.4047619047619033,0.40511665
0.5476190476190474,0.3693562
0.5952380952380953,0.40927315
0.5952380952380949,0.39502925
0.7142857142857144,0.41038883
0.7619047619047619,0.42214218
0.7380952380952381,0.36237738
0.0,0.40748358
0.0,0.39891714
0.0,0.36904454
0.0,0.34230262
0.0,0.35825998
0.0,0.42490122
0.0,0.4334992
0.0,0.37097153
0.0,0.42305088
0.0,0.45087677
0.8070175438596507,0.3684053
0.7543859649122773,0.43685344
0.7280701754385923,0.40711516
0.7017543859649145,0.408741
0.622807017543856,0.39881128
0.6052631578947398,0.38829607
0.6140350877193015,0.43489498
0.5087719298245545,0.33371198
0.4912280701754383,0.4069289
0.5175438596491233,0.4104118
0.4216867469879588,0.43246147
0.409638554216869,0.37705085
0.4819277108433653,0.41542894
0.6024096385542208,0.42460075
0.6626506024096415,0.43534458
0.7349397590361377,0.39119536
0.819277108433738,0.4573427
0.903614457831324,0.39734235
0.903614457831324,0.37301892
0.8072289156626482,0.42778516
0.3571428571428572,0.41698515
0.4047619047619046,0.40725598
0.4047619047619051,0.42727208
0.5476190476190466,0.40483806
0.5952380952380953,0.36900297
0.5952380952380953,0.40902588
0.7142857142857153,0.3953552
0.761904761904761,0.40953362
0.7380952380952381,0.4233983
0.666666666666667,0.36190447
0.0,0.4088086
0.0,0.39860097
0.0,0.36882827
0.0,0.34203854
0.0,0.35755104
0.0,0.4268667
0.0,0.434517
0.0,0.3707995
0.0,0.4233886
0.0,0.45108822
0.7543859649122808,0.36683944
0.7280701754385959,0.43789205
0.7017543859649145,0.40841997
0.6228070175438596,0.40770635
0.6052631578947398,0.39864108
0.6140350877192979,0.3891016
0.5087719298245617,0.43641528
0.4912280701754383,0.33331603
0.5175438596491233,0.40727141
0.5350877192982466,0.41063705
0.4096385542168548,0.43527764
0.4819277108433653,0.3768755
0.6024096385542066,0.4167434
0.6626506024096415,0.42544898
0.7349397590361377,0.43556944
0.819277108433738,0.39086995
0.90361445783131,0.45866355
0.903614457831324,0.3987528
0.8072289156626624,0.37192357
0.7349397590361377,0.4276308
0.4047619047619046,0.41839978
0.4047619047619046,0.4033404
0.5476190476190474,0.42831936
0.5952380952380949,0.40474778
0.5952380952380953,0.3700462
0.714285714285714,0.40877143
0.7619047619047619,0.39554867
0.7380952380952372,0.41058078
0.6666666666666665,0.42460096
0.6904761904761907,0.36054096
0.0,0.4105264
0.0,0.39882022
0.0,0.3670779
0.0,0.34123057
0.0,0.3562953
0.0,0.42980307
0.0,0.43524778
0.0,0.36959767
0.0,0.4258223
0.0,0.45145592
0.7280701754385959,0.36599165
0.7017543859649109,0.43973756
0.6228070175438596,0.40976632
0.6052631578947363,0.40702093
0.6140350877192979,0.39976788
0.5087719298245617,0.39114144
0.4912280701754383,0.4379049
0.5175438596491233,0.3322833
0.5350877192982431,0.4079563
0.5087719298245617,0.41043615
0.4819277108433795,0.43907192
0.6024096385542208,0.3766423
0.6626506024096273,0.41896546
0.7349397590361377,0.42708802
0.819277108433738,0.43760175
0.90361445783131,0.39296207
0.90361445783131,0.46136975
0.8072289156626624,0.40056264
0.7349397590361377,0.3712651
0.6144578313252964,0.42733997
0.4047619047619046,0.419418
0.5476190476190474,0.3982366
0.5952380952380949,0.43021876
0.5952380952380949,0.40382475
0.7142857142857144,0.3711978
0.7619047619047619,0.41051728
0.7380952380952381,0.396033
0.6666666666666661,0.41352314
0.6904761904761907,0.42579412
0.714285714285714,0.35827953
0.0,0.41210368
0.0,0.39934343
0.0,0.36417243
0.0,0.33890346
0.0,0.3548631
0.0,0.43402925
0.0,0.43534163
0.0,0.36661008
0.0,0.4298066
0.0,0.4523382
0.7017543859649109,0.36641228
0.622807017543856,0.44170722
0.6052631578947363,0.41308567
0.6140350877192979,0.40706193
0.5087719298245617,0.4029478
0.4912280701754383,0.39344013
0.5175438596491269,0.43985248
0.5350877192982395,0.33093867
0.5087719298245617,0.40879008
0.4824561403508767,0.41116974
0.6024096385542208,0.4418563
0.6626506024096273,0.37624198
0.7349397590361377,0.4217379
0.8192771084337238,0.42953625
0.903614457831324,0.43887895
0.90361445783131,0.39375505
0.8072289156626482,0.4639203
0.7349397590361377,0.4014054
0.6144578313252964,0.3704537
0.5180722891566347,0.4260059
0.5476190476190474,0.41849676
0.5952380952380953,0.39409137
0.5952380952380949,0.43176216
0.7142857142857144,0.40277073
0.7619047619047619,0.3721197
0.7380952380952381,0.41545093
0.666666666666667,0.39741603
0.6904761904761898,0.41444808
0.7142857142857144,0.42739776
0.8095238095238093,0.35661346
0.0,0.41276795
0.0,0.39994696
0.0,0.3624316
0.0,0.33691013
0.0,0.35268408
0.0,0.43743905
0.0,0.4359846
0.0,0.36510503
0.0,0.43237966
0.0,0.45358863
0.622807017543856,0.36831653
0.6052631578947398,0.44453907
0.6140350877193015,0.41693985
0.5087719298245545,0.4066548
0.4912280701754383,0.40518162
0.5175438596491233,0.39289075
0.5350877192982466,0.44277406
0.5087719298245545,0.32853073
0.4824561403508767,0.4109098
0.3684210526315787,0.4098227
0.6626506024096415,0.44351345
0.7349397590361377,0.37377852
0.819277108433738,0.42451036
0.903614457831324,0.4328381
0.903614457831324,0.44069445
0.8072289156626482,0.39557037
0.7349397590361377,0.46642977
0.6144578313252964,0.40018114
0.5180722891566347,0.3697485
0.4939759036144693,0.42459953
0.5952380952380953,0.41654676
0.5952380952380953,0.39132336
0.7142857142857153,0.43263748
0.761904761904761,0.4021303
0.7380952380952381,0.3716767
0.666666666666667,0.41954058
0.6904761904761907,0.39884
0.7142857142857144,0.41532153
0.8095238095238098,0.42900035
0.8809523809523809,0.35635543
0.0,0.4131361
0.0,0.39985752
0.0,0.36087766
0.0,0.33430976
0.0,0.34981352
0.0,0.4400584
0.0,0.4364182
0.0,0.3637112
0.0,0.43478107
0.0,0.45431492
0.6052631578947398,0.37163812
0.6140350877192979,0.44668427
0.5087719298245617,0.4205239
0.4912280701754383,0.4068066
0.5175438596491233,0.40635964
0.5350877192982466,0.39130536
0.5087719298245617,0.44512573
0.4824561403508767,0.3254196
0.3684210526315787,0.41311046
0.2807017543859658,0.40790927
0.7349397590361377,0.44508272
0.819277108433738,0.36991915
0.90361445783131,0.4258568
0.903614457831324,0.43592417
0.8072289156626624,0.44151577
0.7349397590361377,0.3976138
0.6144578313252964,0.46781445
0.5180722891566205,0.39983606
0.4939759036144551,0.36814213
0.6144578313252964,0.4232684
0.5952380952380953,0.41377392
0.714285714285714,0.3902384
0.7619047619047619,0.43281892
0.7380952380952372,0.40199476
0.6666666666666665,0.37055296
0.6904761904761907,0.42305726
0.7142857142857153,0.39988676
0.8095238095238084,0.417296
0.8809523809523809,0.4305503
0.9285714285714288,0.3568705
0.0,0.41442764
0.0,0.39899442
0.0,0.3597242
0.0,0.33300123
0.0,0.3468253
0.0,0.44187185
0.0,0.43641677
0.0,0.36253232
0.0,0.43613985
0.0,0.45527518
0.6140350877192979,0.3748734
0.5087719298245617,0.4486044
0.4912280701754383,0.42435145
0.5175438596491233,0.40668976
0.5350877192982431,0.4068058
0.5087719298245617,0.38958603
0.4824561403508838,0.44633406
0.3684210526315787,0.32306048
0.2807017543859658,0.41470462
0.2192982456140377,0.4057638
0.819277108433738,0.44811878
0.90361445783131,0.3682203
0.90361445783131,0.42560604
0.8072289156626624,0.43727714
0.7349397590361377,0.4422021
0.6144578313252964,0.39872572
0.5180722891566205,0.46673152
0.4939759036144551,0.3993722
0.6144578313252964,0.3678646
0.6265060240963862,0.4228095
0.7142857142857144,0.41212904
0.7619047619047619,0.38822812
0.7380952380952381,0.43263865
0.6666666666666661,0.40087676
0.6904761904761907,0.36918074
0.714285714285714,0.4260727
0.8095238095238093,0.40130937
0.8809523809523805,0.42046434
0.9285714285714288,0.433258
0.9523809523809526,0.35933074
0.0,0.41369733
0.0,0.39684653
0.0,0.3596154
0.0,0.33372015
0.0,0.34533772
0.0,0.44252887
0.0,0.4361255
0.0,0.3610994
0.0,0.43586785
0.0,0.45596093
0.5087719298245617,0.3797953
0.4912280701754383,0.45082936
0.5175438596491269,0.42742065
0.5350877192982395,0.40726462
0.5087719298245617,0.40568244
0.4824561403508767,0.38859048
0.3684210526315787,0.44692197
0.2807017543859658,0.3227671
0.2192982456140377,0.41505608
0.2192982456140377,0.40451977
0.903614457831324,0.44890565
0.90361445783131,0.37025398
0.8072289156626482,0.42516232
0.7349397590361377,0.43674052
0.6144578313252964,0.44134557
0.5180722891566347,0.3979631
0.4939759036144551,0.4636134
0.6144578313252964,0.3996258
0.6265060240963862,0.36851066
0.6626506024096273,0.42362982
0.7619047619047619,0.41051763
0.7380952380952381,0.38665858
0.666666666666667,0.43101197
0.6904761904761898,0.39992544
0.7142857142857144,0.3688464
0.8095238095238093,0.4293877
0.8809523809523814,0.401365
0.928571428571428,0.42335367
0.9523809523809526,0.4362296
0.8095238095238093,0.3612113
0.0,0.41187066
0.0,0.39490646
0.0,0.36054948
0.0,0.33708027
0.0,0.34586686
0.0,0.44267446
0.0,0.43614465
0.0,0.36152482
0.0,0.4349812
0.0,0.45619956
0.4912280701754383,0.3814299
0.5175438596491233,0.44936612
0.5350877192982466,0.4295673
0.5087719298245545,0.40646496
0.4824561403508767,0.4048012
0.3684210526315787,0.38893735
0.2807017543859658,0.44688183
0.2192982456140342,0.3258374
0.2192982456140377,0.414981
0.3771929824561439,0.40447977
0.903614457831324,0.44754842
0.8072289156626482,0.37254152
0.7349397590361377,0.42544496
0.6144578313252964,0.43648878
0.5180722891566347,0.44015968
0.4939759036144693,0.3956862
0.6144578313252964,0.46047097
0.6265060240963862,0.39994752
0.6626506024096415,0.37010816
0.6746987951807313,0.42433885
0.7380952380952381,0.40902486
0.666666666666667,0.38746893
0.6904761904761907,0.42844817
0.7142857142857144,0.40025824
0.8095238095238098,0.3686185
0.8809523809523809,0.43238708
0.928571428571428,0.401065
0.9523809523809516,0.4242392
0.8095238095238098,0.4358142
0.5,0.3641686
0.0,0.41175857
0.0,0.39444923
0.0,0.36134523
0.0,0.34039286
0.0,0.34680873
0.0,0.43987286
0.0,0.4363104
0.0,0.36365753
0.0,0.4328779
0.0,0.4569505
0.5175438596491233,0.3813962
0.5350877192982466,0.44576633
0.5087719298245617,0.42974874
0.4824561403508767,0.40527534
0.3684210526315787,0.40404162
0.2807017543859658,0.38914353
0.2192982456140377,0.44464132
0.2192982456140342,0.32990947
0.3771929824561439,0.41496775
0.6315789473684212,0.40476567
0.8072289156626624,0.4434862
0.7349397590361377,0.37376454
0.6144578313252964,0.42697307
0.5180722891566205,0.4355491
0.4939759036144551,0.43691164
0.6144578313252964,0.3920498
0.626506024096372,0.45877722
0.6626506024096415,0.40042984
0.6746987951807171,0.37020046
0.590361445783131,0.42420498
0.6666666666666665,0.4085285
0.6904761904761907,0.39049086
0.7142857142857153,0.4269058
0.8095238095238084,0.40285748
0.8809523809523809,0.36749148
0.9285714285714288,0.43126813
0.9523809523809526,0.39970598
0.8095238095238084,0.4222126
0.5,0.43300593
0.3571428571428572,0.36675644
0.0,0.41323134
0.0,0.396315
0.0,0.36190388
0.0,0.34342927
0.0,0.34660238
0.0,0.43531868
0.0,0.4353218
0.0,0.36677083
0.0,0.43062386
0.0,0.45727742
0.5350877192982431,0.3775776
0.5087719298245617,0.44332072
0.4824561403508838,0.4262743
0.3684210526315787,0.40443859
0.2807017543859658,0.402579
0.2192982456140377,0.3886587
0.2192982456140377,0.44131267
0.3771929824561333,0.3327653
0.6315789473684248,0.4153464
0.7456140350877192,0.40403745
0.7349397590361377,0.44014186
0.6144578313252964,0.37516853
0.5180722891566205,0.42853752
0.4939759036144551,0.43363306
0.6144578313252964,0.43509367
0.6265060240963862,0.39156288
0.6626506024096273,0.4588488
0.6746987951807171,0.40020713
0.5903614457831168,0.37020528
0.5180722891566347,0.42409673
0.6904761904761907,0.40952075
0.714285714285714,0.39319038
0.8095238095238093,0.4258957
0.8809523809523805,0.40351698
0.9285714285714288,0.3669463
0.9523809523809526,0.42965034
0.8095238095238093,0.39847058
0.5,0.42045853
0.3571428571428572,0.43041435
0.2619047619047618,0.36840242
0.0,0.41328448
0.0,0.3976934
0.0,0.3603122
0.0,0.34399247
0.0,0.34726912
0.0,0.43113723
0.0,0.4345938
0.0,0.36832038
0.0,0.42922243
0.0,0.45662045
0.5087719298245617,0.37480733
0.4824561403508767,0.44339332
0.3684210526315787,0.42325008
0.2807017543859658,0.40525928
0.2192982456140377,0.40288398
0.2192982456140377,0.38686225
0.3771929824561404,0.43958852
0.6315789473684212,0.33351168
0.7456140350877192,0.41476563
0.8508771929824555,0.40408796
0.6144578313252964,0.43684152
0.5180722891566347,0.37826532
0.4939759036144551,0.42933714
0.6144578313252964,0.43014866
0.6265060240963862,0.43354028
0.6626506024096273,0.39214575
0.6746987951807171,0.45899767
0.5903614457831168,0.4001888
0.5180722891566347,0.37192962
0.457831325301214,0.42613512
0.7142857142857144,0.41131222
0.8095238095238093,0.39680934
0.8809523809523814,0.42556727
0.928571428571428,0.4036264
0.9523809523809526,0.36461788
0.8095238095238093,0.428734
0.5000000000000009,0.39768115
0.3571428571428567,0.41787764
0.2619047619047618,0.42745918
0.2619047619047618,0.36909947
0.0,0.41353834
0.0,0.4000855
0.0,0.35941845
0.0,0.34224644
0.0,0.3473977
0.0,0.42790985
0.0,0.43539464
0.0,0.36865312
0.0,0.428539
0.0,0.45695603
0.4824561403508767,0.37134555
0.3684210526315787,0.44401067
0.2807017543859658,0.42089257
0.2192982456140342,0.40789998
0.2192982456140377,0.4039563
0.3771929824561439,0.38299775
0.6315789473684248,0.43900204
0.7456140350877192,0.33367577
0.850877192982459,0.4130063
0.8508771929824555,0.40684518
0.5180722891566347,0.43366143
0.4939759036144693,0.3780191
0.6144578313252964,0.4282092
0.6265060240963862,0.43059567
0.6626506024096415,0.43394855
0.6746987951807313,0.39056265
0.590361445783131,0.45879114
0.5180722891566205,0.39940593
0.4578313253011998,0.37012246
0.3975903614457792,0.42652994
0.8095238095238098,0.41277397
0.8809523809523809,0.40087387
0.928571428571428,0.42519197
0.9523809523809516,0.4037039
0.8095238095238098,0.36468804
0.5,0.42968765
0.3571428571428567,0.3979293
0.261904761904761,0.41253933
0.2619047619047618,0.42476922
0.1190476190476186,0.36891252
0.0,0.41210145
0.0,0.4017473
0.0,0.35871607
0.0,0.3404022
0.0,0.34652594
0.0,0.42406005
0.0,0.43583328
0.0,0.37101528
0.0,0.42611188
0.0,0.4590915
0.3684210526315787,0.36926815
0.2807017543859658,0.44539976
0.2192982456140377,0.41902497
0.2192982456140342,0.40989196
0.3771929824561439,0.40416184
0.6315789473684212,0.37863916
0.7456140350877227,0.43963078
0.8508771929824555,0.33044356
0.850877192982459,0.41172466
0.9649122807017498,0.40712312
0.4939759036144551,0.43310583
0.6144578313252964,0.37585258
0.626506024096372,0.42779192
0.6626506024096415,0.43191186
0.6746987951807171,0.43313226
0.590361445783131,0.38886395
0.5180722891566205,0.4602058
0.4578313253011998,0.39672795
0.3975903614457792,0.36862296
0.3132530120481931,0.42595
0.8809523809523809,0.415334
0.9285714285714288,0.4052657
0.9523809523809526,0.424845
0.8095238095238084,0.4044545
0.5,0.3640433
0.3571428571428572,0.4277805
0.2619047619047627,0.39752102
0.261904761904761,0.4084842
0.1190476190476186,0.42261004
0.0,0.3687059
0.0,0.4118541
0.0,0.40153942
0.0,0.35732508
0.0,0.33713686
0.0,0.34545386
0.0,0.4199009
0.0,0.43616366
0.0,0.37294394
0.0,0.42378917
0.0,0.45875293
0.2807017543859658,0.36796963
0.2192982456140377,0.44740915
0.2192982456140377,0.41552556
0.3771929824561333,0.41001004
0.6315789473684248,0.40412164
0.7456140350877192,0.3762608
0.850877192982459,0.44007042
0.8508771929824555,0.32644925
0.9649122807017534,0.4096503
1.061403508771928,0.40755865
0.6144578313252964,0.43334052
0.6265060240963862,0.37558317
0.6626506024096273,0.4278628
0.6746987951807171,0.43326685
0.5903614457831168,0.433469
0.5180722891566347,0.38862148
0.4578313253011998,0.46074808
0.3975903614457792,0.39350435
0.3132530120481789,0.368568
0.2891566265060135,0.4242059
0.9285714285714288,0.4167527
0.9523809523809526,0.40534642
0.8095238095238093,0.42387408
0.5,0.40493292
0.3571428571428572,0.36495566
0.2619047619047618,0.42750275
0.2619047619047627,0.39751282
0.1190476190476177,0.40655583
0.0,0.42193866
0.2142857142857144,0.3672596
0.0,0.41273034
0.0,0.40168348
0.0,0.35600093
0.0,0.33422735
0.0,0.34481597
0.0,0.41749737
0.0,0.4365148
0.0,0.3740457
0.0,0.42423415
0.0,0.45726234
0.2192982456140377,0.3681243
0.2192982456140377,0.44941485
0.3771929824561404,0.41362
0.6315789473684212,0.40956578
0.7456140350877192,0.40487698
0.8508771929824555,0.37574032
0.850877192982459,0.4404069
0.9649122807017568,0.32332057
1.061403508771928,0.4083667
0.9122807017543836,0.40691817
0.6265060240963862,0.43332356
0.6626506024096273,0.37722453
0.6746987951807171,0.42853713
0.5903614457831168,0.4336174
0.5180722891566347,0.43482864
0.457831325301214,0.39105368
0.3975903614457792,0.4627247
0.3132530120481931,0.3892777
0.2891566265060135,0.37120062
0.1807228915662619,0.4235205
0.9523809523809526,0.4185926
0.8095238095238093,0.4025138
0.5000000000000009,0.42311028
0.3571428571428567,0.40405503
0.2619047619047618,0.3660039
0.2619047619047618,0.4287217
0.1190476190476195,0.39701822
0.0,0.40748516
0.2142857142857144,0.42259455
0.2380952380952381,0.36447316
0.0,0.4123416
0.0,0.40269276
0.0,0.3551016
0.0,0.33001745
0.0,0.34515414
0.0,0.41772002
0.0,0.4372278
0.0,0.3731749
0.0,0.4268002
0.0,0.45652825
0.2192982456140377,0.36887583
0.3771929824561439,0.4501166
0.6315789473684248,0.41273886
0.7456140350877192,0.41024727
0.850877192982459,0.40587133
0.8508771929824555,0.37753326
0.9649122807017568,0.44191104
1.0614035087719245,0.32106087
0.912280701754387,0.40659964
0.9035087719298254,0.4061708
0.6626506024096415,0.43290702
0.6746987951807313,0.37648988
0.590361445783131,0.42964828
0.5180722891566205,0.43367714
0.4578313253011998,0.4345127
0.3975903614457792,0.3944295
0.3132530120481931,0.46381032
0.2891566265060135,0.38578695
0.1807228915662762,0.37161753
0.2530120481927724,0.42397135
0.8095238095238098,0.4208445
0.5,0.40005103
0.3571428571428567,0.4212288
0.261904761904761,0.4048169
0.2619047619047618,0.36776197
0.1190476190476186,0.42986363
0.0,0.39606005
0.2142857142857144,0.40853363
0.2380952380952381,0.4239277
0.4047619047619046,0.36049432
0.0,0.4120057
0.0,0.40158218
0.0,0.35473108
0.0,0.3276911
0.0,0.34686032
0.0,0.41854495
0.0,0.43776047
0.0,0.3728576
0.0,0.42870834
0.0,0.45507655
0.3771929824561439,0.3698941
0.6315789473684212,0.44932362
0.7456140350877227,0.41323707
0.8508771929824555,0.41085073
0.850877192982459,0.4060879
0.9649122807017498,0.38012868
1.061403508771928,0.44258237
0.912280701754387,0.3193759
0.9035087719298254,0.4059289
0.7543859649122773,0.4052729
0.6746987951807171,0.43298298
0.590361445783131,0.37236026
0.5180722891566205,0.4324485
0.4578313253011998,0.43491688
0.3975903614457792,0.43352497
0.3132530120481931,0.39738014
0.2891566265060135,0.46407133
0.1807228915662762,0.3827758
0.2530120481927582,0.36951077
0.2530120481927724,0.4245441
0.5,0.42131415
0.3571428571428572,0.3983236
0.2619047619047627,0.41959864
0.261904761904761,0.4064045
0.1190476190476186,0.36916658
0.0,0.43140748
0.2142857142857144,0.39401862
0.2380952380952372,0.4105673
0.4047619047619046,0.42444628
0.5,0.35660338
0.0,0.41398278
0.0,0.4003966
0.0,0.35287058
0.0,0.32474023
0.0,0.3472519
0.0,0.41952562
0.0,0.4389777
0.0,0.37386227
0.0,0.43086633
0.0,0.45359784
0.6315789473684248,0.3735495
0.7456140350877192,0.44920993
0.850877192982459,0.41564444
0.8508771929824555,0.40986922
0.9649122807017534,0.40561402
1.061403508771928,0.38278916
0.912280701754387,0.44232017
0.9035087719298184,0.31623378
0.7543859649122808,0.405178
0.6666666666666643,0.40370077
0.5903614457831168,0.43373856
0.5180722891566347,0.36936373
0.4578313253011998,0.43548802
0.3975903614457792,0.43670493
0.3132530120481789,0.43311855
0.2891566265060135,0.40042755
0.1807228915662619,0.4658534
0.2530120481927582,0.38032842
0.2530120481927582,0.36777052
0.3373493975903727,0.42406192
0.3571428571428572,0.42074442
0.2619047619047618,0.39814132
0.2619047619047627,0.41806066
0.1190476190476177,0.40748
0.0,0.36822617
0.2142857142857144,0.43136173
0.2380952380952381,0.39274684
0.4047619047619033,0.41252348
0.5,0.42395845
0.6190476190476195,0.35592106
0.0,0.41520163
0.0,0.40059996
0.0,0.35076556
0.0,0.3216029
0.0,0.34550652
0.0,0.41962224
0.0,0.44029105
0.0,0.37428278
0.0,0.4326731
0.0,0.4531199
0.7456140350877192,0.37810957
0.8508771929824555,0.45103008
0.850877192982459,0.41557032
0.9649122807017568,0.40926403
1.061403508771928,0.40299514
0.9122807017543836,0.3826737
0.9035087719298218,0.44255775
0.7543859649122808,0.31225148
0.6666666666666679,0.4042976
0.5438596491228083,0.401093
0.5180722891566347,0.43374676
0.457831325301214,0.36815134
0.3975903614457792,0.4373387
0.3132530120481931,0.4380308
0.2891566265060135,0.43369862
0.1807228915662619,0.40308455
0.2530120481927724,0.4685374
0.2530120481927582,0.37825835
0.3373493975903585,0.36813098
0.3975903614457792,0.42445937
0.2619047619047618,0.41915154
0.2619047619047618,0.39877367
0.1190476190476195,0.416991
0.0,0.4075656
0.2142857142857144,0.367077
0.2380952380952381,0.43098938
0.4047619047619051,0.39239973
0.5,0.41395253
0.6190476190476191,0.42242318
0.714285714285714,0.35681507
0.0,0.41641858
0.0,0.40169638
0.0,0.3493497
0.0,0.31860724
0.0,0.3437398
0.0,0.4184628
0.0,0.44232762
0.0,0.37467533
0.0,0.43324462
0.0,0.4535449
0.850877192982459,0.3813219
0.8508771929824555,0.4534117
0.9649122807017568,0.41455892
1.0614035087719245,0.40897942
0.912280701754387,0.39903075
0.9035087719298254,0.38141942
0.7543859649122808,0.44150123
0.6666666666666607,0.30970076
0.5438596491228118,0.402908
0.4736842105263186,0.39851537
0.4578313253011998,0.4330946
0.3975903614457792,0.3677891
0.3132530120481931,0.43487436
0.2891566265060135,0.43810597
0.1807228915662762,0.43278545
0.2530120481927724,0.40263507
0.2530120481927724,0.46855545
0.3373493975903585,0.3776356
0.3975903614457792,0.3693449
0.5662650602409656,0.4253603
0.2619047619047618,0.4166792
0.1190476190476186,0.4040685
0.0,0.41734397
0.2142857142857144,0.40827996
0.2380952380952381,0.3642625
0.4047619047619046,0.42828095
0.5000000000000009,0.39115185
0.6190476190476177,0.41255417
0.7142857142857144,0.42101866
0.7380952380952381,0.35909778
0.0,0.4168315
0.0,0.40257275
0.0,0.35068297
0.0,0.31944638
0.0,0.3427333
0.0,0.4158569
0.0,0.44250667
0.0,0.3760008
0.0,0.43151724
0.0,0.4544798
0.850877192982459,0.3820122
0.9649122807017498,0.4546084
1.061403508771928,0.41145372
0.912280701754387,0.40880874
0.9035087719298254,0.39430183
0.7543859649122773,0.37916458
0.6666666666666679,0.43758932
0.5438596491228083,0.3091877
0.473684210526315,0.40077484
0.4298245614035103,0.39829847
0.3975903614457792,0.43238547
0.3132530120481931,0.36769626
0.2891566265060135,0.42989105
0.1807228915662762,0.43892258
0.2530120481927582,0.43231398
0.2530120481927724,0.39972806
0.3373493975903585,0.46711877
0.3975903614457792,0.37739867
0.5662650602409798,0.3714708
0.6506024096385374,0.4242685
0.1190476190476186,0.41425696
0.0,0.40945914
0.2142857142857144,0.41719803
0.2380952380952372,0.40858445
0.4047619047619046,0.3610302
0.5,0.42305937
0.6190476190476195,0.38945833
0.7142857142857144,0.40924174
0.7380952380952381,0.4202246
0.7619047619047619,0.36218512
0.0,0.4159466
0.0,0.40326408
0.0,0.35446724
0.0,0.32394597
0.0,0.34334433
0.0,0.41338438
0.0,0.4409808
0.0,0.37696728
0.0,0.42892426
0.0,0.45589986
0.9649122807017534,0.3797252
1.061403508771928,0.45419043
0.912280701754387,0.40736747
0.9035087719298184,0.40780622
0.7543859649122808,0.39212614
0.6666666666666643,0.3779928
0.5438596491228083,0.43323207
0.473684210526315,0.31024835
0.4298245614035103,0.39944354
0.3596491228070171,0.39938274
0.3132530120481789,0.4327
0.2891566265060135,0.36765313
0.1807228915662619,0.42329693
0.2530120481927582,0.43713093
0.2530120481927582,0.4317917
0.3373493975903727,0.39888492
0.3975903614457792,0.46643695
0.5662650602409798,0.37965527
0.6506024096385374,0.3728953
0.7349397590361377,0.42513877
0.0,0.41287932
0.2142857142857144,0.4128918
0.2380952380952381,0.41790736
0.4047619047619033,0.40848184
0.5,0.35866332
0.6190476190476195,0.41631237
0.7142857142857153,0.3883301
0.7380952380952372,0.40806586
0.7619047619047619,0.42163765
0.8095238095238093,0.36363173
0.0,0.4132451
0.0,0.40174332
0.0,0.35946208
0.0,0.32938194
0.0,0.34774005
0.0,0.41492373
0.0,0.43943512
0.0,0.37592694
0.0,0.42567897
0.0,0.45571545
1.061403508771928,0.374679
0.9122807017543836,0.45023996
0.9035087719298218,0.40582812
0.7543859649122808,0.4059601
0.6666666666666679,0.39272764
0.5438596491228083,0.38132262
0.4736842105263186,0.43036374
0.4298245614035032,0.31418976
0.3596491228070171,0.39934513
0.3333333333333357,0.40228194
0.2891566265060135,0.4330432
0.1807228915662619,0.36876297
0.2530120481927724,0.41905195
0.2530120481927582,0.43504444
0.3373493975903585,0.43263364
0.3975903614457792,0.3981263
0.5662650602409656,0.46407324
0.6506024096385516,0.38232154
0.7349397590361377,0.3726345
0.6867469879518069,0.4272163
0.2142857142857144,0.4137207
0.2380952380952381,0.41290593
0.4047619047619051,0.42005563
0.5,0.4084859
0.6190476190476191,0.35866895
0.714285714285714,0.413496
0.7380952380952381,0.38824376
0.761904761904761,0.40826628
0.8095238095238098,0.42369035
0.8095238095238093,0.36032528
0.0,0.41115588
0.0,0.3993214
0.0,0.3631659
0.0,0.33182102
0.0,0.35246438
0.0,0.41988504
0.0,0.4388284
0.0,0.37580594
0.0,0.42468208
0.0,0.45457983
0.912280701754387,0.3706471
0.9035087719298254,0.44571188
0.7543859649122808,0.40731156
0.6666666666666607,0.40497455
0.5438596491228118,0.39474928
0.4736842105263186,0.38570812
0.4298245614035103,0.43042958
0.3596491228070171,0.31861755
0.3333333333333357,0.40040016
0.3421052631578973,0.40523028
0.1807228915662762,0.43447378
0.2530120481927724,0.36932734
0.2530120481927724,0.41634214
0.3373493975903585,0.43227676
0.3975903614457792,0.43362224
0.5662650602409656,0.39571476
0.6506024096385374,0.46178544
0.7349397590361377,0.3862525
0.6867469879518069,0.3697596
0.6265060240963862,0.43056485
0.2380952380952381,0.4154851
0.4047619047619046,0.41272408
0.5000000000000009,0.424389
0.6190476190476177,0.40718997
0.7142857142857144,0.36146975
0.7380952380952381,0.41219604
0.7619047619047619,0.38975194
0.8095238095238084,0.40899518
0.8095238095238098,0.4260769
0.8095238095238093,0.35359788
0.0,0.4113801
0.0,0.39564082
0.0,0.36340863
0.0,0.3315861
0.0,0.35622993
0.0,0.4284596
0.0,0.43864545
0.0,0.37374967
0.0,0.42637667
0.0,0.45373875
0.9035087719298254,0.36753228
0.7543859649122773,0.44242626
0.6666666666666679,0.40994126
0.5438596491228083,0.40522584
0.473684210526315,0.39580393
0.4298245614035103,0.38983032
0.3596491228070171,0.43404227
0.3333333333333286,0.32023942
0.3421052631578938,0.40279618
0.324561403508774,0.4073886
0.2530120481927582,0.4354748
0.2530120481927724,0.36802682
0.3373493975903585,0.41735128
0.3975903614457792,0.43058372
0.5662650602409798,0.436164
0.6506024096385374,0.39631733
0.7349397590361377,0.46447846
0.6867469879518211,0.38877207
0.6265060240963862,0.37006983
0.6024096385542208,0.43323874
0.4047619047619046,0.41837522
0.5,0.409827
0.6190476190476195,0.4285369
0.7142857142857144,0.40665323
0.7380952380952381,0.36508268
0.7619047619047619,0.41166008
0.8095238095238093,0.39088717
0.8095238095238084,0.41059077
0.8095238095238098,0.42472005
0.8095238095238093,0.34918267
0.0,0.41537136
0.0,0.39615524
0.0,0.36147776
0.0,0.32591546
0.0,0.35500687
0.0,0.43318978
0.0,0.43972337
0.0,0.36887082
0.0,0.43045735
0.0,0.45493698
0.7543859649122808,0.36379108
0.6666666666666643,0.44247532
0.5438596491228083,0.40875244
0.473684210526315,0.4062868
0.4298245614035103,0.3991564
0.3596491228070171,0.39369148
0.3333333333333321,0.43667567
0.3421052631578938,0.31931826
0.324561403508774,0.4046767
0.2982456140350891,0.40898284
0.2530120481927582,0.440197
0.3373493975903727,0.3658865
0.3975903614457792,0.4211752
0.5662650602409798,0.4326903
0.6506024096385374,0.4382522
0.7349397590361377,0.39881688
0.6867469879518069,0.47029525
0.6265060240963862,0.39255887
0.6024096385542208,0.3692867
0.5662650602409656,0.4310533
0.5,0.42014605
0.6190476190476195,0.40380463
0.7142857142857153,0.43079063
0.7380952380952372,0.40687343
0.7619047619047619,0.3653307
0.8095238095238093,0.40964794
0.8095238095238093,0.39378497
0.8095238095238084,0.41155392
0.8095238095238098,0.42234567
0.8333333333333335,0.34914473
0.0,0.4203663
0.0,0.40022328
0.0,0.358089
0.0,0.32105365
0.0,0.3495422
0.0,0.4365456
0.0,0.44011799
0.0,0.36332878
0.0,0.43630633
0.0,0.45811164
0.6666666666666679,0.36314082
0.5438596491228083,0.44614908
0.4736842105263186,0.40861207
0.4298245614035032,0.4066002
0.3596491228070171,0.40253794
0.3333333333333357,0.39371577
0.3421052631578973,0.44140643
0.3245614035087669,0.3135634
0.2982456140350891,0.40727144
0.2719298245614041,0.4082778
0.3373493975903585,0.44756353
0.3975903614457792,0.36261228
0.5662650602409656,0.42372245
0.6506024096385516,0.43587065
0.7349397590361377,0.44230914
0.6867469879518069,0.4004755
0.626506024096372,0.4745676
0.6024096385542208,0.39654565
0.5662650602409798,0.36727166
0.5180722891566347,0.4273207
0.6190476190476191,0.4200195
0.714285714285714,0.39279845
0.7380952380952381,0.4351286
0.761904761904761,0.40428588
0.8095238095238098,0.3680525
0.8095238095238093,0.4141332
0.8095238095238093,0.39803797
0.8095238095238084,0.41450962
0.8333333333333335,0.4246951
0.8333333333333335,0.34813803
0.0,0.42255756
0.0,0.40114167
0.0,0.35365635
0.0,0.31852797
0.0,0.34736985
0.0,0.44193736
0.0,0.43883866
0.0,0.35918504
0.0,0.44085407
0.0,0.4593743
0.5438596491228118,0.36742043
0.4736842105263186,0.4527374
0.4298245614035103,0.41385803
0.3596491228070171,0.4058252
0.3333333333333357,0.40671524
0.3421052631578973,0.3942253
0.324561403508774,0.44576028
0.298245614035082,0.3107007
0.2719298245614041,0.41296235
0.2543859649122808,0.40509054
0.3975903614457792,0.4546541
0.5662650602409656,0.36219972
0.6506024096385374,0.42457354
0.7349397590361377,0.43776774
0.6867469879518069,0.44810027
0.6265060240963862,0.40479583
0.6024096385542066,0.47633433
0.5662650602409798,0.3969276
0.5180722891566347,0.36933222
0.4216867469879588,0.42725632
0.7142857142857144,0.41886994
0.7380952380952381,0.38501546
0.7619047619047619,0.43796602
0.8095238095238084,0.40086296
0.8095238095238098,0.369883
0.8095238095238093,0.420169
0.8095238095238093,0.40126818
0.8333333333333321,0.42117175
0.8333333333333335,0.43023852
0.8333333333333335,0.3477679
0.0,0.4200561
0.0,0.3995694
0.0,0.3534022
0.0,0.31892645
0.0,0.34636912
0.0,0.4489736
0.0,0.4384159
0.0,0.35383973
0.0,0.44403222
0.0,0.4598317
0.473684210526315,0.37527305
0.4298245614035103,0.4563115
0.3596491228070171,0.42257747
0.3333333333333286,0.40746796
0.3421052631578938,0.40876642
0.324561403508774,0.39648002
0.2982456140350891,0.44971064
0.271929824561397,0.31254846
0.2543859649122808,0.41472143
0.2368421052631575,0.405362
0.5662650602409798,0.4582833
0.6506024096385374,0.3625217
0.7349397590361377,0.42487246
0.6867469879518211,0.440593
0.6265060240963862,0.44794732
0.6024096385542208,0.4024688
0.5662650602409656,0.47341907
0.5180722891566205,0.39946204
0.4216867469879588,0.36768645
0.457831325301214,0.42284605
0.7380952380952381,0.41703403
0.7619047619047619,0.38021976
0.8095238095238093,0.437381
0.8095238095238084,0.39929873
0.8095238095238098,0.37318575
0.8095238095238093,0.42723563
0.8333333333333339,0.40342972
0.8333333333333321,0.4224165
0.8333333333333335,0.4356674
0.8333333333333335,0.34727514
0.0,0.41588184
0.0,0.3972937
0.0,0.3565019
0.0,0.3265956
0.0,0.34733763
0.0,0.45068187
0.0,0.43678576
0.0,0.3561331
0.0,0.4427093
0.0,0.4586133
0.4298245614035103,0.38220745
0.3596491228070171,0.45632088
0.3333333333333321,0.43037218
0.3421052631578938,0.40725002
0.324561403508774,0.40846175
0.2982456140350891,0.39724314
0.2719298245614041,0.45300794
0.2543859649122808,0.31771237
0.236842105263161,0.4175883
0.2280701754385958,0.40242174
0.6506024096385374,0.45925823
0.7349397590361377,0.36072263
0.6867469879518069,0.42576683
0.6265060240963862,0.44180772
0.6024096385542208,0.44827497
0.5662650602409656,0.40309832
0.5180722891566205,0.47163066
0.4216867469879588,0.39869308
0.4578313253011998,0.36889824
0.4819277108433653,0.42271754
0.7619047619047619,0.41310704
0.8095238095238093,0.37759587
0.8095238095238093,0.4361871
0.8095238095238084,0.39811167
0.8095238095238098,0.37577793
0.8333333333333335,0.43199348
0.8333333333333339,0.40457988
0.8333333333333321,0.4244193
0.8333333333333335,0.43830726
0.8809523809523809,0.35212052
0.0,0.41233426
0.0,0.3964316
0.0,0.35918567
0.0,0.33073223
0.0,0.3472461
0.0,0.45123577
0.0,0.43611372
0.0,0.356687
0.0,0.43983853
0.0,0.4570529
0.3596491228070171,0.39018908
0.3333333333333357,0.45680517
0.3421052631578973,0.4369642
0.3245614035087669,0.40647885
0.2982456140350891,0.4079829
0.2719298245614041,0.39839622
0.2543859649122808,0.4524159
0.2368421052631575,0.3207804
0.2280701754385958,0.41930333
0.1754385964912295,0.3991673
0.7349397590361377,0.45660454
0.6867469879518069,0.36391085
0.626506024096372,0.42815378
0.6024096385542208,0.44279122
0.5662650602409798,0.44626433
0.5180722891566347,0.40111074
0.4216867469879446,0.46629
0.4578313253011998,0.39836475
0.4819277108433795,0.36975098
0.5180722891566347,0.42153567
0.8095238095238098,0.40695095
0.8095238095238093,0.37551832
0.8095238095238093,0.43397003
0.8095238095238084,0.39718238
0.8333333333333335,0.37466514
0.8333333333333335,0.43916243
0.8333333333333339,0.4050578
0.8333333333333321,0.42502144
0.8809523809523809,0.44077414
0.8571428571428572,0.35750636
0.0,0.41050708
0.0,0.39569065
0.0,0.36138028
0.0,0.33663952
0.0,0.34456557
0.0,0.45074415
0.0,0.43464604
0.0,0.36005116
0.0,0.4377439
0.0,0.45617935
0.3333333333333357,0.39341393
0.3421052631578973,0.45613965
0.324561403508774,0.4404594
0.298245614035082,0.40383783
0.2719298245614041,0.40489185
0.2543859649122808,0.39613983
0.2368421052631575,0.4518399
0.2280701754385958,0.32427278
0.1754385964912259,0.42048627
0.2982456140350891,0.39569902
0.6867469879518069,0.45363525
0.6265060240963862,0.36804065
0.6024096385542066,0.42798877
0.5662650602409798,0.44221452
0.5180722891566347,0.44428873
0.4216867469879588,0.39894918
0.4578313253011998,0.4604215
0.4819277108433795,0.39766705
0.5180722891566347,0.37108025
0.5421686746987859,0.42106703
0.8095238095238098,0.40305364
0.8095238095238093,0.37661153
0.8095238095238093,0.43146822
0.8333333333333321,0.39610732
0.8333333333333335,0.37247744
0.8333333333333335,0.44348052
0.8333333333333339,0.4051356
0.8809523809523805,0.42602676
0.8571428571428572,0.44212157
0.5952380952380953,0.36268315
0.0,0.4071011
0.0,0.3938312
0.0,0.36306423
0.0,0.34278643
0.0,0.3446347
0.0,0.44900125
0.0,0.4332955
0.0,0.3625361
0.0,0.43489155
0.0,0.45619825
0.3421052631578938,0.39370546
0.324561403508774,0.45161316
0.2982456140350891,0.4410961
0.271929824561397,0.40320373
0.2543859649122808,0.40350252
0.2368421052631575,0.39326584
0.2280701754385994,0.44926137
0.1754385964912295,0.32932633
0.2982456140350891,0.4202303
0.4473684210526336,0.39661986
0.6265060240963862,0.44954187
0.6024096385542208,0.3722847
0.5662650602409656,0.42521292
0.5180722891566205,0.43765447
0.4216867469879588,0.4408734
0.457831325301214,0.39645353
0.4819277108433653,0.45346856
0.5180722891566205,0.39776412
0.5421686746988001,0.37253898
0.5301204819277103,0.42094004
0.8095238095238098,0.40181446
0.8095238095238093,0.38180023
0.8333333333333339,0.42804316
0.8333333333333321,0.3976961
0.8333333333333335,0.37007377
0.8333333333333335,0.4410434
0.8809523809523814,0.40533602
0.8571428571428568,0.42524368
0.5952380952380953,0.44145703
0.4047619047619046,0.36858228
0.0,0.40471935
0.0,0.39178294
0.0,0.36578274
0.0,0.35135418
0.0,0.34634858
0.0,0.44387573
0.0,0.43087152
0.0,0.36417556
0.0,0.42928332
0.0,0.45556504
0.324561403508774,0.39105305
0.2982456140350891,0.4460668
0.2719298245614041,0.437381
0.2543859649122808,0.4047322
0.236842105263161,0.40038583
0.2280701754385958,0.39103824
0.1754385964912295,0.44540492
0.298245614035082,0.33535722
0.4473684210526301,0.42036614
0.5877192982456165,0.39937544
0.6024096385542208,0.44279182
0.5662650602409656,0.37476298
0.5180722891566205,0.42465124
0.4216867469879588,0.43461326
0.4578313253011998,0.43794623
0.4819277108433653,0.39302585
0.5180722891566205,0.4492359
0.5421686746988001,0.3994672
0.5301204819276961,0.37343234
0.5421686746987859,0.42009
0.8095238095238098,0.40269288
0.8333333333333335,0.38500234
0.8333333333333339,0.4255593
0.8333333333333321,0.40025595
0.8333333333333335,0.3701458
0.8809523809523809,0.43985656
0.8571428571428577,0.40502882
0.5952380952380949,0.422665
0.4047619047619046,0.436997
0.4285714285714288,0.37231866
0.0,0.4063021
0.0,0.39248765
0.0,0.36618072
0.0,0.3560188
0.0,0.34797853
0.0,0.43575403
0.0,0.42932275
0.0,0.36762506
0.0,0.4260094
0.0,0.45533118
0.2982456140350891,0.3846082
0.2719298245614041,0.44191372
0.2543859649122808,0.43287337
0.2368421052631575,0.40518004
0.2280701754385958,0.4000865
0.1754385964912295,0.38982645
0.2982456140350891,0.4410448
0.4473684210526265,0.34096482
0.5877192982456165,0.4210202
0.6140350877192979,0.40004662
0.5662650602409798,0.4352051
0.5180722891566347,0.37953255
0.4216867469879446,0.42596456
0.4578313253011998,0.42924622
0.4819277108433795,0.43338624
0.5180722891566347,0.3912837
0.5421686746987859,0.44858724
0.5301204819276961,0.39911628
0.5421686746988001,0.3754037
0.5301204819277103,0.42075557
0.8333333333333335,0.40567583
0.8333333333333335,0.39185336
0.8333333333333339,0.42379558
0.8333333333333321,0.40087804
0.8809523809523809,0.3681016
0.8571428571428572,0.43563187
0.5952380952380949,0.40417165
0.4047619047619033,0.41683924
0.4285714285714284,0.4306012
0.4285714285714288,0.3758853
0.0,0.4077157
0.0,0.39597917
0.0,0.36537257
0.0,0.3561959
0.0,0.35145125
0.0,0.4272987
0.0,0.42862248
0.0,0.36992002
0.0,0.4227926
0.0,0.45479563
0.2719298245614041,0.37867096
0.2543859649122808,0.44004458
0.2368421052631575,0.42641473
0.2280701754385958,0.40811878
0.1754385964912259,0.39935812
0.2982456140350891,0.38449776
0.4473684210526301,0.4373042
0.5877192982456094,0.3427003
0.6140350877192979,0.41759342
0.6754385964912295,0.40316802
0.5180722891566347,0.43026993
0.4216867469879588,0.3806612
0.4578313253011998,0.4244549
0.4819277108433795,0.42820442
0.5180722891566347,0.43252224
0.5421686746987859,0.39023915
0.5301204819276961,0.4503951
0.5421686746988001,0.39775553
0.5301204819276961,0.3745655
0.4819277108433653,0.41926852
0.8333333333333335,0.41010922
0.8333333333333335,0.39823574
0.8333333333333339,0.42273858
0.8809523809523805,0.40058514
0.8571428571428572,0.36842915
0.5952380952380953,0.43229184
0.4047619047619051,0.40182403
0.4285714285714279,0.41155103
0.4285714285714284,0.42446265
0.4047619047619046,0.37396413
0.0,0.4070829
0.0,0.39859566
0.0,0.36512187
0.0,0.35193565
0.0,0.35297772
0.0,0.42045245
0.0,0.4302607
0.0,0.3733514
0.0,0.4198635
0.0,0.45444262
0.2543859649122808,0.37407
0.2368421052631575,0.4389758
0.2280701754385994,0.42181122
0.1754385964912295,0.4105338
0.2982456140350891,0.40054575
0.4473684210526336,0.38203993
0.5877192982456165,0.4370128
0.6140350877192979,0.34216857
0.6754385964912295,0.4140999
0.7105263157894726,0.40565613
0.4216867469879588,0.42692366
0.457831325301214,0.3805175
0.4819277108433653,0.42256212
0.5180722891566205,0.42752385
0.5421686746988001,0.43235326
0.5301204819277103,0.38843036
0.5421686746987859,0.4532359
0.5301204819276961,0.39433494
0.4819277108433795,0.3737986
0.457831325301214,0.41882047
0.8333333333333335,0.41371623
0.8333333333333335,0.40499887
0.8809523809523814,0.42197496
0.8571428571428568,0.40052056
0.5952380952380953,0.36898306
0.4047619047619046,0.428044
0.4285714285714288,0.40010715
0.4285714285714279,0.40625378
0.4047619047619046,0.4199602
0.4523809523809521,0.37164515
0.0,0.40623653
0.0,0.40053892
0.0,0.3652576
0.0,0.34593764
0.0,0.35356027
0.0,0.41545382
0.0,0.43197602
0.0,0.37623662
0.0,0.41655654
0.0,0.45249364
0.236842105263161,0.3723559
0.2280701754385958,0.4393625
0.1754385964912295,0.4165167
0.298245614035082,0.4122798
0.4473684210526301,0.39992428
0.5877192982456165,0.3800888
0.6140350877193015,0.43734306
0.6754385964912295,0.33816898
0.7105263157894761,0.40936652
0.6929824561403528,0.40724716
0.4578313253011998,0.42569095
0.4819277108433653,0.37876746
0.5180722891566205,0.42293856
0.5421686746988001,0.42820382
0.5301204819276961,0.43227124
0.5421686746987859,0.3896904
0.5301204819276961,0.4557063
0.4819277108433795,0.39065585
0.4578313253011998,0.37221956
0.3132530120481931,0.41853255
0.8333333333333335,0.41651952
0.8809523809523809,0.40601516
0.8571428571428577,0.4206123
0.5952380952380949,0.4020239
0.4047619047619046,0.36991408
0.4285714285714288,0.4248762
0.4285714285714288,0.39863497
0.4047619047619033,0.40216267
0.4523809523809525,0.41782743
0.4285714285714288,0.3676493
0.0,0.4068156
0.0,0.40192437
0.0,0.36441657
0.0,0.3417061
0.0,0.3528779
0.0,0.4132539
0.0,0.43362048
0.0,0.3792588
0.0,0.41586268
0.0,0.4489009
0.2280701754385958,0.37257195
0.1754385964912295,0.4405834
0.2982456140350891,0.41337872
0.4473684210526265,0.41159746
0.5877192982456165,0.39944506
0.6140350877192979,0.38061842
0.6754385964912295,0.43769464
0.710526315789469,0.33357227
0.6929824561403528,0.40657613
0.7456140350877192,0.40622324
0.4819277108433795,0.42567277
0.5180722891566347,0.37813324
0.5421686746987859,0.4241247
0.5301204819276961,0.42983067
0.5421686746988001,0.43219003
0.5301204819277103,0.39185074
0.4819277108433653,0.45830172
0.4578313253011998,0.386913
0.3132530120481789,0.3717054
0.1927710843373518,0.41895288
0.8809523809523809,0.41799638
0.8571428571428572,0.40440023
0.5952380952380949,0.41784957
0.4047619047619033,0.40328348
0.4285714285714284,0.37007177
0.4285714285714288,0.42344287
0.4047619047619051,0.39715376
0.4523809523809516,0.40059504
0.4285714285714284,0.41722092
0.4047619047619046,0.364509
0.0,0.407461
0.0,0.40388724
0.0,0.362855
0.0,0.33784363
0.0,0.3526276
0.0,0.41294956
0.0,0.43507525
0.0,0.38059908
0.0,0.41756105
0.0,0.44699472
0.1754385964912259,0.37391222
0.2982456140350891,0.44335556
0.4473684210526301,0.41105986
0.5877192982456094,0.40953788
0.6140350877192979,0.39921477
0.6754385964912295,0.3812227
0.7105263157894726,0.43698376
0.6929824561403457,0.32913807
0.7456140350877192,0.40445417
0.7719298245614041,0.40475887
0.5180722891566347,0.42543626
0.5421686746987859,0.37566692
0.5301204819276961,0.42633596
0.5421686746988001,0.43217015
0.5301204819276961,0.43270978
0.4819277108433653,0.3945224
0.4578313253011998,0.4600012
0.3132530120481931,0.38291386
0.1927710843373375,0.3706087
0.1686746987951863,0.41826388
0.8571428571428572,0.41933265
0.5952380952380953,0.40286443
0.4047619047619051,0.415247
0.4285714285714279,0.40416366
0.4285714285714284,0.37124577
0.4047619047619046,0.42363212
0.4523809523809525,0.39573163
0.4285714285714279,0.40006936
0.4047619047619046,0.41738483
0.5238095238095242,0.36163446
0.0,0.40795064
0.0,0.4042377
0.0,0.36031666
0.0,0.3323807
0.0,0.35275415
0.0,0.41257134
0.0,0.4367208
0.0,0.38271824
0.0,0.4190606
0.0,0.44487756
0.2982456140350891,0.37752104
0.4473684210526336,0.44645703
0.5877192982456165,0.4101703
0.6140350877192979,0.4074939
0.6754385964912295,0.39755446
0.7105263157894726,0.38211596
0.6929824561403493,0.43728173
0.7456140350877192,0.3225113
0.7719298245614041,0.40257204
0.6754385964912295,0.4013709
0.5421686746988001,0.42663914
0.5301204819277103,0.3721673
0.5421686746987859,0.4277467
0.5301204819276961,0.4337998
0.4819277108433795,0.4319314
0.457831325301214,0.39620063
0.3132530120481931,0.4602767
0.1927710843373375,0.38049516
0.1686746987951579,0.36897686
0.2891566265060135,0.4180614
0.5952380952380953,0.4193295
0.4047619047619046,0.40285042
0.4285714285714288,0.41370904
0.4285714285714279,0.4051165
0.4047619047619046,0.3712546
0.4523809523809521,0.42333245
0.4285714285714288,0.39402792
0.4047619047619033,0.40085098
0.5238095238095237,0.41821223
0.714285714285714,0.3601288
0.0,0.4088468
0.0,0.40416506
0.0,0.35812366
0.0,0.3291902
0.0,0.35307482
0.0,0.41239715
0.0,0.4377412
0.0,0.3848253
0.0,0.420208
0.0,0.44362473
0.4473684210526301,0.38189292
0.5877192982456165,0.44889078
0.6140350877193015,0.4101237
0.6754385964912295,0.40570012
0.7105263157894761,0.3957511
0.6929824561403528,0.38284704
0.7456140350877227,0.43651664
0.771929824561397,0.31709528
0.6754385964912295,0.4003909
0.5175438596491233,0.39912185
0.5301204819276961,0.42755228
0.5421686746987859,0.36986184
0.5301204819276961,0.42939216
0.4819277108433795,0.4353898
0.4578313253011998,0.4318055
0.3132530120481931,0.39860737
0.1927710843373375,0.4617601
0.1686746987951721,0.37775812
0.2891566265060135,0.368382
0.2530120481927724,0.41846108
0.4047619047619046,0.41933778
0.4285714285714288,0.40318036
0.4285714285714288,0.41308218
0.4047619047619033,0.4046083
0.4523809523809525,0.37088183
0.4285714285714288,0.4228058
0.4047619047619051,0.39267972
0.5238095238095228,0.4030753
0.7142857142857144,0.4189903
0.8095238095238093,0.3594767
0.0,0.4090532
0.0,0.40332255
0.0,0.35677105
0.0,0.32666793
0.0,0.35260248
0.0,0.41356114
0.0,0.437943
0.0,0.38571924
0.0,0.42086604
0.0,0.44294548
0.5877192982456165,0.3848581
0.6140350877192979,0.44964924
0.6754385964912295,0.41060498
0.710526315789469,0.4060521
0.6929824561403528,0.39331794
0.7456140350877192,0.3836364
0.7719298245614006,0.4364781
0.6754385964912295,0.31407115
0.5175438596491233,0.3991348
0.4385964912280684,0.397605
0.5421686746988001,0.428667
0.5301204819277103,0.36976364
0.4819277108433653,0.42942333
0.4578313253011998,0.4362171
0.3132530120481789,0.432064
0.1927710843373518,0.40151983
0.1686746987951721,0.46361026
0.2891566265060135,0.37711403
0.2530120481927582,0.3694079
0.3493975903614483,0.41935527
0.4285714285714284,0.41893557
0.4285714285714288,0.4029034
0.4047619047619051,0.41247094
0.4523809523809516,0.40404388
0.4285714285714284,0.37008193
0.4047619047619046,0.4217836
0.5238095238095246,0.39242446
0.7142857142857144,0.4058251
0.8095238095238098,0.41934678
0.9047619047619048,0.35974815
0.0,0.40869838
0.0,0.40301543
0.0,0.35665578
0.0,0.3266105
0.0,0.3527045
0.0,0.4142996
0.0,0.438423
0.0,0.38487023
0.0,0.4215831
0.0,0.44381994
0.6140350877192979,0.38679898
0.6754385964912295,0.44988498
0.7105263157894726,0.41082567
0.6929824561403457,0.40706953
0.7456140350877192,0.39167458
0.7719298245614041,0.38420022
0.6754385964912295,0.4357127
0.5175438596491233,0.31454137
0.438596491228072,0.3984715
0.3508771929824554,0.39686108
0.5301204819276961,0.42816836
0.4819277108433653,0.3689007
0.4578313253011998,0.42864865
0.3132530120481931,0.43549684
0.1927710843373375,0.43163627
0.1686746987951863,0.40196013
0.2891566265060135,0.4635253
0.2530120481927582,0.37629598
0.3493975903614341,0.3686477
0.4457831325301242,0.42107442
0.4285714285714284,0.41708958
0.4047619047619046,0.40530267
0.4523809523809525,0.4130194
0.4285714285714279,0.40499097
0.4047619047619046,0.36950746
0.5238095238095242,0.42110318
0.7142857142857153,0.3917896
0.8095238095238084,0.40581322
0.9047619047619052,0.4197618
0.9285714285714288,0.35909182
0.0,0.4084918
0.0,0.4022794
0.0,0.35721794
0.0,0.3262796
0.0,0.35298765
0.0,0.4145657
0.0,0.43959522
0.0,0.38520685
0.0,0.4203978
0.0,0.44409728
0.6754385964912295,0.386858
0.7105263157894726,0.44987112
0.6929824561403493,0.41052607
0.7456140350877192,0.40630588
0.7719298245614041,0.38934612
0.6754385964912295,0.3839205
0.5175438596491269,0.4338763
0.438596491228072,0.31339532
0.350877192982459,0.3974844
0.3596491228070171,0.39701733
0.4819277108433795,0.42790198
0.457831325301214,0.36806378
0.3132530120481931,0.42609096
0.1927710843373375,0.43571305
0.1686746987951579,0.43095
0.2891566265060135,0.40077493
0.2530120481927724,0.4625585
0.3493975903614341,0.37534526
0.4457831325301384,0.3700517
0.4819277108433653,0.42125848
0.4047619047619046,0.41455817
0.4523809523809521,0.40959373
0.4285714285714288,0.41384423
0.4047619047619033,0.4067612
0.5238095238095237,0.367519
0.714285714285714,0.41816542
0.8095238095238093,0.39071763
0.9047619047619032,0.40498924
0.9285714285714288,0.4191808
0.9285714285714288,0.36050096
0.0,0.40949917
0.0,0.40192348
0.0,0.35940328
0.0,0.32828212
0.0,0.352416
0.0,0.41346833
0.0,0.43879905
0.0,0.3850735
0.0,0.419518
0.0,0.44580302
0.7105263157894761,0.3850826
0.6929824561403528,0.44957343
0.7456140350877227,0.4070905
0.771929824561397,0.40547734
0.6754385964912295,0.38763633
0.5175438596491233,0.38265765
0.4385964912280755,0.4304978
0.3508771929824554,0.31319708
0.3596491228070171,0.3965429
0.3421052631578973,0.39810416
0.4578313253011998,0.42761663
0.3132530120481931,0.3669737
0.1927710843373375,0.42406076
0.1686746987951721,0.43503842
0.2891566265060135,0.429892
0.2530120481927724,0.39960274
0.3493975903614341,0.46222332
0.4457831325301242,0.3766565
0.4819277108433795,0.37110898
0.4939759036144693,0.42153785
0.4523809523809525,0.41235307
0.4285714285714288,0.41330698
0.4047619047619051,0.4156664
0.5238095238095228,0.40768352
0.7142857142857144,0.36449784
0.8095238095238093,0.41407767
0.9047619047619052,0.38851058
0.928571428571428,0.40557638
0.9285714285714288,0.41874734
0.9523809523809526,0.36089972
0.0,0.41098177
0.0,0.40252295
0.0,0.36098891
0.0,0.3292535
0.0,0.35303
0.0,0.4142419
0.0,0.43782896
0.0,0.38389283
0.0,0.41961795
0.0,0.44730344
0.6929824561403528,0.38128713
0.7456140350877192,0.44724396
0.7719298245614006,0.40408587
0.6754385964912295,0.4041396
0.5175438596491233,0.38796538
0.4385964912280684,0.38424513
0.350877192982459,0.4286976
0.3596491228070171,0.3141346
0.3421052631578938,0.39682043
0.324561403508774,0.3992515
0.3132530120481789,0.428939
0.1927710843373518,0.36915734
0.1686746987951721,0.42133835
0.2891566265060135,0.43310726
0.2530120481927582,0.4312679
0.3493975903614483,0.40008518
0.4457831325301242,0.46096197
0.4819277108433795,0.37928793
0.4939759036144551,0.37258002
0.5180722891566347,0.4241879
0.4285714285714284,0.4123818
0.4047619047619046,0.41354635
0.5238095238095246,0.4179788
0.7142857142857144,0.40738204
0.8095238095238098,0.36385858
0.9047619047619048,0.41128165
0.928571428571428,0.38891304
0.928571428571428,0.40762654
0.9523809523809526,0.41975522
0.9523809523809526,0.3597933
0.0,0.40975562
0.0,0.40071145
0.0,0.3633208
0.0,0.33220106
0.0,0.3555212
0.0,0.41807932
0.0,0.4374325
0.0,0.3809157
0.0,0.42005563
0.0,0.4480456
0.7456140350877192,0.37684378
0.7719298245614041,0.44398364
0.6754385964912295,0.4050372
0.5175438596491233,0.40426835
0.438596491228072,0.39090616
0.3508771929824554,0.3866721
0.3596491228070171,0.42893484
0.3421052631578938,0.3191631
0.324561403508774,0.39873227
0.3421052631578973,0.4020219
0.1927710843373375,0.42983937
0.1686746987951863,0.3721666
0.2891566265060135,0.41968903
0.2530120481927582,0.4305416
0.3493975903614341,0.4325116
0.4457831325301242,0.39856467
0.4819277108433653,0.45808074
0.4939759036144551,0.38277614
0.5180722891566347,0.37243435
0.3855421686747036,0.42745328
0.4047619047619046,0.41400898
0.5238095238095242,0.41381338
0.7142857142857153,0.42077625
0.8095238095238084,0.4061794
0.9047619047619052,0.36443394
0.9285714285714288,0.41102573
0.928571428571428,0.3894686
0.9523809523809516,0.40812665
0.9523809523809526,0.42128587
0.9285714285714288,0.3562479
0.0,0.40798792
0.0,0.39785954
0.0,0.36532348
0.0,0.33399898
0.0,0.35858008
0.0,0.4233655
0.0,0.43774816
0.0,0.3790886
0.0,0.4211469
0.0,0.44873422
0.7719298245614041,0.3745194
0.6754385964912295,0.44049758
0.5175438596491269,0.40714884
0.438596491228072,0.40519792
0.350877192982459,0.39310658
0.3596491228070171,0.38778102
0.3421052631578973,0.43136322
0.3245614035087669,0.3227563
0.3421052631578938,0.4002623
0.3333333333333357,0.40568668
0.1686746987951579,0.42940122
0.2891566265060135,0.3732807
0.2530120481927724,0.4206587
0.3493975903614341,0.42839283
0.4457831325301384,0.43412024
0.4819277108433653,0.39562836
0.4939759036144551,0.45700738
0.5180722891566205,0.38502395
0.3855421686747178,0.37141433
0.3132530120481931,0.42908603
0.5238095238095237,0.4168722
0.714285714285714,0.41298974
0.8095238095238093,0.423713
0.9047619047619032,0.4055237
0.9285714285714288,0.36723575
0.9285714285714288,0.4119872
0.9523809523809526,0.39084864
0.9523809523809516,0.4079208
0.9285714285714288,0.42181918
0.9285714285714288,0.35306227
0.0,0.40909603
0.0,0.39643738
0.0,0.36485863
0.0,0.33254287
0.0,0.35979146
0.0,0.42648932
0.0,0.4358284
0.0,0.37729257
0.0,0.42185336
0.0,0.4485435
0.6754385964912295,0.371706
0.5175438596491233,0.43758914
0.4385964912280755,0.4069632
0.3508771929824554,0.4063628
0.3596491228070171,0.39586157
0.3421052631578973,0.38966915
0.324561403508774,0.43394458
0.3421052631578938,0.32291454
0.3333333333333357,0.40224752
0.3157894736842124,0.40809909
0.2891566265060135,0.42986113
0.2530120481927724,0.37412992
0.3493975903614341,0.42258587
0.4457831325301242,0.42803308
0.4819277108433795,0.43487197
0.4939759036144693,0.39428517
0.5180722891566205,0.45910984
0.3855421686747036,0.3877784
0.3132530120481789,0.37289497
0.1927710843373518,0.42892954
0.7142857142857144,0.41773272
0.8095238095238093,0.4093411
0.9047619047619052,0.42620045
0.928571428571428,0.40652832
0.9285714285714288,0.36918363
0.9523809523809526,0.41308033
0.9523809523809526,0.39242443
0.928571428571428,0.40876114
0.9285714285714288,0.4199417
0.9047619047619048,0.3537668
0.0,0.41258055
0.0,0.39789328
0.0,0.36397198
0.0,0.3312149
0.0,0.3580447
0.0,0.4280219
0.0,0.4352112
0.0,0.3736843
0.0,0.42513162
0.0,0.44976652
0.5175438596491233,0.36720476
0.4385964912280684,0.43796206
0.350877192982459,0.40602693
0.3596491228070171,0.406238
0.3421052631578938,0.40024593
0.324561403508774,0.3905688
0.3421052631578973,0.43527585
0.3333333333333286,0.3250135
0.3157894736842088,0.40494627
0.3157894736842124,0.40927988
0.2530120481927582,0.43119466
0.3493975903614483,0.37578472
0.4457831325301242,0.42518225
0.4819277108433795,0.42962906
0.4939759036144551,0.43684298
0.5180722891566347,0.39820278
0.3855421686746894,0.4636527
0.3132530120481931,0.38968876
0.1927710843373375,0.3758609
0.1807228915662619,0.42768106
0.8095238095238098,0.41769636
0.9047619047619048,0.40266812
0.928571428571428,0.42787814
0.928571428571428,0.40587062
0.9523809523809526,0.36940286
0.9523809523809526,0.41332024
0.928571428571428,0.3944239
0.928571428571428,0.41047302
0.9047619047619052,0.41877013
0.9285714285714288,0.35719383
0.0,0.41456962
0.0,0.40150276
0.0,0.3625007
0.0,0.329295
0.0,0.3529693
0.0,0.4294129
0.0,0.43569297
0.0,0.36938328
0.0,0.4322449
0.0,0.4525994
0.438596491228072,0.36625287
0.3508771929824554,0.44128317
0.3596491228070171,0.40626436
0.3421052631578938,0.40717402
0.324561403508774,0.40289006
0.3421052631578973,0.3888979
0.3333333333333321,0.4392997
0.3157894736842053,0.32506305
0.3157894736842088,0.40728173
0.2719298245614041,0.40732193
0.3493975903614341,0.43543303
0.4457831325301242,0.37178394
0.4819277108433653,0.4254342
0.4939759036144551,0.43236977
0.5180722891566347,0.43977952
0.3855421686747036,0.40136585
0.3132530120481931,0.46578416
0.1927710843373375,0.39124343
0.1807228915662762,0.37509906
0.1686746987951863,0.4241025
0.9047619047619052,0.4177873
0.9285714285714288,0.39570725
0.928571428571428,0.42958477
0.9523809523809516,0.4043566
0.9523809523809526,0.36890504
0.9285714285714288,0.41514438
0.928571428571428,0.3968409
0.9047619047619032,0.41333356
0.9285714285714288,0.42139772
0.9047619047619048,0.35893247
0.0,0.4147379
0.0,0.40107173
0.0,0.36065194
0.0,0.328906
0.0,0.35017425
0.0,0.43178543
0.0,0.43505952
0.0,0.36623976
0.0,0.43525758
0.0,0.45535368
0.350877192982459,0.36853078
0.3596491228070171,0.44446248
0.3421052631578973,0.40963477
0.3245614035087669,0.4080332
0.3421052631578938,0.40519843
0.3333333333333357,0.3879278
0.3157894736842088,0.44416887
0.3157894736842053,0.3226769
0.2719298245614041,0.41069543
0.2807017543859658,0.40552998
0.4457831325301384,0.44036278
0.4819277108433653,0.36908084
0.4939759036144551,0.42343387
0.5180722891566205,0.43410072
0.3855421686747178,0.44104916
0.3132530120481931,0.4029137
0.1927710843373375,0.4641252
0.1807228915662762,0.39362562
0.1686746987951579,0.37377337
0.2168674698795172,0.4232536
0.9285714285714288,0.41856954
0.9285714285714288,0.3917251
0.9523809523809526,0.43023056
0.9523809523809516,0.4030386
0.9285714285714288,0.36921695
0.9285714285714288,0.41803756
0.9047619047619052,0.39844275
0.928571428571428,0.41843915
0.9047619047619052,0.42635077
0.9047619047619048,0.35952967
0.0,0.41180202
0.0,0.39844364
0.0,0.36114717
0.0,0.33247334
0.0,0.35045183
0.0,0.43485257
0.0,0.4339261
0.0,0.36445093
0.0,0.43526423
0.0,0.45525247
0.3596491228070171,0.3731433
0.3421052631578973,0.44361353
0.324561403508774,0.4144197
0.3421052631578938,0.40940347
0.3333333333333357,0.40751508
0.3157894736842124,0.3913313
0.3157894736842088,0.44640824
0.271929824561397,0.32574922
0.2807017543859658,0.41315514
0.2807017543859658,0.40633985
0.4819277108433795,0.44291645
0.4939759036144693,0.37061015
0.5180722891566205,0.42344394
0.3855421686747036,0.4353001
0.3132530120481789,0.4417298
0.1927710843373518,0.40261787
0.1807228915662619,0.46263364
0.1686746987951721,0.39436206
0.2168674698795172,0.37347168
0.2530120481927724,0.42393014
0.9285714285714288,0.4168117
0.9523809523809526,0.38829643
0.9523809523809526,0.4288904
0.928571428571428,0.4005915
0.9285714285714288,0.37170216
0.9047619047619048,0.42387938
0.928571428571428,0.39948028
0.9047619047619032,0.42329192
0.9047619047619052,0.42969418
0.9047619047619048,0.3597366
0.0,0.40724662
0.0,0.39626005
0.0,0.36232883
0.0,0.33605608
0.0,0.35238597
0.0,0.4371882
0.0,0.4343308
0.0,0.36482638
0.0,0.4351142
0.0,0.4538816
0.3421052631578938,0.37746176
0.324561403508774,0.44217822
0.3421052631578973,0.42094234
0.3333333333333286,0.40887576
0.3157894736842088,0.4085182
0.3157894736842124,0.39523903
0.2719298245614041,0.44779858
0.2807017543859658,0.33222198
0.2807017543859658,0.41513857
0.2807017543859658,0.4057981
0.4939759036144551,0.44207504
0.5180722891566347,0.37243578
0.3855421686746894,0.42639637
0.3132530120481931,0.43599543
0.1927710843373375,0.44102037
0.1807228915662619,0.4022835
0.1686746987951721,0.46129167
0.2168674698795172,0.39259303
0.2530120481927582,0.37533244
0.2771084337349521,0.42534858
0.9523809523809526,0.41401094
0.9523809523809526,0.38633963
0.928571428571428,0.42660168
0.928571428571428,0.39979744
0.9047619047619052,0.37344894
0.9285714285714288,0.4294578
0.9047619047619052,0.3991688
0.9047619047619032,0.42467698
0.9047619047619052,0.43060943
0.9047619047619048,0.36047417
0.0,0.4042379
0.0,0.3961269
0.0,0.36326957
0.0,0.33804807
0.0,0.35253796
0.0,0.43727887
0.0,0.43548065
0.0,0.3663898
0.0,0.4346268
0.0,0.4535987
0.324561403508774,0.381437
0.3421052631578973,0.44069266
0.3333333333333321,0.42453247
0.3157894736842053,0.4078865
0.3157894736842088,0.40810367
0.2719298245614041,0.39638117
0.2807017543859658,0.44842887
0.2807017543859658,0.3350388
0.2807017543859658,0.41568014
0.3070175438596507,0.40366665
0.5180722891566347,0.43895313
0.3855421686747036,0.3725306
0.3132530120481931,0.42826417
0.1927710843373375,0.43527734
0.1807228915662762,0.4389202
0.1686746987951863,0.40047464
0.2168674698795172,0.4602153
0.2530120481927582,0.39097178
0.2771084337349379,0.3752173
0.2771084337349521,0.42446092
0.9523809523809526,0.411116
0.9285714285714288,0.38864022
0.928571428571428,0.42501754
0.9047619047619032,0.40155485
0.9285714285714288,0.37355292
0.9047619047619048,0.43147108
0.9047619047619052,0.39813238
0.9047619047619032,0.4230931
0.9047619047619052,0.43013123
0.8571428571428572,0.36203006
0.0,0.40398374
0.0,0.39578542
0.0,0.36421248
0.0,0.3397088
0.0,0.35119942
0.0,0.43333822
0.0,0.4352176
0.0,0.36867094
0.0,0.43290353
0.0,0.45229712
0.3421052631578938,0.38275754
0.3333333333333357,0.4399784
0.3157894736842088,0.42490584
0.3157894736842053,0.40785044
0.2719298245614041,0.40527058
0.2807017543859658,0.3942746
0.2807017543859658,0.4468812
0.2807017543859658,0.33516797
0.3070175438596507,0.41563812
0.4473684210526336,0.4010163
0.3855421686747178,0.4367198
0.3132530120481931,0.3731271
0.1927710843373375,0.4287611
0.1807228915662762,0.43414253
0.1686746987951579,0.43768793
0.2168674698795172,0.39931896
0.2530120481927724,0.45821148
0.2771084337349379,0.38974527
0.2771084337349379,0.37553117
0.2409638554216968,0.42225748
0.9285714285714288,0.4085687
0.9285714285714288,0.39045906
0.9047619047619052,0.4238528
0.928571428571428,0.40183896
0.9047619047619052,0.3715207
0.9047619047619048,0.4323876
0.9047619047619052,0.3990818
0.9047619047619032,0.4212315
0.8571428571428572,0.4294462
0.5,0.36585912
0.0,0.40458742
0.0,0.39489824
0.0,0.36339802
0.0,0.34214637
0.0,0.34951174
0.0,0.42881617
0.0,0.43304121
0.0,0.36941642
0.0,0.4309329
0.0,0.45147854
0.3333333333333357,0.38292983
0.3157894736842124,0.44109043
0.3157894736842088,0.42353985
0.271929824561397,0.40793258
0.2807017543859658,0.402688
0.2807017543859658,0.3900917
0.2807017543859658,0.4441699
0.3070175438596507,0.3349411
0.4473684210526301,0.41557842
0.6842105263157912,0.39949748
0.3132530120481789,0.43397418
0.1927710843373518,0.3767831
0.1807228915662619,0.42757574
0.1686746987951721,0.4310641
0.2168674698795172,0.43691295
0.2530120481927724,0.3989122
0.2771084337349379,0.45633996
0.2771084337349379,0.38948807
0.2409638554216968,0.37776643
0.2409638554216968,0.42192763
0.9285714285714288,0.40848926
0.9047619047619048,0.39205956
0.928571428571428,0.42296952
0.9047619047619032,0.4004979
0.9047619047619052,0.36852023
0.9047619047619048,0.43059942
0.9047619047619052,0.40087268
0.8571428571428568,0.41899097
0.5,0.4280642
0.4047619047619046,0.37036508
0.0,0.40451315
0.0,0.39588672
0.0,0.36257955
0.0,0.34407082
0.0,0.34914064
0.0,0.42505562
0.0,0.4319592
0.0,0.36894125
0.0,0.42899057
0.0,0.45235947
0.3157894736842088,0.3802939
0.3157894736842124,0.44163126
0.2719298245614041,0.4205616
0.2807017543859658,0.40994427
0.2807017543859658,0.4004778
0.2807017543859658,0.38575438
0.3070175438596543,0.44204214
0.4473684210526265,0.3356114
0.6842105263157912,0.41356274
0.763157894736846,0.40124008
