Actual,Predicted
0.2789473684210577,0.44778824
0.3052631578947355,0.37412924
0.3052631578947427,0.44390494
0.2894736842105274,0.36416444
0.2526315789473727,0.39294845
0.2578947368420969,0.43104982
0.2421052631578959,0.36874098
0.2105263157894725,0.4178558
0.163157894736841,0.3918636
0.1842105263157876,0.40265328
0.619718309859155,0.41597053
0.6901408450704225,0.41533536
0.732394366197183,0.4160987
0.7323943661971835,0.38132006
0.8450704225352115,0.42525554
0.8591549295774645,0.402629
0.8591549295774645,0.46158767
0.887323943661972,0.36285168
0.8732394366197185,0.38185462
0.8591549295774645,0.4370815
0.0,0.4054116
0.0,0.42372736
0.0,0.3965992
0.0,0.41900408
0.0,0.40003806
0.0,0.36556673
0.0,0.4018848
0.0,0.39927647
0.0,0.3989385
0.0,0.45665634
0.430434782608696,0.42103082
0.4075630252100826,0.39998618
0.3927125506072872,0.42452648
0.3684210526315805,0.37937906
0.3076923076923066,0.41302446
0.287449392712551,0.39602202
0.287449392712551,0.35844293
0.2672064777327954,0.41387993
0.2834008097165998,0.36669043
0.2914979757085021,0.3941443
0.3052631578947355,0.45024875
0.3052631578947355,0.3713313
0.2894736842105274,0.44403353
0.2526315789473727,0.36363575
0.257894736842104,0.39395007
0.2421052631578959,0.43276328
0.2105263157894725,0.36703718
0.163157894736841,0.41849345
0.1842105263157876,0.39684665
0.2105263157894796,0.401348
0.6901408450704225,0.4139548
0.732394366197183,0.41344804
0.732394366197183,0.41644797
0.8450704225352119,0.379856
0.859154929577465,0.4262875
0.8591549295774645,0.40181845
0.8873239436619715,0.46014637
0.8732394366197185,0.36103418
0.859154929577465,0.383313
0.8873239436619718,0.43879235
0.0,0.40450507
0.0,0.42512003
0.0,0.39373747
0.0,0.42184982
0.0,0.3992463
0.0,0.3643546
0.0,0.40141502
0.0,0.3961616
0.0,0.4007465
0.0,0.46011934
0.3869565217391297,0.4196183
0.3697478991596625,0.39923492
0.3684210526315805,0.42135608
0.3076923076923101,0.37938416
0.287449392712551,0.41125888
0.287449392712551,0.39325914
0.2672064777327954,0.35667947
0.2834008097165998,0.41221502
0.2914979757085021,0.3677573
0.2753036437246976,0.39538378
0.3052631578947355,0.45277688
0.2894736842105274,0.36887428
0.2526315789473727,0.44512036
0.257894736842104,0.3637588
0.2421052631578959,0.39505616
0.2105263157894796,0.43474615
0.163157894736841,0.36651215
0.1842105263157876,0.4187028
0.2105263157894725,0.39972854
0.2105263157894796,0.40080214
0.732394366197183,0.41245773
0.732394366197183,0.41261947
0.845070422535211,0.41668594
0.8591549295774654,0.3782675
0.859154929577465,0.42718208
0.8873239436619718,0.40098658
0.873239436619718,0.46008703
0.8591549295774654,0.35961476
0.887323943661972,0.38444674
0.830985915492958,0.44018438
0.0,0.4043968
0.0,0.42621797
0.0,0.39212745
0.0,0.42393488
0.0,0.39736226
0.0,0.36327913
0.0,0.4017393
0.0,0.39317685
0.0,0.4008268
0.0,0.46355125
0.3478260869565215,0.41841432
0.3445378151260492,0.39873335
0.3076923076923066,0.4196768
0.2874493927125527,0.3787048
0.287449392712551,0.41065565
0.2672064777327936,0.39011452
0.2834008097165981,0.3564493
0.2914979757085021,0.41188002
0.2753036437246976,0.36801925
0.3279352226720657,0.39621192
0.2894736842105274,0.45501584
0.2526315789473656,0.3668277
0.257894736842104,0.44655472
0.2421052631578959,0.363964
0.2105263157894725,0.3958389
0.163157894736841,0.43574983
0.1842105263157876,0.3659349
0.2105263157894725,0.41919813
0.2105263157894725,0.40243608
0.1947368421052644,0.40065816
0.732394366197183,0.41094628
0.845070422535211,0.4123199
0.8591549295774645,0.4159182
0.8591549295774654,0.37615883
0.887323943661972,0.4284342
0.8732394366197183,0.40027058
0.8591549295774645,0.46070316
0.887323943661972,0.35842395
0.830985915492958,0.38549712
0.6338028169014085,0.44239268
0.0,0.40561774
0.0,0.4270199
0.0,0.390541
0.0,0.42559725
0.0,0.39531398
0.0,0.36213621
0.0,0.40199563
0.0,0.3900322
0.0,0.4001939
0.0,0.46505275
0.3217391304347838,0.41773975
0.2815126050420158,0.39837205
0.287449392712551,0.41836956
0.2874493927125527,0.37778646
0.2672064777327936,0.4109488
0.2834008097165998,0.38818178
0.2914979757085003,0.3567339
0.2753036437246976,0.4116651
0.3279352226720657,0.36750448
0.4655870445344128,0.39642033
0.2526315789473727,0.45662135
0.2578947368420969,0.36553383
0.2421052631578959,0.44723102
0.2105263157894725,0.36344337
0.163157894736841,0.39633086
0.1842105263157876,0.43597043
0.2105263157894725,0.36569136
0.2105263157894725,0.4191055
0.1947368421052644,0.40454465
0.1473684210526329,0.40014976
0.8450704225352115,0.40945458
0.8591549295774645,0.41173172
0.8591549295774645,0.41545042
0.887323943661972,0.37428498
0.8732394366197185,0.42898005
0.8591549295774645,0.40003294
0.8873239436619715,0.46038657
0.830985915492958,0.35730544
0.6338028169014085,0.38565832
0.4788732394366195,0.4444791
0.0,0.40694258
0.0,0.4268903
0.0,0.38887656
0.0,0.42687404
0.0,0.39405096
0.0,0.3607952
0.0,0.40270916
0.0,0.38813505
0.0,0.39972362
0.0,0.46489957
0.2565217391304344,0.41727966
0.2605042016806713,0.39831427
0.287449392712551,0.41672748
0.2672064777327954,0.37773693
0.2834008097165998,0.41080198
0.2914979757085021,0.38682637
0.2753036437246958,0.35783744
0.3279352226720675,0.41122037
0.4655870445344128,0.36706674
0.5829959514170042,0.39610025
0.257894736842104,0.45803547
0.2421052631578959,0.36352432
0.2105263157894725,0.44882953
0.163157894736841,0.362903
0.1842105263157876,0.39692053
0.2105263157894796,0.437012
0.2105263157894725,0.36437258
0.1947368421052644,0.4192547
0.1473684210526329,0.4054375
0.1473684210526329,0.40042502
0.859154929577465,0.40864044
0.8591549295774645,0.41142794
0.8873239436619715,0.4152457
0.8732394366197185,0.3721297
0.859154929577465,0.4302894
0.8873239436619718,0.3996018
0.8309859154929571,0.4615268
0.6338028169014085,0.35597256
0.4788732394366199,0.38585913
0.2816901408450705,0.4465545
0.0,0.4080991
0.0,0.4265918
0.0,0.38810602
0.0,0.42743766
0.0,0.39203662
0.0,0.35926345
0.0,0.4031912
0.0,0.3865675
0.0,0.39971095
0.0,0.4660082
0.234782608695653,0.41758496
0.2605042016806713,0.39816108
0.2672064777327954,0.4153885
0.2834008097165998,0.37722075
0.2914979757085021,0.41077557
0.2753036437246976,0.3862737
0.3279352226720657,0.3581691
0.4655870445344146,0.4113531
0.5829959514170042,0.3655837
0.7206477732793521,0.39609647
0.2421052631578959,0.45672202
0.2105263157894796,0.3630891
0.163157894736841,0.4481895
0.1842105263157876,0.36288083
0.2105263157894725,0.39751172
0.2105263157894796,0.43743512
0.1947368421052644,0.36421734
0.1473684210526329,0.4189653
0.1473684210526329,0.4062462
0.1210526315789479,0.39777118
0.859154929577465,0.4095155
0.8873239436619718,0.410697
0.873239436619718,0.41586724
0.8591549295774654,0.37042925
0.887323943661972,0.43011573
0.830985915492958,0.39859477
0.633802816901408,0.46242186
0.4788732394366199,0.35539368
0.2816901408450709,0.3860404
0.0563380281690135,0.44745594
0.0,0.40825775
0.0,0.42448917
0.0,0.386839
0.0,0.42954788
0.0,0.38956025
0.0,0.35844573
0.0,0.40629506
0.0,0.38622826
0.0,0.39984024
0.0,0.46550295
0.234782608695653,0.4182502
0.2394957983193268,0.398609
0.2834008097165981,0.41433117
0.2914979757085021,0.37665182
0.2753036437246976,0.41106305
0.3279352226720657,0.38760054
0.4655870445344128,0.36002466
0.5829959514170024,0.41245472
0.720647773279353,0.36484575
0.9311740890688256,0.39411628
0.2105263157894725,0.45355636
0.163157894736841,0.36284935
0.1842105263157876,0.44516313
0.2105263157894725,0.36350393
0.2105263157894725,0.39727467
0.1947368421052644,0.43678492
0.1473684210526329,0.3659964
0.1473684210526329,0.41644254
0.1210526315789479,0.40651724
0.1052631578947398,0.394801
0.887323943661972,0.4113248
0.8732394366197183,0.40931264
0.8591549295774645,0.41614026
0.887323943661972,0.37103474
0.830985915492958,0.4277006
0.6338028169014085,0.3975788
0.4788732394366195,0.46206602
0.2816901408450709,0.35645968
0.056338028169014,0.38704476
-0.0704225352112679,0.44619414
0.0,0.40824094
0.0,0.4213074
0.0,0.38487333
0.0,0.43227074
0.0,0.38759178
0.0,0.35864377
0.0,0.41062105
0.0,0.38622728
0.0,0.40016612
0.0,0.46309066
0.2130434782608699,0.41875213
0.2563025210084024,0.39942485
0.2914979757085003,0.41360512
0.2753036437246976,0.37691134
0.3279352226720657,0.41292506
0.4655870445344128,0.38985693
0.5829959514170024,0.3637612
0.7206477732793548,0.4137186
0.9311740890688256,0.36560974
1.0607287449392713,0.3908464
0.163157894736841,0.44809532
0.1842105263157876,0.36291704
0.2105263157894725,0.4419372
0.2105263157894725,0.36622888
0.1947368421052644,0.39638624
0.1473684210526329,0.43566725
0.1473684210526329,0.3688437
0.1210526315789479,0.41300586
0.1052631578947327,0.4039134
0.0526315789473699,0.3930328
0.8732394366197185,0.4128877
0.8591549295774645,0.40669987
0.8873239436619715,0.4150475
0.830985915492958,0.37432355
0.6338028169014085,0.4231306
0.4788732394366195,0.39820206
0.2816901408450705,0.46403253
0.056338028169014,0.35853994
-0.070422535211267,0.39065248
-0.0140845070422535,0.44323653
0.0,0.40827048
0.0,0.41718018
0.0,0.3824897
0.0,0.43542364
0.0,0.3842833
0.0,0.36001816
0.0,0.41506928
0.0,0.38800994
0.0,0.400307
0.0,0.46046123
0.230434782608695,0.4196035
0.2647058823529402,0.40014875
0.2753036437246958,0.41347292
0.3279352226720675,0.37600318
0.4655870445344128,0.41672134
0.5829959514170042,0.3933546
0.720647773279353,0.36838746
0.9311740890688256,0.4145223
1.0607287449392713,0.36688137
1.0080971659919031,0.3877659
0.1842105263157876,0.440473
0.2105263157894796,0.35896406
0.2105263157894725,0.43931285
0.1947368421052644,0.36890227
0.1473684210526329,0.39678562
0.1473684210526329,0.43603757
0.1210526315789479,0.37223947
0.1052631578947398,0.41231483
0.0526315789473628,0.3971386
0.0210526315789394,0.39211115
0.859154929577465,0.4126249
0.8873239436619718,0.4027079
0.8309859154929571,0.41412926
0.6338028169014085,0.3753168
0.4788732394366199,0.4218121
0.2816901408450705,0.40038672
0.056338028169014,0.4716283
-0.070422535211267,0.36030704
-0.0140845070422535,0.39542824
-0.0422535211267605,0.44215623
0.0,0.40998116
0.0,0.410701
0.0,0.38321295
0.0,0.44273168
0.0,0.3772492
0.0,0.36385712
0.0,0.41858944
0.0,0.3891855
0.0,0.3967377
0.0,0.45745522
0.2391304347826075,0.4252244
0.2478991596638646,0.39899075
0.3279352226720657,0.41382712
0.4655870445344146,0.3745889
0.5829959514170042,0.42559835
0.7206477732793521,0.39828438
0.9311740890688274,0.3722148
1.0607287449392722,0.41775692
1.0080971659919031,0.367134
1.040485829959514,0.38246006
0.2105263157894725,0.43660906
0.2105263157894796,0.34979564
0.1947368421052644,0.43722883
0.1473684210526329,0.36932743
0.1473684210526329,0.39552844
0.1210526315789479,0.43459904
0.1052631578947327,0.37119552
0.0526315789473699,0.41584423
0.0210526315789465,0.38943592
-0.0105263157894768,0.3929613
0.887323943661972,0.41339818
0.830985915492958,0.3992959
0.633802816901408,0.41211376
0.4788732394366199,0.37146398
0.2816901408450709,0.42206728
0.0563380281690135,0.40452093
-0.0704225352112679,0.48268393
-0.014084507042253,0.35954708
-0.04225352112676,0.39828295
0.112676056338028,0.44281808
0.0,0.41358557
0.0,0.40689763
0.0,0.38433063
0.0,0.45101342
0.0,0.36954066
0.0,0.36702403
0.0,0.41847134
0.0,0.38924724
0.0,0.3879669
0.0,0.45669192
0.2217391304347842,0.43136603
0.3025210084033602,0.39752346
0.4655870445344128,0.4172915
0.5829959514170024,0.37403828
0.720647773279353,0.43145746
0.9311740890688256,0.40127072
1.0607287449392704,0.37158972
1.0080971659919022,0.42429104
1.040485829959514,0.36361888
0.8744939271255054,0.375988
0.2105263157894725,0.43772608
0.1947368421052644,0.33949122
0.1473684210526329,0.4384517
0.1473684210526329,0.36948383
0.1210526315789479,0.388386
0.1052631578947398,0.43626156
0.0526315789473699,0.3679668
0.0210526315789465,0.4218427
-0.0105263157894697,0.382343
0.1263157894736792,0.39407888
0.830985915492958,0.41534993
0.6338028169014085,0.39703706
0.4788732394366195,0.41001686
0.2816901408450709,0.36686087
0.056338028169014,0.42202052
-0.0704225352112679,0.40982938
-0.0140845070422539,0.49666172
-0.04225352112676,0.3569114
0.1126760563380284,0.4015977
0.704225352112676,0.44710973
0.0,0.41528103
0.0,0.40698385
0.0,0.38589647
0.0,0.45721903
0.0,0.36385065
0.0,0.36704588
0.0,0.41832384
0.0,0.38826838
0.0,0.37906033
0.0,0.45921135
0.2782608695652175,0.43697155
0.4453781512605026,0.39547294
0.5829959514170024,0.42559952
0.7206477732793548,0.37079978
0.9311740890688256,0.4379344
1.0607287449392713,0.40162838
1.0080971659919022,0.36615807
1.0404858299595148,0.42951715
0.8744939271255054,0.35606948
0.4372469635627531,0.37171024
0.1947368421052644,0.4412433
0.1473684210526329,0.3288629
0.1473684210526329,0.44277683
0.1210526315789479,0.3680251
0.1052631578947327,0.37895223
0.0526315789473699,0.4406665
0.0210526315789465,0.3644831
-0.0105263157894697,0.42583832
0.1263157894736792,0.37834895
0.1684210526315865,0.39558652
0.6338028169014085,0.41663894
0.4788732394366195,0.39755872
0.2816901408450705,0.40768218
0.056338028169014,0.3640921
-0.070422535211267,0.42239052
-0.0140845070422535,0.41317347
-0.0422535211267609,0.5117049
0.1126760563380289,0.35577658
0.704225352112676,0.4052434
0.6197183098591545,0.4512807
0.0,0.41492417
0.0,0.40997228
0.0,0.3873507
0.0,0.4616339
0.0,0.35953858
0.0,0.3637258
0.0,0.4195623
0.0,0.38627985
0.0,0.37071303
0.0,0.46316624
0.426086956521738,0.4415765
0.5672268907563023,0.39336514
0.720647773279353,0.4337443
0.9311740890688256,0.3638761
1.0607287449392713,0.44886076
1.0080971659919031,0.40128008
1.0404858299595148,0.3567479
0.8744939271255081,0.43279737
0.4372469635627531,0.3474552
0.473684210526315,0.36793607
0.1473684210526329,0.44395816
0.1473684210526329,0.32220587
0.1210526315789479,0.44725114
0.1052631578947398,0.36550528
0.0526315789473628,0.37182996
0.0210526315789394,0.4449239
-0.0105263157894697,0.36190453
0.1263157894736792,0.42778847
0.1684210526315794,0.37687355
0.2578947368420969,0.3956843
0.4788732394366199,0.41886818
0.2816901408450705,0.40098074
0.056338028169014,0.4044124
-0.070422535211267,0.36472523
-0.0140845070422535,0.42370594
-0.0422535211267605,0.41532692
0.112676056338028,0.5206731
0.7042253521126769,0.3554946
0.619718309859155,0.40860912
0.6901408450704225,0.45383492
0.0,0.4128335
0.0,0.4156261
0.0,0.38981846
0.0,0.4633209
0.0,0.35793906
0.0,0.36195025
0.0,0.41860658
0.0,0.38641208
0.0,0.36363557
0.0,0.46444172
0.5521739130434788,0.4440748
0.7100840336134446,0.38976786
0.9311740890688274,0.44121778
1.0607287449392722,0.35835212
1.0080971659919031,0.4578644
1.040485829959514,0.40035912
0.8744939271255081,0.34657812
0.4372469635627549,0.43376818
0.4736842105263168,0.34096313
0.4453441295546554,0.3655336
0.1473684210526329,0.4487925
0.1210526315789479,0.326042
0.1052631578947327,0.45748204
0.0526315789473699,0.36479664
0.0210526315789465,0.37202045
-0.0105263157894768,0.45048907
0.1263157894736792,0.3614903
0.1684210526315794,0.4301634
0.257894736842104,0.37368998
0.3526315789473671,0.3985803
0.2816901408450709,0.4205802
0.0563380281690135,0.41201666
-0.0704225352112679,0.4039591
-0.014084507042253,0.3689339
-0.04225352112676,0.42659214
0.112676056338028,0.4128416
0.704225352112676,0.5220775
0.6197183098591554,0.3551255
0.6901408450704225,0.406887
0.943661971830986,0.4585448
0.0,0.414078
0.0,0.42319065
0.0,0.3943013
0.0,0.45708385
0.0,0.36177674
0.0,0.35872248
0.0,0.41260666
0.0,0.38744038
0.0,0.36242348
1.045454545454561,0.4620957
0.7000000000000011,0.44315907
0.928571428571427,0.38672218
1.0607287449392704,0.4475208
1.0080971659919022,0.3549677
1.040485829959514,0.46139798
0.8744939271255054,0.39908317
0.4372469635627531,0.33595026
0.4736842105263168,0.43002558
0.4453441295546554,0.3348595
0.3562753036437254,0.36915928
0.1210526315789479,0.4516962
0.1052631578947398,0.33215234
0.0526315789473699,0.46606538
0.0210526315789465,0.36062148
-0.0105263157894697,0.37576157
0.1263157894736792,0.45514396
0.1684210526315794,0.36191955
0.257894736842104,0.42997283
0.3526315789473671,0.3683531
0.3736842105263136,0.3999705
0.056338028169014,0.4240412
-0.0704225352112679,0.41991594
-0.0140845070422539,0.4067133
-0.04225352112676,0.37482154
0.1126760563380284,0.42901585
0.704225352112676,0.40946355
0.6197183098591545,0.52367973
0.690140845070423,0.35422447
0.9436619718309858,0.40472066
0.9577464788732392,0.4619984
0.0,0.41427386
0.0,0.42761445
0.0,0.39849415
0.0,0.4481047
0.0,0.36301136
0.0,0.35539317
0.0,0.41060382
0.0,0.38938043
1.0454545454545467,0.3654827
0.2272727272727337,0.46325248
0.926086956521738,0.44444078
1.0630252100840325,0.38827053
1.0080971659919022,0.45080042
1.0404858299595148,0.3502714
0.8744939271255054,0.46440482
0.4372469635627531,0.39938357
0.473684210526315,0.33315143
0.4453441295546554,0.42831182
0.3562753036437254,0.33092728
0.344129554655872,0.37390545
0.1052631578947327,0.45312995
0.0526315789473699,0.3433314
0.0210526315789465,0.4665695
-0.0105263157894697,0.35806444
0.1263157894736792,0.38007224
0.1684210526315865,0.45356694
0.257894736842104,0.36225227
0.3526315789473671,0.42978233
0.3736842105263136,0.37332246
0.4157894736842067,0.39681572
-0.070422535211267,0.42765614
-0.0140845070422535,0.42343768
-0.0422535211267609,0.40657285
0.1126760563380289,0.3769001
0.704225352112676,0.42911378
0.6197183098591545,0.40773892
0.6901408450704225,0.5147468
0.9436619718309864,0.35134572
0.9577464788732392,0.3986103
0.971830985915493,0.46384418
0.0,0.4164873
0.0,0.43060705
0.0,0.401212
0.0,0.4400253
0.0,0.36678883
0.0,0.35761395
0.0,0.40982133
1.0454545454545467,0.39416072
0.2272727272727195,0.36880237
0.0909090909090934,0.46140477
1.0652173913043477,0.44246915
1.008403361344537,0.3905445
1.0404858299595148,0.45316225
0.8744939271255081,0.3514297
0.4372469635627531,0.45852953
0.473684210526315,0.4019822
0.4453441295546554,0.3367179
0.3562753036437254,0.42917714
0.3441295546558702,0.33350953
0.336032388663968,0.3780302
0.0526315789473628,0.45414418
0.0210526315789394,0.3608767
-0.0105263157894697,0.46191254
0.1263157894736792,0.35285634
0.1684210526315794,0.3860799
0.2578947368420969,0.443824
0.3526315789473671,0.36329705
0.3736842105263136,0.43088126
0.4157894736842067,0.37647575
0.4736842105263221,0.39339983
-0.0140845070422535,0.4249404
-0.0422535211267605,0.42176816
0.112676056338028,0.40675792
0.7042253521126769,0.37028202
0.619718309859155,0.4317984
0.6901408450704225,0.40590376
0.9436619718309855,0.5058031
0.9577464788732396,0.35232985
0.9718309859154928,0.39353785
0.9859154929577464,0.45870304
0.0,0.42130706
0.0,0.43239188
0.0,0.4012499
0.0,0.43428913
0.0,0.37851888
0.0,0.36048552
1.0454545454545396,0.40421668
0.2272727272727266,0.40095392
0.0909090909090792,0.37117806
0.0,0.4496748
1.0086956521739123,0.4354611
1.042016806722688,0.39368567
0.8744939271255081,0.44334227
0.4372469635627549,0.36187994
0.4736842105263168,0.44761157
0.4453441295546554,0.39851525
0.3562753036437236,0.34574506
0.3441295546558702,0.4251431
0.336032388663968,0.34229925
0.344129554655872,0.3758677
0.0210526315789465,0.44703805
-0.0105263157894768,0.37144083
0.1263157894736792,0.46820444
0.1684210526315794,0.3490009
0.257894736842104,0.3970145
0.3526315789473671,0.44000304
0.3736842105263136,0.36481902
0.4157894736842067,0.42486
0.473684210526315,0.37640396
0.4842105263157918,0.39528522
-0.04225352112676,0.419618
0.112676056338028,0.42533314
0.704225352112676,0.41396168
0.6197183098591554,0.37835222
0.6901408450704225,0.42845163
0.943661971830986,0.40712854
0.9577464788732396,0.49892613
0.971830985915493,0.3456032
0.9859154929577464,0.38783002
0.9859154929577464,0.45586002
0.0,0.42507324
0.0,0.43128592
0.0,0.40221965
0.0,0.43075842
0.0,0.38905016
1.045454545454561,0.35043493
0.2272727272727266,0.39987302
0.0909090909090934,0.39243215
0.0,0.38785264
0.0,0.448002
1.0434782608695643,0.43202195
0.8697478991596626,0.400912
0.4372469635627531,0.43307042
0.4736842105263168,0.3680995
0.4453441295546554,0.44315353
0.3562753036437254,0.3946432
0.3441295546558702,0.35393864
0.3360323886639698,0.4205282
0.3441295546558702,0.35171252
0.3400809716599191,0.37819862
-0.0105263157894697,0.44692987
0.1263157894736792,0.3759014
0.1684210526315794,0.46006542
0.257894736842104,0.34164274
0.3526315789473671,0.39413065
0.3736842105263136,0.43552622
0.4157894736842067,0.36050835
0.473684210526315,0.42429024
0.4842105263157918,0.3809823
0.4947368421052616,0.3925894
0.1126760563380284,0.41839752
0.704225352112676,0.424923
0.6197183098591545,0.4178244
0.690140845070423,0.37170032
0.9436619718309858,0.43298352
0.9577464788732392,0.40377498
0.971830985915493,0.4931639
0.9859154929577468,0.34892562
0.9859154929577464,0.38591266
0.9859154929577464,0.45220634
0.0,0.41780594
0.0,0.42149612
0.0,0.3956708
0.0,0.4245802
1.0454545454545467,0.3910803
0.2272727272727337,0.3478915
0.0909090909090934,0.40188044
0.0,0.4001536
0.0,0.40092993
0.0909090909090934,0.44871417
0.8652173913043466,0.4213628
0.4159663865546221,0.40453482
0.473684210526315,0.42472416
0.4453441295546554,0.3679414
0.3562753036437254,0.4365283
0.344129554655872,0.3931856
0.336032388663968,0.35998383
0.3441295546558702,0.4181037
0.3400809716599191,0.3572234
0.3198380566801617,0.3823953
0.1263157894736792,0.44845772
0.1684210526315865,0.37688676
0.257894736842104,0.45032316
0.3526315789473671,0.3514753
0.3736842105263136,0.38957852
0.4157894736842067,0.43262663
0.473684210526315,0.35157505
0.4842105263157918,0.42455852
0.4947368421052616,0.3939455
0.5052631578947384,0.3896961
0.704225352112676,0.4259594
0.6197183098591545,0.41398337
0.6901408450704225,0.41251922
0.9436619718309864,0.37143737
0.9577464788732392,0.4243451
0.971830985915493,0.40142527
0.9859154929577464,0.47677442
0.9859154929577468,0.3508976
0.9859154929577464,0.38262263
0.971830985915493,0.45402402
0.0,0.4174362
0.0,0.42254514
0.0,0.38718393
1.0454545454545467,0.42749605
0.2272727272727195,0.39146397
0.0909090909090934,0.35179663
0.0,0.41390297
0.0,0.4012431
0.0909090909090792,0.40841904
0.3636363636363739,0.45758498
0.3956521739130441,0.42360526
0.4537815126050404,0.39399302
0.4453441295546554,0.42620888
0.3562753036437254,0.37790933
0.3441295546558702,0.425154
0.336032388663968,0.4044081
0.3441295546558702,0.3600859
0.3400809716599173,0.41864517
0.3198380566801617,0.3630133
0.3117408906882595,0.3875523
0.1684210526315794,0.44864076
0.2578947368420969,0.3695272
0.3526315789473671,0.4528375
0.3736842105263136,0.35453966
0.4157894736842067,0.38973618
0.4736842105263221,0.43605617
0.4842105263157918,0.34888497
0.4947368421052616,0.41933924
0.5052631578947384,0.39688724
0.5,0.3957326
0.619718309859155,0.42736432
0.6901408450704225,0.4166688
0.9436619718309855,0.40980124
0.9577464788732396,0.37680894
0.9718309859154928,0.4244062
0.9859154929577464,0.40158018
0.9859154929577464,0.46824384
0.9859154929577468,0.35008922
0.9718309859154928,0.37847662
0.9859154929577464,0.44866902
0.0,0.41495603
0.0,0.42725083
1.0454545454545396,0.39243263
0.2272727272727266,0.4290879
0.0909090909090792,0.3952921
0.0,0.34936106
0.0,0.41558957
0.0909090909090934,0.39598647
0.3636363636363597,0.4110689
0.2272727272727337,0.4672637
0.4347826086956523,0.42463866
0.4243697478991581,0.38889775
0.3562753036437236,0.42652774
0.3441295546558702,0.38187766
0.336032388663968,0.4189575
0.344129554655872,0.4023601
0.3400809716599173,0.35754025
0.3198380566801617,0.4212276
0.3117408906882595,0.3671519
0.2995951417004043,0.39317343
0.257894736842104,0.4535617
0.3526315789473671,0.3661181
0.3736842105263136,0.45727858
0.4157894736842067,0.350215
0.473684210526315,0.389
0.4842105263157918,0.43898937
0.4947368421052616,0.34844413
0.5052631578947384,0.41968313
0.5,0.39949784
0.5052631578947384,0.39491704
0.6901408450704225,0.42571875
0.943661971830986,0.41469032
0.9577464788732396,0.41476363
0.971830985915493,0.37409097
0.9859154929577464,0.42689794
0.9859154929577464,0.39961302
0.9859154929577464,0.47029924
0.971830985915493,0.34891152
0.9859154929577464,0.38072836
0.9859154929577464,0.4500606
0.0,0.4123233
1.045454545454561,0.4300381
0.2272727272727266,0.3882253
0.0909090909090934,0.42951944
0.0,0.39298707
0.0,0.34623477
0.0909090909090934,0.4129666
0.3636363636363597,0.39511684
0.2272727272727195,0.4124602
0.3636363636363739,0.47306755
0.4043478260869566,0.4271911
0.3319327731092425,0.3901507
0.3441295546558702,0.42352617
0.3360323886639698,0.37886873
0.3441295546558702,0.418764
0.3400809716599191,0.39707974
0.3198380566801617,0.35687748
0.3117408906882595,0.41979054
0.2995951417004043,0.36290407
0.2834008097165998,0.3941237
0.3526315789473671,0.45213062
0.3736842105263136,0.3670899
0.4157894736842067,0.45020938
0.473684210526315,0.35222676
0.4842105263157918,0.39258826
0.4947368421052616,0.4320246
0.5052631578947384,0.35914737
0.5,0.41524276
0.5052631578947384,0.39585927
0.5157894736842081,0.3981856
0.9436619718309858,0.41445896
0.9577464788732392,0.41555107
0.971830985915493,0.41886407
0.9859154929577468,0.37747544
0.9859154929577464,0.42845505
0.9859154929577464,0.39902145
0.971830985915493,0.4662384
0.9859154929577468,0.35475403
0.9859154929577464,0.38240176
0.9859154929577464,0.44319296
1.0454545454545467,0.40826857
0.2272727272727337,0.4242403
0.0909090909090934,0.388068
0.0,0.42570508
0.0,0.39995086
0.0909090909090934,0.35107034
0.3636363636363597,0.40832075
0.2272727272727266,0.38981205
0.3636363636363597,0.41056737
0.1818181818181869,0.4651155
0.3086956521739132,0.42249885
0.3193277310924376,0.39794937
0.336032388663968,0.41921467
0.3441295546558702,0.38043362
0.3400809716599191,0.4165038
0.3198380566801617,0.38968837
0.3117408906882577,0.35457414
0.2995951417004061,0.41520205
0.2834008097165998,0.370566
0.2712550607287447,0.39009112
0.3736842105263136,0.45815188
0.4157894736842067,0.36493808
0.473684210526315,0.45263106
0.4842105263157918,0.35021615
0.4947368421052616,0.3975457
0.5052631578947384,0.43853977
0.5,0.3556881
0.5052631578947384,0.41740027
0.5157894736842081,0.39317036
0.5368421052631618,0.40421155
0.9577464788732392,0.4103718
0.971830985915493,0.41254935
0.9859154929577464,0.42050156
0.9859154929577468,0.3711652
0.9859154929577464,0.4310264
0.971830985915493,0.4008947
0.9859154929577464,0.47804755
0.9859154929577468,0.3486821
0.9859154929577464,0.3865022
0.9859154929577464,0.44569123
0.2272727272727195,0.4113568
0.0909090909090934,0.4285598
0.0,0.38832724
0.0,0.43172646
0.0909090909090792,0.39565083
0.3636363636363739,0.35249552
0.2272727272727266,0.39699388
0.3636363636363597,0.39316428
0.1818181818181869,0.40408373
0.0454545454545467,0.47395
0.2956521739130426,0.42369208
0.310924369747898,0.39740938
0.3441295546558702,0.41648713
0.3400809716599173,0.3773329
0.3198380566801617,0.41638872
0.3117408906882595,0.3817353
0.2995951417004026,0.3540072
0.2834008097165998,0.41492027
0.2712550607287447,0.3634213
0.2469635627530362,0.39149123
0.4157894736842067,0.46473783
0.4736842105263221,0.36831635
0.4842105263157918,0.4480295
0.4947368421052616,0.35176545
0.5052631578947384,0.39949274
0.5,0.4407846
0.5052631578947384,0.35223448
0.5157894736842152,0.4251082
0.5368421052631547,0.39630914
0.5578947368421012,0.40369958
0.9718309859154928,0.41650409
0.9859154929577464,0.41002336
0.9859154929577464,0.4116625
0.9859154929577468,0.36695164
0.9718309859154928,0.4323873
0.9859154929577464,0.3953805
0.9859154929577464,0.48076957
0.9859154929577468,0.3442782
0.9859154929577464,0.38599008
0.9859154929577464,0.44975537
0.0909090909090792,0.4127274
0.0,0.4331503
0.0,0.38873848
0.0909090909090934,0.43288982
0.3636363636363597,0.39686334
0.2272727272727337,0.35544983
0.3636363636363597,0.3939657
0.1818181818181798,0.39349174
0.0454545454545325,0.40901116
0.0,0.48359054
0.2869565217391301,0.4261786
0.3193277310924376,0.3937542
0.3400809716599173,0.4189452
0.3198380566801617,0.3812721
0.3117408906882595,0.41548598
0.2995951417004043,0.37370673
0.2834008097165981,0.3531937
0.2712550607287465,0.41848934
0.2469635627530362,0.36662066
0.2510121457489873,0.39019653
0.473684210526315,0.46998656
0.4842105263157918,0.36931878
0.4947368421052616,0.44989786
0.5052631578947384,0.35238674
0.5,0.3989067
0.5052631578947384,0.43943933
0.5157894736842152,0.34737426
0.5368421052631547,0.42507946
0.5578947368421012,0.40263155
0.6157894736842167,0.40268397
0.9859154929577464,0.4144073
0.9859154929577464,0.40905532
0.9859154929577464,0.41565943
0.971830985915493,0.3617015
0.9859154929577464,0.4311007
0.9859154929577464,0.3926238
0.9859154929577464,0.4825722
0.9859154929577468,0.33998933
0.9859154929577464,0.38561147
0.9577464788732392,0.4577655
0.0,0.41754517
0.0,0.43174443
0.0909090909090934,0.3778702
0.3636363636363597,0.43377572
0.2272727272727195,0.3968351
0.3636363636363739,0.3468057
0.1818181818181869,0.39552486
0.0454545454545467,0.38528687
0.0,0.4155852
0.0454545454545467,0.48944342
0.2956521739130426,0.42638814
0.3151260504201669,0.3946816
0.3198380566801617,0.4179454
0.3117408906882595,0.37720752
0.2995951417004043,0.41219306
0.2834008097165998,0.3776033
0.2712550607287447,0.3549675
0.246963562753038,0.4167079
0.2510121457489873,0.36442363
0.2550607287449402,0.3909342
0.4842105263157918,0.4706634
0.4947368421052616,0.36531556
0.5052631578947384,0.4560844
0.5,0.3531875
0.5052631578947384,0.39529482
0.5157894736842081,0.44418868
0.5368421052631618,0.34743193
0.5578947368421083,0.42665085
0.6157894736842096,0.40035602
0.6368421052631561,0.4043666
0.9859154929577464,0.41841927
0.9859154929577464,0.4112244
0.971830985915493,0.41769886
0.9859154929577468,0.3629617
0.9859154929577464,0.4324453
0.9859154929577464,0.39255878
0.9859154929577464,0.48696822
0.9859154929577468,0.33932522
0.9577464788732392,0.38303065
0.8732394366197183,0.46021587
0.0,0.41469786
0.0909090909090934,0.43436748
0.3636363636363597,0.3807883
0.2272727272727266,0.43348935
0.3636363636363597,0.3944338
0.1818181818181869,0.34364635
0.0454545454545396,0.39774346
0.0,0.38834715
0.0454545454545325,0.4137525
0.0,0.4939549
0.2913043478260881,0.4268959
0.2941176470588225,0.3975015
0.3117408906882577,0.42146897
0.2995951417004061,0.3744433
0.2834008097165998,0.41094887
0.2712550607287447,0.38174662
0.2469635627530362,0.3537169
0.2510121457489873,0.41837543
0.2550607287449384,0.3576281
0.287449392712551,0.39389238
0.4947368421052616,0.47199702
0.5052631578947384,0.3639365
0.5,0.46027297
0.5052631578947384,0.35542637
0.5157894736842081,0.3920901
0.5368421052631618,0.44701356
0.5578947368421012,0.34800178
0.6157894736842096,0.4283159
0.6368421052631561,0.39954287
0.6684210526315866,0.4048622
0.9859154929577464,0.42090663
0.971830985915493,0.41065112
0.9859154929577464,0.41979074
0.9859154929577468,0.36302507
0.9859154929577464,0.4327193
0.9859154929577464,0.39210442
0.9859154929577464,0.4877529
0.9577464788732396,0.34068415
0.8732394366197185,0.3818047
0.8591549295774645,0.4626073
0.0909090909090792,0.40994707
0.3636363636363739,0.43521592
0.2272727272727266,0.38134435
0.3636363636363597,0.43198574
0.1818181818181869,0.3921486
0.0454545454545467,0.34295896
0.0,0.4017885
0.0454545454545467,0.39167982
0.0,0.4118923
0.0,0.49691224
0.2695652173913032,0.4286806
0.2857142857142847,0.39753425
0.2995951417004026,0.42398125
0.2834008097165998,0.3717682
0.2712550607287447,0.40972078
0.2469635627530362,0.38563293
0.2510121457489855,0.35322404
0.2550607287449402,0.41848856
0.287449392712551,0.3519875
0.2793522267206487,0.39740637
0.5052631578947384,0.4715312
0.5,0.36390233
0.5052631578947384,0.4606218
0.5157894736842152,0.35800916
0.5368421052631547,0.39221194
0.5578947368421012,0.44794756
0.6157894736842096,0.35176566
0.6368421052631561,0.42817193
0.6684210526315795,0.3971337
0.7000000000000028,0.40686443
0.9718309859154928,0.41910875
0.9859154929577464,0.41236854
0.9859154929577464,0.42212835
0.9859154929577468,0.36568603
0.9859154929577464,0.43247956
0.9859154929577464,0.39223042
0.9577464788732396,0.48490825
0.8732394366197185,0.3430234
0.859154929577465,0.3798567
0.788732394366197,0.45995829
0.3636363636363597,0.4063241
0.2272727272727337,0.4347584
0.3636363636363597,0.38360658
0.1818181818181798,0.43163797
0.0454545454545325,0.39464003
0.0,0.34742546
0.0454545454545396,0.40258867
0.0,0.39363036
0.0,0.408338
0.0,0.4937899
0.2608695652173907,0.4281009
0.273109243697478,0.39974952
0.2834008097165981,0.4266879
0.2712550607287465,0.37111562
0.2469635627530362,0.40865496
0.2510121457489873,0.38558036
0.2550607287449384,0.35131454
0.2874493927125527,0.41712105
0.2793522267206469,0.35163245
0.2914979757085021,0.39923477
0.5,0.47294685
0.5052631578947384,0.36629683
0.5157894736842152,0.46042585
0.5368421052631547,0.3583597
0.5578947368421012,0.39394778
0.6157894736842167,0.44958803
0.6368421052631632,0.35255745
0.6684210526315795,0.42805085
0.7000000000000028,0.39522743
0.7000000000000028,0.40832946
0.9859154929577464,0.4178825
0.9859154929577464,0.4123251
0.9859154929577464,0.4239432
0.9859154929577468,0.3670808
0.9859154929577464,0.4325761
0.9577464788732392,0.39329952
0.873239436619718,0.48468715
0.8591549295774654,0.34256256
0.788732394366197,0.37991142
0.7183098591549295,0.458794
0.2272727272727195,0.4038067
0.3636363636363739,0.43498224
0.1818181818181869,0.38446203
0.0454545454545467,0.43180043
0.0,0.3956603
0.0454545454545467,0.34927803
0.0,0.40142074
0.0,0.39552602
0.0,0.40730083
0.0,0.49263373
0.2478260869565218,0.42933854
0.2563025210084024,0.4007036
0.2712550607287447,0.42655373
0.246963562753038,0.36990076
0.2510121457489873,0.40678453
0.2550607287449402,0.38248754
0.287449392712551,0.3509169
0.2793522267206469,0.4159724
0.2914979757085021,0.35064334
0.3198380566801617,0.40091857
0.5052631578947384,0.47256017
0.5157894736842081,0.37025428
0.5368421052631618,0.45530432
0.5578947368421083,0.3609614
0.6157894736842096,0.39621544
0.6368421052631561,0.44734356
0.6684210526315795,0.35529318
0.7000000000000028,0.42819768
0.7000000000000028,0.39621788
0.7052631578947341,0.40880027
0.9859154929577464,0.4165983
0.9859154929577464,0.41118348
0.9859154929577464,0.42421037
0.9859154929577468,0.3675394
0.9577464788732392,0.43180606
0.8732394366197183,0.3908686
0.8591549295774645,0.48072416
0.7887323943661979,0.34390444
0.7183098591549295,0.37925345
0.6056338028169015,0.4555666
0.3636363636363597,0.40347904
0.1818181818181869,0.43315488
0.0454545454545396,0.38338524
0.0,0.43116525
0.0454545454545325,0.39897156
0.0,0.354509
0.0,0.40114707
0.0,0.3953178
0.0,0.4075625
0.0,0.49015445
0.230434782608695,0.42876935
0.2436974789915957,0.40234375
0.2469635627530362,0.42554054
0.2510121457489873,0.3725489
0.2550607287449384,0.40488982
0.287449392712551,0.3816322
0.2793522267206469,0.35212806
0.2914979757085021,0.4150055
0.3198380566801617,0.3552784
0.3927125506072872,0.40064675
0.5157894736842081,0.47079346
0.5368421052631618,0.37469706
0.5578947368421012,0.45070043
0.6157894736842096,0.36304286
0.6368421052631561,0.39890838
0.6684210526315866,0.44541207
0.7000000000000028,0.35573813
0.7000000000000028,0.42790264
0.7052631578947341,0.39566848
0.6842105263157876,0.40859386
0.9859154929577464,0.41594934
0.9859154929577464,0.40945506
0.9859154929577464,0.42576045
0.9577464788732396,0.36653477
0.8732394366197185,0.4302099
0.8591549295774645,0.39022422
0.7887323943661975,0.48053306
0.7183098591549295,0.34438115
0.6056338028169015,0.38006663
0.5070422535211265,0.45252776
0.1818181818181869,0.40425366
0.0454545454545467,0.4305024
0.0,0.38127208
0.0454545454545467,0.4321424
0.0,0.40270704
0.0,0.35623592
0.0,0.4028577
0.0,0.39356443
0.0,0.409669
0.0,0.48941714
0.2173913043478261,0.42906964
0.2184873949579824,0.4022924
0.2510121457489855,0.4236063
0.2550607287449402,0.37455985
0.287449392712551,0.4025564
0.2793522267206487,0.38144034
0.2914979757085003,0.35445997
0.3198380566801617,0.4152495
0.3927125506072872,0.3591131
0.4615384615384617,0.39971966
0.5368421052631547,0.4696254
0.5578947368421012,0.37510636
0.6157894736842096,0.44936645
0.6368421052631561,0.3662473
0.6684210526315795,0.39890638
0.7000000000000028,0.44469243
0.7000000000000028,0.35692656
0.7052631578947341,0.42892194
0.6842105263157876,0.39417827
0.6736842105263179,0.40982258
0.9859154929577464,0.4174121
0.9859154929577464,0.40965754
0.9577464788732396,0.42453352
0.8732394366197185,0.367736
0.859154929577465,0.42950302
0.788732394366197,0.38946056
0.7183098591549295,0.47987428
0.6056338028169019,0.34489208
0.5070422535211265,0.37943858
0.5352112676056335,0.4505726
0.0454545454545325,0.40442133
0.0,0.4301552
0.0454545454545396,0.3824922
0.0,0.43154812
0.0,0.40478063
0.0,0.3592182
0.0,0.40266985
0.0,0.3944806
0.0,0.40861452
0.0,0.48857635
0.1913043478260867,0.42955723
0.2226890756302495,0.40312633
0.2550607287449384,0.42480892
0.2874493927125527,0.3760069
0.2793522267206469,0.4023408
0.2914979757085021,0.38172314
0.3198380566801617,0.35394385
0.3927125506072872,0.41682425
0.4615384615384617,0.3599751
0.4453441295546554,0.39864156
0.5578947368421012,0.46748826
0.6157894736842167,0.3766123
0.6368421052631632,0.44767034
0.6684210526315795,0.3691916
0.7000000000000028,0.39883554
0.7000000000000028,0.44318485
0.7052631578947341,0.35856047
0.6842105263157876,0.42833352
0.6736842105263179,0.3929405
0.6421052631579016,0.40959546
0.9859154929577464,0.41778246
0.9577464788732392,0.4096423
0.873239436619718,0.4245133
0.8591549295774654,0.3684054
0.788732394366197,0.42808035
0.7183098591549295,0.3894868
0.605633802816901,0.47919586
0.5070422535211274,0.34615076
0.535211267605634,0.38005888
0.436619718309859,0.4489833
0.0,0.40367213
0.0454545454545467,0.42794707
0.0,0.38140604
0.0,0.43062258
0.0,0.40604344
0.0,0.36071405
0.0,0.4037838
0.0,0.39440924
0.0,0.40883937
0.0,0.48647755
0.195652173913043,0.4300028
0.2268907563025202,0.40413505
0.287449392712551,0.42460883
0.2793522267206469,0.37543166
0.2914979757085021,0.40272292
0.3198380566801617,0.3831041
0.3927125506072872,0.35430148
0.4615384615384617,0.41596255
0.4453441295546554,0.36021975
0.5020242914979764,0.39790472
0.6157894736842096,0.46447042
0.6368421052631561,0.37596002
0.6684210526315795,0.44778246
0.7000000000000028,0.37258092
0.7000000000000028,0.39756897
0.7052631578947341,0.44176054
0.6842105263157876,0.3615254
0.6736842105263179,0.42539325
0.6421052631578945,0.3895673
0.6421052631579016,0.41213593
0.9577464788732392,0.41893005
0.8732394366197183,0.4106354
0.8591549295774645,0.42297608
0.7887323943661979,0.37209255
0.7183098591549295,0.42739567
0.6056338028169015,0.3908028
0.5070422535211265,0.47838387
0.5352112676056344,0.34910816
0.4366197183098594,0.3794672
0.436619718309859,0.44758666
0.0454545454545325,0.40152794
0.0,0.42541644
0.0,0.38268608
0.0,0.4277491
0.0,0.40471193
0.0,0.36388177
0.0,0.40585703
0.0,0.39504734
0.0,0.4064498
0.0,0.48344332
0.1999999999999993,0.43089682
0.2605042016806713,0.40479094
0.2793522267206469,0.4276509
0.2914979757085021,0.3727101
0.3198380566801617,0.40538168
0.3927125506072872,0.38502255
0.4615384615384599,0.35288614
0.4453441295546554,0.41612712
0.5020242914979764,0.36071986
0.5182186234817827,0.39784914
0.6368421052631561,0.46318793
0.6684210526315866,0.374739
0.7000000000000028,0.4495925
0.7000000000000028,0.37338653
0.7052631578947341,0.39640173
0.6842105263157876,0.44060808
0.6736842105263179,0.3622761
0.6421052631578945,0.4241307
0.6421052631578945,0.3862584
0.6631578947368411,0.41437015
0.8732394366197185,0.42076698
0.8591549295774645,0.4114123
0.7887323943661975,0.42094025
0.7183098591549295,0.374336
0.6056338028169015,0.42917913
0.5070422535211265,0.39297813
0.535211267605634,0.4815043
0.4366197183098599,0.350342
0.4366197183098594,0.38136503
0.436619718309859,0.44814315
0.0,0.39911053
0.0,0.42496914
0.0,0.38403296
0.0,0.42548722
0.0,0.4022204
0.0,0.36506373
0.0,0.40540764
0.0,0.3954392
0.0,0.40428716
0.0,0.4829936
0.234782608695653,0.43170133
0.2521008403361335,0.40408552
0.2914979757085003,0.43079197
0.3198380566801617,0.3691966
0.3927125506072872,0.40839347
0.4615384615384617,0.38529047
0.4453441295546554,0.34985265
0.5020242914979764,0.41594443
0.5182186234817827,0.36013794
0.4696356275303657,0.39772046
0.6684210526315795,0.46303657
0.7000000000000028,0.37074086
0.7000000000000028,0.45089778
0.7052631578947341,0.3730623
0.6842105263157876,0.39435098
0.6736842105263179,0.44056433
0.6421052631578945,0.36345714
0.6421052631578945,0.4232163
0.6631578947368411,0.3836231
0.689473684210526,0.4162884
0.859154929577465,0.4213373
0.788732394366197,0.41107234
0.7183098591549295,0.41958418
0.6056338028169019,0.37599733
0.5070422535211265,0.43160516
0.5352112676056335,0.3952557
0.436619718309859,0.48570305
0.4366197183098599,0.352391
0.4366197183098594,0.38376963
0.5070422535211265,0.44791988
0.0,0.3966999
0.0,0.42508423
0.0,0.38494006
0.0,0.42550987
0.0,0.40033826
0.0,0.36664462
0.0,0.4062545
0.0,0.3950847
0.0,0.40089318
0.0,0.48258278
0.2260869565217387,0.43221322
0.2647058823529402,0.40265176
0.3198380566801617,0.43230802
0.3927125506072872,0.36623916
0.4615384615384617,0.41444635
0.4453441295546554,0.38442364
0.5020242914979747,0.34584504
0.5182186234817827,0.41511145
0.4696356275303639,0.36020154
0.4210526315789469,0.39632368
0.7000000000000028,0.463336
0.7000000000000028,0.36736956
0.7052631578947341,0.4512343
0.6842105263157876,0.37420434
0.6736842105263179,0.39234075
0.6421052631579016,0.4397834
0.6421052631578945,0.36384404
0.6631578947368411,0.42304033
0.689473684210526,0.3843309
0.7105263157894797,0.4178698
0.788732394366197,0.42180678
0.7183098591549295,0.41125116
0.605633802816901,0.4176353
0.5070422535211274,0.3750137
0.535211267605634,0.43390495
0.436619718309859,0.39665022
0.436619718309859,0.48891377
0.4366197183098599,0.3524192
0.5070422535211265,0.38656354
0.6056338028169015,0.44845226
0.0,0.39608192
0.0,0.4253473
0.0,0.3846081
0.0,0.42539126
0.0,0.3981121
0.0,0.3686782
0.0,0.4060353
0.0,0.39316878
0.0,0.39726254
0.0,0.4816652
0.2391304347826075,0.43233812
0.2941176470588225,0.401484
0.3927125506072872,0.43424872
0.4615384615384617,0.36353126
0.4453441295546554,0.41812265
0.5020242914979764,0.3852535
0.5182186234817809,0.34252518
0.4696356275303657,0.41498464
0.4210526315789469,0.3596451
0.3603238866396765,0.39570883
0.7000000000000028,0.46443444
0.7052631578947341,0.36471072
0.6842105263157876,0.45270222
0.6736842105263179,0.37435713
0.6421052631578945,0.39152768
0.6421052631579016,0.4396323
0.6631578947368411,0.36335272
0.689473684210526,0.42356983
0.7105263157894726,0.38461813
0.7315789473684191,0.41826215
0.7183098591549295,0.42276338
0.6056338028169015,0.41067275
0.5070422535211265,0.41689962
0.5352112676056344,0.37398395
0.4366197183098594,0.43502575
0.436619718309859,0.39751068
0.436619718309859,0.49237818
0.5070422535211274,0.35213944
0.6056338028169015,0.38895774
0.732394366197183,0.449342
0.0,0.39632002
0.0,0.4268076
0.0,0.3840625
0.0,0.4256547
0.0,0.39638874
0.0,0.3699302
0.0,0.40682152
0.0,0.3916797
0.0,0.39566734
0.0,0.4825198
0.2695652173913032,0.43225905
0.3697478991596625,0.39941943
0.4615384615384599,0.43531013
0.4453441295546554,0.36152226
0.5020242914979764,0.42030504
0.5182186234817827,0.38486132
0.4696356275303639,0.3398701
0.4210526315789469,0.41570604
0.3603238866396747,0.35916525
0.2914979757085021,0.39511058
0.7052631578947341,0.46656644
0.6842105263157876,0.36316854
0.6736842105263179,0.4555699
0.6421052631578945,0.37377498
0.6421052631578945,0.39061183
0.6631578947368411,0.43981674
0.689473684210526,0.36197203
0.7105263157894726,0.42473632
0.7315789473684191,0.3844937
0.7789473684210506,0.42007267
0.6056338028169015,0.4228025
0.5070422535211265,0.41105175
0.535211267605634,0.41779065
0.4366197183098599,0.37275305
0.4366197183098594,0.4370193
0.436619718309859,0.39745295
0.5070422535211265,0.4968291
0.6056338028169019,0.35108122
0.732394366197183,0.38967848
0.8169014084507045,0.45181283
0.0,0.39704686
0.0,0.42984238
0.0,0.3838179
0.0,0.42401323
0.0,0.39640003
0.0,0.37039268
0.0,0.40503576
0.0,0.3898473
0.0,0.39532733
0.0,0.48498923
0.3478260869565215,0.4319776
0.4411764705882337,0.39970636
0.4453441295546554,0.43733647
0.5020242914979764,0.358824
0.5182186234817827,0.422396
0.4696356275303657,0.38375503
0.4210526315789451,0.3370866
0.3603238866396765,0.41647378
0.2914979757085021,0.3583819
0.2388663967611339,0.3945527
0.6842105263157876,0.46752363
0.6736842105263179,0.36390546
0.6421052631578945,0.45725927
0.6421052631578945,0.37227932
0.6631578947368411,0.390795
0.689473684210526,0.44016314
0.7105263157894726,0.36028057
0.7315789473684191,0.4270055
0.7789473684210577,0.38444245
0.7789473684210506,0.41962984
0.5070422535211265,0.42383656
0.5352112676056335,0.41074717
0.436619718309859,0.4191125
0.4366197183098599,0.37143523
0.4366197183098594,0.43710193
0.5070422535211265,0.3971902
0.605633802816901,0.5001863
0.7323943661971835,0.3500439
0.816901408450704,0.38976464
0.8873239436619718,0.45463005
0.0,0.39880466
0.0,0.43228814
0.0,0.38302466
0.0,0.4224017
0.0,0.3971294
0.0,0.36913234
0.0,0.40350202
0.0,0.38998044
0.0,0.39609385
0.0,0.48665828
0.4217391304347835,0.43109307
0.4243697478991581,0.39988983
0.5020242914979747,0.43787688
0.5182186234817827,0.35789445
0.4696356275303639,0.42227548
0.4210526315789469,0.38355023
0.3603238866396747,0.33632305
0.2914979757085021,0.41618043
0.2388663967611339,0.3559252
0.2024291497975721,0.39474788
0.6736842105263179,0.46804786
0.6421052631579016,0.36653268
0.6421052631578945,0.45798856
0.6631578947368411,0.37021118
0.689473684210526,0.3914722
0.7105263157894797,0.44034716
0.7315789473684191,0.35977986
0.7789473684210577,0.42788723
0.7789473684210577,0.38371518
0.7894736842105274,0.41952345
0.535211267605634,0.42456907
0.436619718309859,0.41194317
0.436619718309859,0.42106116
0.4366197183098599,0.37074935
0.5070422535211265,0.43689257
0.6056338028169015,0.3970656
0.732394366197183,0.4997675
0.8169014084507045,0.349917
0.887323943661972,0.3877762
0.9295774647887324,0.45533085
0.0,0.39948845
0.0,0.433651
0.0,0.3835667
0.0,0.41935453
0.0,0.40013787
0.0,0.36900038
0.0,0.40140542
0.0,0.3915246
0.0,0.39692572
0.0,0.48684007
0.4043478260869566,0.42966118
0.4831932773109244,0.40169945
0.5182186234817809,0.43873253
0.4696356275303657,0.35849446
0.4210526315789469,0.42025006
0.3603238866396765,0.38319334
0.2914979757085003,0.33661342
0.2388663967611322,0.41530192
0.2024291497975703,0.35486427
0.1740890688259124,0.39531213
0.6421052631578945,0.46821326
0.6421052631579016,0.37165
0.6631578947368411,0.45833847
0.689473684210526,0.36879772
0.7105263157894726,0.39282575
0.7315789473684191,0.4388799
0.7789473684210506,0.35799474
0.7789473684210577,0.43008912
0.7894736842105274,0.38383952
0.7684210526315809,0.4193122
0.4366197183098594,0.42584997
0.436619718309859,0.4136643
0.436619718309859,0.4225536
0.5070422535211274,0.36912858
0.6056338028169015,0.43640107
0.732394366197183,0.39599958
0.8169014084507045,0.49851173
0.887323943661972,0.34840593
0.9295774647887324,0.38422087
0.971830985915493,0.4555431
0.0,0.40103215
0.0,0.4342146
0.0,0.38332856
0.0,0.41551742
0.0,0.4041307
0.0,0.3678295
0.0,0.3992786
0.0,0.394013
0.0,0.39979488
0.0,0.48759753
0.465217391304348,0.42741242
0.5,0.40467453
0.4696356275303639,0.43889815
0.4210526315789469,0.35966524
0.3603238866396747,0.4157739
0.2914979757085021,0.384119
0.2388663967611322,0.33836886
0.2024291497975703,0.41400188
0.1740890688259107,0.35408577
0.1659919028340084,0.3966038
0.6421052631578945,0.46869916
0.6631578947368411,0.3748713
0.689473684210526,0.45670864
0.7105263157894726,0.36723894
0.7315789473684191,0.39292645
0.7789473684210506,0.43712232
0.7789473684210506,0.35549355
0.7894736842105274,0.43072554
0.7684210526315809,0.38510117
0.7263157894736807,0.41925538
0.4366197183098594,0.4267311
0.436619718309859,0.4149862
0.5070422535211265,0.42463943
0.6056338028169019,0.36795488
0.732394366197183,0.4353716
0.8169014084507045,0.39495713
0.8873239436619715,0.49448815
0.9295774647887328,0.34732023
0.9718309859154928,0.3798814
0.971830985915493,0.45472127
0.0,0.4029069
0.0,0.4347445
0.0,0.38270485
0.0,0.41263703
0.0,0.4073907
0.0,0.3681281
0.0,0.39649153
0.0,0.3969598
0.0,0.40278026
0.0,0.48764604
0.4826086956521749,0.42344153
0.4495798319327733,0.40824834
0.4210526315789451,0.43938023
0.3603238866396765,0.36170292
0.2914979757085021,0.41120774
0.2388663967611339,0.38408986
0.2024291497975721,0.34172937
0.1740890688259124,0.41193724
0.1659919028340084,0.35370043
0.1659919028340084,0.39847082
0.6631578947368411,0.46904585
0.689473684210526,0.3759215
0.7105263157894726,0.45467958
0.7315789473684191,0.36643282
0.7789473684210577,0.39290264
0.7789473684210506,0.43625078
0.7894736842105274,0.35250267
0.7684210526315809,0.4304166
0.7263157894736878,0.3864032
0.6947368421052644,0.4203032
0.4366197183098594,0.4266132
0.5070422535211265,0.41625988
0.605633802816901,0.42615435
0.7323943661971835,0.36715484
0.816901408450704,0.43488598
0.8873239436619718,0.3939627
0.929577464788732,0.48966327
0.971830985915493,0.3465287
0.9718309859154928,0.37530923
0.9859154929577464,0.4538284
0.0,0.40534475
0.0,0.4351725
0.0,0.38259515
0.0,0.41101664
0.0,0.40991867
0.0,0.3687108
0.0,0.3930593
0.0,0.40011474
0.0,0.40589023
0.0,0.4877048
0.430434782608696,0.41933632
0.3991596638655448,0.41149107
0.3603238866396747,0.4387941
0.2914979757085021,0.36445817
0.2388663967611339,0.40784314
0.2024291497975721,0.3834268
0.1740890688259107,0.34455007
0.1659919028340102,0.40868372
0.1659919028340084,0.3527262
0.1376518218623506,0.40067142
0.689473684210526,0.46853212
0.7105263157894797,0.37533495
0.7315789473684191,0.45209605
0.7789473684210577,0.36569166
0.7789473684210577,0.39170623
0.7894736842105274,0.43471378
0.7684210526315809,0.35081998
0.7263157894736878,0.43038374
0.6947368421052644,0.38790986
0.6789473684210421,0.42088994
0.5070422535211265,0.4239578
0.6056338028169015,0.4158701
0.732394366197183,0.42716074
0.8169014084507045,0.3672576
0.887323943661972,0.43381843
0.9295774647887324,0.39421308
0.971830985915493,0.4852267
0.971830985915493,0.34634432
0.9859154929577464,0.37262228
1.0,0.45172843
0.0,0.40799537
0.0,0.43541765
0.0,0.3824552
0.0,0.4112054
0.0,0.41164
0.0,0.37024558
0.0,0.3908913
0.0,0.402325
0.0,0.40877578
0.0,0.48746362
0.3782608695652172,0.4158406
0.3361344537815114,0.41341057
0.2914979757085003,0.43694407
0.2388663967611322,0.36682388
0.2024291497975703,0.4057048
0.1740890688259124,0.38282418
0.1659919028340084,0.3460446
0.1659919028340102,0.40652397
0.1376518218623488,0.35382327
0.1133603238866403,0.4017955
0.7105263157894726,0.46787947
0.7315789473684191,0.37294772
0.7789473684210506,0.44951817
0.7789473684210577,0.36496443
0.7894736842105274,0.38958073
0.7684210526315809,0.43381262
0.7263157894736878,0.3498655
0.6947368421052644,0.42998767
0.6789473684210492,0.3890271
0.6842105263157876,0.42139423
0.6056338028169015,0.4210933
0.732394366197183,0.41497245
0.8169014084507045,0.42814463
0.887323943661972,0.36722255
0.9295774647887324,0.43344146
0.971830985915493,0.39427072
0.971830985915493,0.48169345
0.9859154929577468,0.34711146
1.0,0.37126166
1.0,0.4499274
0.0,0.40929234
0.0,0.4354626
0.0,0.38224554
0.0,0.41171038
0.0,0.41197294
0.0,0.37169534
0.0,0.38934112
0.0,0.40367463
0.0,0.41101128
0.0,0.4881109
0.3130434782608695,0.41302928
0.2647058823529402,0.41440594
0.2388663967611322,0.43495268
0.2024291497975703,0.36816552
0.1740890688259107,0.40390095
0.1659919028340084,0.38185945
0.1659919028340084,0.34620792
0.137651821862347,0.40483585
0.1133603238866403,0.35450011
0.1214574898785443,0.40284395
0.7315789473684191,0.46641368
0.7789473684210506,0.3712449
0.7789473684210506,0.44697937
0.7894736842105274,0.36379433
0.7684210526315809,0.38797265
0.7263157894736807,0.43298423
0.6947368421052644,0.35006604
0.6789473684210492,0.42792943
0.6842105263157876,0.39121056
0.7052631578947341,0.42153454
0.732394366197183,0.41874722
0.8169014084507045,0.413212
0.8873239436619715,0.428715
0.9295774647887328,0.36609903
0.9718309859154928,0.4327291
0.971830985915493,0.3945694
0.9859154929577464,0.4796347
1.0000000000000004,0.3471059
1.0,0.372436
1.0140845070422535,0.44968447
0.0,0.41016006
0.0,0.43478435
0.0,0.381124
0.0,0.41214573
0.0,0.41138622
0.0,0.3735259
0.0,0.38837293
0.0,0.4037683
0.0,0.41345534
0.0,0.48843962
0.2391304347826075,0.41196942
0.2100840336134446,0.41524354
0.2024291497975721,0.43224144
0.1740890688259124,0.3683057
0.1659919028340084,0.40282717
0.1659919028340084,0.38091144
0.137651821862347,0.34559864
0.1133603238866403,0.40398312
0.1214574898785425,0.35425204
0.1093117408906891,0.40292796
0.7789473684210577,0.4663641
0.7789473684210506,0.36987656
0.7894736842105274,0.4458523
0.7684210526315809,0.36302882
0.7263157894736878,0.38721773
0.6947368421052644,0.43302998
0.6789473684210492,0.35045788
0.6842105263157876,0.42686
0.7052631578947341,0.39302012
0.6789473684210421,0.42198828
0.816901408450704,0.41671088
0.8873239436619718,0.41228834
0.929577464788732,0.4289626
0.971830985915493,0.3647654
0.9718309859154928,0.43297926
0.9859154929577464,0.39482433
1.0,0.47898448
1.0000000000000004,0.3467996
1.0140845070422535,0.3741994
1.0140845070422535,0.4503423
0.0,0.4112474
0.0,0.4342844
0.0,0.3801579
0.0,0.41299838
0.0,0.41064295
0.0,0.37488383
0.0,0.38674536
0.0,0.40340668
0.0,0.4150255
0.0,0.48952296
0.1826086956521759,0.41212937
0.1722689075630246,0.41538745
0.1740890688259107,0.4302602
0.1659919028340102,0.3677606
0.1659919028340084,0.40257853
0.1376518218623506,0.37999994
0.1133603238866403,0.34383556
0.1214574898785443,0.40300155
0.1093117408906874,0.35295314
0.1376518218623506,0.40288928
0.7789473684210577,0.4676559
0.7894736842105274,0.36832678
0.7684210526315809,0.4456764
0.7263157894736878,0.3625169
0.6947368421052644,0.38712066
0.6789473684210421,0.43377295
0.6842105263157876,0.35106394
0.7052631578947341,0.42616996
0.6789473684210492,0.39445952
0.6842105263157876,0.42233685
0.887323943661972,0.4153461
0.9295774647887324,0.41174963
0.971830985915493,0.42898673
0.971830985915493,0.3638124
0.9859154929577464,0.43365803
1.0,0.39444616
1.0,0.47929686
1.014084507042254,0.34647718
1.0140845070422535,0.375019
0.9577464788732392,0.45177025
0.0,0.4121723
0.0,0.43452236
0.0,0.37966913
0.0,0.414114
0.0,0.40943366
0.0,0.3756761
0.0,0.38559878
0.0,0.40315026
0.0,0.41543508
0.0,0.49120447
0.1434782608695659,0.41262007
0.1428571428571423,0.41532728
0.1659919028340084,0.42948818
0.1659919028340102,0.3668449
0.1376518218623488,0.40274632
0.1133603238866403,0.37899798
0.1214574898785425,0.3423371
0.1093117408906891,0.4024892
0.1376518218623488,0.35140598
0.2550607287449402,0.4026927
0.7894736842105274,0.46969795
0.7684210526315809,0.366724
0.7263157894736878,0.44656444
0.6947368421052644,0.36202902
0.6789473684210492,0.38707507
0.6842105263157876,0.43547207
0.7052631578947341,0.35104913
0.6789473684210492,0.42588985
0.6842105263157876,0.3961481
0.6842105263157876,0.42225978
0.9295774647887324,0.41489628
0.971830985915493,0.4114475
0.971830985915493,0.42892578
0.9859154929577468,0.3627929
1.0,0.43469647
1.0,0.3935381
1.014084507042253,0.47981364
1.014084507042254,0.34579688
0.9577464788732392,0.375519
0.6056338028169015,0.45387974
0.0,0.4123273
0.0,0.43551338
0.0,0.37917995
0.0,0.41499957
0.0,0.4079443
0.0,0.37571916
0.0,0.3852991
0.0,0.40315613
0.0,0.41535303
0.0,0.49302807
0.1130434782608684,0.41319522
0.1344537815126045,0.41513637
0.1659919028340084,0.42910823
0.137651821862347,0.3658508
0.1133603238866403,0.4026447
0.1214574898785443,0.37827665
0.1093117408906874,0.34126765
0.137651821862347,0.40233293
0.2550607287449384,0.34955844
0.4412955465587043,0.40295488
0.7684210526315809,0.47186515
0.7263157894736807,0.3653095
0.6947368421052644,0.44823986
0.6789473684210492,0.36122975
0.6842105263157876,0.38692728
0.7052631578947341,0.43762666
0.6789473684210492,0.35013244
0.6842105263157876,0.42533332
0.6842105263157876,0.39781696
0.6684210526315866,0.42174616
0.9718309859154928,0.41489223
0.971830985915493,0.41134763
0.9859154929577464,0.42891204
1.0000000000000004,0.36206877
1.0,0.4363416
1.0140845070422535,0.392943
1.014084507042253,0.48036706
0.9577464788732396,0.34527764
0.6056338028169015,0.37585512
0.5070422535211265,0.45550817
0.0,0.4116521
0.0,0.43678114
0.0,0.37901452
0.0,0.4159948
0.0,0.40665194
0.0,0.37510395
0.0,0.38587913
0.0,0.40315446
0.0,0.41492915
0.0,0.49478668
0.1043478260869577,0.41401258
0.1344537815126045,0.41424385
0.137651821862347,0.42900598
0.1133603238866403,0.36469227
0.1214574898785425,0.40269208
0.1093117408906891,0.37793165
0.137651821862347,0.3403083
0.2550607287449402,0.40223232
0.4412955465587043,0.3484005
0.4898785425101213,0.403465
0.7263157894736878,0.47365943
0.6947368421052644,0.36462513
0.6789473684210492,0.44950807
0.6842105263157876,0.36184722
0.7052631578947341,0.3872558
0.6789473684210421,0.4397362
0.6842105263157876,0.3495296
0.6842105263157876,0.42483124
0.6684210526315795,0.3991292
0.6315789473684248,0.42113477
0.9718309859154928,0.4149803
0.9859154929577464,0.4109854
1.0,0.4284222
1.0000000000000004,0.36212775
1.0140845070422535,0.4374624
1.0140845070422535,0.39222965
0.9577464788732396,0.48039806
0.6056338028169019,0.3453647
0.5070422535211265,0.3762344
0.3661971830985915,0.45594802
0.0,0.41005802
0.0,0.43751132
0.0,0.37916815
0.0,0.41760743
0.0,0.40553036
0.0,0.37471148
0.0,0.3872594
0.0,0.40320525
0.0,0.4137946
0.0,0.49582
0.1043478260869577,0.41491315
0.1050420168067223,0.41301346
0.1133603238866403,0.42859837
0.1214574898785443,0.36382493
0.1093117408906874,0.40257597
0.1376518218623506,0.37801418
0.2550607287449384,0.3406503
0.441295546558706,0.40261227
0.4898785425101195,0.34794718
0.6072874493927127,0.4035082
0.6947368421052644,0.47167212
0.6789473684210421,0.3666171
0.6842105263157876,0.4480621
0.7052631578947341,0.36550766
0.6789473684210492,0.3888802
0.6842105263157876,0.44063994
0.6842105263157876,0.35126278
0.6684210526315795,0.42365807
0.6315789473684248,0.40067744
0.621052631578948,0.41927296
0.9859154929577464,0.41664708
1.0,0.4091958
1.0,0.42574632
1.014084507042254,0.36500156
1.0140845070422535,0.43598473
0.9577464788732392,0.39173633
0.605633802816901,0.4765965
0.5070422535211274,0.3467404
0.3661971830985915,0.3770688
0.2816901408450705,0.45242167
0.0,0.40549406
0.0,0.43585658
0.0,0.3803561
0.0,0.41992342
0.0,0.405062
0.0,0.37496486
0.0,0.39256462
0.0,0.40227976
0.0,0.41153678
0.0,0.4939466
0.0739130434782602,0.4179945
0.0798319327731089,0.41185492
0.1214574898785425,0.42731047
0.1093117408906891,0.36519948
0.1376518218623488,0.40213665
0.2550607287449402,0.38020274
0.4412955465587043,0.34423542
0.4898785425101231,0.4049281
0.6072874493927127,0.35174328
0.6599190283400826,0.40204364
0.6789473684210492,0.46739462
0.6842105263157876,0.37020284
0.7052631578947341,0.4446219
0.6789473684210492,0.37086484
0.6842105263157876,0.3907606
0.6842105263157876,0.43859535
0.6684210526315795,0.35521936
0.6315789473684177,0.42232814
0.621052631578948,0.40033624
0.6105263157894711,0.41810012
1.0,0.4186526
1.0,0.40883797
1.014084507042253,0.4232943
1.014084507042254,0.36849147
0.9577464788732392,0.43327367
0.6056338028169015,0.3904448
0.5070422535211265,0.4719659
0.3661971830985924,0.34755865
0.2816901408450709,0.37748212
0.225352112676056,0.44805735
0.0,0.40211454
0.0,0.4308897
0.0,0.38063416
0.0,0.4199395
0.0,0.40530813
0.0,0.3747827
0.0,0.39671457
0.0,0.3999645
0.0,0.40977877
0.0,0.48908958
0.0478260869565225,0.42097485
0.0882352941176467,0.41193765
0.1093117408906874,0.42730322
0.137651821862347,0.3679065
0.2550607287449384,0.4014827
0.4412955465587043,0.3848911
0.4898785425101231,0.34920844
0.6072874493927145,0.40833125
0.6599190283400809,0.35688967
0.7206477732793521,0.4005083
0.6842105263157876,0.46329266
0.7052631578947341,0.37221974
0.6789473684210492,0.443021
0.6842105263157876,0.3730725
0.6842105263157876,0.39337844
0.6684210526315866,0.43603927
0.6315789473684177,0.35919857
0.6210526315789551,0.4197164
0.6105263157894782,0.39668933
0.5736842105263165,0.4176659
1.0,0.42032015
1.0140845070422535,0.40745425
1.014084507042253,0.4225274
0.9577464788732396,0.3731419
0.6056338028169015,0.43192393
0.5070422535211265,0.3904051
0.366197183098591,0.47331053
0.2816901408450709,0.34958875
0.2253521126760564,0.37849462
0.1830985915492955,0.44486594
0.0,0.39793423
0.0,0.4242724
0.0,0.37946364
0.0,0.42232335
0.0,0.40500668
0.0,0.37275147
0.0,0.40239927
0.0,0.39697993
0.0,0.40924644
0.0,0.48504484
0.0565217391304351,0.42493656
0.07563025210084,0.41150433
0.137651821862347,0.42506427
0.2550607287449402,0.3686892
0.4412955465587043,0.4050755
0.4898785425101213,0.38696465
0.6072874493927127,0.35220498
0.6599190283400826,0.41015172
0.720647773279353,0.36227912
0.7975708502024297,0.397887
0.7052631578947341,0.46212137
0.6789473684210421,0.3708869
0.6842105263157876,0.44532079
0.6842105263157876,0.37665892
0.6684210526315795,0.39598653
0.6315789473684248,0.43580157
0.621052631578948,0.36435312
0.6105263157894782,0.419191
0.5736842105263094,0.39130458
0.5736842105263165,0.4188451
1.0140845070422535,0.4199499
1.0140845070422535,0.40812898
0.9577464788732396,0.42064047
0.6056338028169019,0.37434337
0.5070422535211265,0.4319957
0.3661971830985915,0.39311874
0.2816901408450705,0.48017594
0.2253521126760564,0.35151094
0.1830985915492959,0.38244575
0.2816901408450705,0.44550246
0.0,0.3949056
0.0,0.42095327
0.0,0.3805002
0.0,0.42529815
0.0,0.40020233
0.0,0.37219155
0.0,0.40696788
0.0,0.3929525
0.0,0.4049297
0.0,0.48192203
0.0434782608695645,0.42918503
0.1050420168067223,0.40872934
0.2550607287449384,0.42642775
0.441295546558706,0.36618993
0.4898785425101195,0.41148162
0.6072874493927127,0.3853033
0.6599190283400809,0.35117677
0.7206477732793548,0.4119599
0.7975708502024297,0.36361805
0.7327935222672055,0.39638743
0.6789473684210492,0.4631539
0.6842105263157876,0.3632878
0.6842105263157876,0.44817153
0.6684210526315795,0.37705198
0.6315789473684248,0.39385462
0.621052631578948,0.43770248
0.6105263157894782,0.36533263
0.5736842105263165,0.4218348
0.5736842105263094,0.38902667
0.5631578947368467,0.4178153
1.0140845070422535,0.42015034
0.9577464788732392,0.40721992
0.605633802816901,0.41727978
0.5070422535211274,0.37273788
0.3661971830985915,0.43283463
0.2816901408450705,0.39645427
0.225352112676056,0.489017
0.1830985915492964,0.35143217
0.2816901408450709,0.38945577
0.309859154929577,0.44761243
0.0,0.39617166
0.0,0.4217721
0.0,0.37977222
0.0,0.43166712
0.0,0.39307055
0.0,0.37172738
0.0,0.40960377
0.0,0.38924235
0.0,0.39844653
0.0,0.48102328
0.0739130434782602,0.43227768
0.2268907563025202,0.40160903
0.4412955465587043,0.42894852
0.4898785425101231,0.3629496
0.6072874493927127,0.41992164
0.6599190283400826,0.38502532
0.720647773279353,0.3460556
0.7975708502024297,0.4146312
0.7327935222672055,0.36075398
0.7004048582995948,0.39475766
0.6842105263157876,0.4663169
0.6842105263157876,0.3544547
0.6684210526315795,0.45262042
0.6315789473684177,0.37746894
0.621052631578948,0.38891318
0.6105263157894711,0.44022954
0.5736842105263165,0.36465356
0.5736842105263165,0.42347208
0.5631578947368396,0.38602787
0.5736842105263165,0.4186178
0.9577464788732392,0.42080125
0.6056338028169015,0.40713972
0.5070422535211265,0.4150463
0.3661971830985924,0.3719983
0.2816901408450709,0.43446153
0.225352112676056,0.4003774
0.1830985915492955,0.4990408
0.2816901408450709,0.35068324
0.3098591549295775,0.3939973
0.309859154929577,0.45000827
0.0,0.39639005
0.0,0.4240417
0.0,0.38075337
0.0,0.43622005
0.0,0.38795918
0.0,0.37112898
0.0,0.4111446
0.0,0.3865299
0.0,0.3914813
0.0,0.48414975
0.1999999999999993,0.4349749
0.4201680672268892,0.39633214
0.4898785425101231,0.4347944
0.6072874493927145,0.3586051
0.6599190283400809,0.42790732
0.7206477732793521,0.38422492
0.7975708502024279,0.33855602
0.7327935222672082,0.41785443
0.7004048582995948,0.35773513
0.6801619433198391,0.39194041
0.6842105263157876,0.4699473
0.6684210526315866,0.3485133
0.6315789473684177,0.458855
0.6210526315789551,0.3764192
0.6105263157894782,0.38469434
0.5736842105263165,0.44399452
0.5736842105263165,0.36130285
0.5631578947368396,0.42799845
0.5736842105263094,0.38540566
0.568421052631578,0.41832355
0.6056338028169015,0.4218173
0.5070422535211265,0.4064818
0.366197183098591,0.41311392
0.2816901408450709,0.3683299
0.2253521126760564,0.43612516
0.1830985915492955,0.40257967
0.2816901408450705,0.51134247
0.3098591549295775,0.3475172
0.3098591549295775,0.39754656
0.436619718309859,0.45701477
0.0,0.39909962
0.0,0.42914194
0.0,0.38021213
0.0,0.43814433
0.0,0.38238442
0.0,0.3683602
0.0,0.41008365
0.0,0.384398
0.0,0.38649482
0.0,0.48910737
0.4000000000000003,0.43789423
0.4705882352941177,0.39261603
0.6072874493927127,0.4394335
0.6599190283400826,0.35286444
0.720647773279353,0.4344198
0.7975708502024297,0.38519672
0.7327935222672064,0.3315391
0.7004048582995956,0.4203845
0.6801619433198391,0.3512499
0.5506072874493935,0.39004403
0.6684210526315795,0.47124863
0.6315789473684248,0.34487805
0.621052631578948,0.46438658
0.6105263157894782,0.3730537
0.5736842105263094,0.3816609
0.5736842105263165,0.44640988
0.5631578947368467,0.35966176
0.5736842105263165,0.43071532
0.5684210526315852,0.3823558
0.6263157894736793,0.41837332
0.5070422535211265,0.421917
0.3661971830985915,0.40674222
0.2816901408450705,0.4131408
0.2253521126760564,0.3678411
0.1830985915492959,0.43804586
0.2816901408450705,0.4036512
0.3098591549295775,0.5188988
0.3098591549295775,0.34787104
0.4366197183098594,0.39822465
0.563380281690141,0.46086887
0.0,0.40070653
0.0,0.43389577
0.0,0.38257506
0.0,0.4387173
0.0,0.38057905
0.0,0.36666545
0.0,0.4103528
0.0,0.3832597
0.0,0.38298902
0.0,0.4888761
0.4521739130434774,0.4399835
0.5924369747899139,0.390509
0.6599190283400809,0.44209847
0.7206477732793548,0.3502763
0.7975708502024297,0.4410906
0.7327935222672055,0.3859689
0.7004048582995939,0.32575023
0.68016194331984,0.42154604
0.5506072874493917,0.34817898
0.4372469635627531,0.38779417
0.6315789473684248,0.47175485
0.621052631578948,0.3444633
0.6105263157894782,0.4669048
0.5736842105263165,0.3725154
0.5736842105263094,0.38011417
0.5631578947368467,0.4467057
0.5736842105263165,0.3583502
0.5684210526315852,0.43316388
0.6263157894736793,0.38172615
0.7000000000000028,0.4191112
0.3661971830985915,0.4226649
0.2816901408450705,0.40777278
0.225352112676056,0.41268218
0.1830985915492964,0.36747563
0.2816901408450709,0.43984416
0.309859154929577,0.40385324
0.3098591549295775,0.52165747
0.4366197183098599,0.347481
0.563380281690141,0.39762127
0.6197183098591545,0.46306562
0.0,0.40203527
0.0,0.43592623
0.0,0.3842819
0.0,0.43734428
0.0,0.38052356
0.0,0.3668291
0.0,0.4107005
0.0,0.38227898
0.0,0.38112512
0.0,0.48739618
0.5782608695652183,0.44105402
0.6470588235294112,0.3901096
0.720647773279353,0.44379044
0.7975708502024297,0.34917465
0.7327935222672055,0.44402525
0.7004048582995948,0.38894066
0.6801619433198383,0.32303938
0.5506072874493935,0.4214799
0.4372469635627531,0.34710383
0.3967611336032401,0.38718653
0.621052631578948,0.4694385
0.6105263157894711,0.34848946
0.5736842105263165,0.4665554
0.5736842105263165,0.37080717
0.5631578947368396,0.38121498
0.5736842105263165,0.44516122
0.5684210526315852,0.35883117
0.6263157894736864,0.43396473
0.7000000000000028,0.3823488
0.6947368421052644,0.41713357
0.2816901408450709,0.42223623
0.225352112676056,0.40724567
0.1830985915492955,0.41304228
0.2816901408450709,0.36659366
0.3098591549295775,0.4401579
0.309859154929577,0.40407383
0.436619718309859,0.52006996
0.563380281690141,0.34819415
0.619718309859155,0.3973786
0.6619718309859155,0.4633547
0.0,0.40366203
0.0,0.43645245
0.0,0.3848885
0.0,0.4338354
0.0,0.3814845
0.0,0.3677351
0.0,0.41137013
0.0,0.382411
0.0,0.38162062
0.0,0.4847478
0.6347826086956516,0.44094822
0.7100840336134446,0.38934675
0.7975708502024279,0.44250944
0.7327935222672082,0.3508351
0.7004048582995948,0.44277948
0.6801619433198391,0.3920663
0.5506072874493935,0.32351607
0.4372469635627549,0.42114204
0.3967611336032401,0.34993201
0.3643724696356294,0.3870503
0.6105263157894782,0.46654147
0.5736842105263165,0.35398427
0.5736842105263165,0.4670966
0.5631578947368396,0.36760888
0.5736842105263094,0.3834686
0.568421052631578,0.44303116
0.6263157894736793,0.35902408
0.7000000000000028,0.43361568
0.6947368421052644,0.38044402
0.7315789473684191,0.41671458
0.2253521126760564,0.42269033
0.1830985915492955,0.40900108
0.2816901408450705,0.41468754
0.3098591549295775,0.3674161
0.3098591549295775,0.4394812
0.436619718309859,0.4028194
0.563380281690141,0.5178678
0.6197183098591554,0.34845546
0.6619718309859155,0.39573908
0.6901408450704225,0.46239865
0.0,0.40465975
0.0,0.43699583
0.0,0.38620752
0.0,0.42822188
0.0,0.3857675
0.0,0.3666678
0.0,0.41025263
0.0,0.3839252
0.0,0.38475358
0.0,0.48311833
0.7000000000000011,0.43971103
0.7899159663865536,0.39116257
0.7327935222672064,0.4417162
0.7004048582995956,0.35285768
0.6801619433198391,0.44112715
0.5506072874493935,0.39279804
0.4372469635627531,0.32473496
0.3967611336032401,0.421197
0.3643724696356276,0.35302418
0.344129554655872,0.38774678
0.5736842105263094,0.46490845
0.5736842105263165,0.36007628
0.5631578947368467,0.46536404
0.5736842105263165,0.36584824
0.5684210526315852,0.38565412
0.6263157894736793,0.44103554
0.7000000000000028,0.35864696
0.6947368421052644,0.43409514
0.7315789473684191,0.37993845
0.7105263157894797,0.41657668
0.1830985915492959,0.42288557
0.2816901408450705,0.40982217
0.3098591549295775,0.41654357
0.3098591549295775,0.36671352
0.4366197183098594,0.43845138
0.563380281690141,0.40074864
0.6197183098591545,0.5149229
0.6619718309859159,0.34866676
0.6901408450704225,0.39343485
0.7183098591549295,0.46132603
0.0,0.40510076
0.0,0.43649316
0.0,0.3865462
0.0,0.42452317
0.0,0.38937292
0.0,0.3662466
0.0,0.40883133
0.0,0.3860975
0.0,0.3881329
0.0,0.48265612
0.7826086956521738,0.43785498
0.7226890756302495,0.39316952
0.7004048582995939,0.44006366
0.68016194331984,0.35517126
0.5506072874493917,0.4372363
0.4372469635627531,0.39228803
0.3967611336032384,0.32862714
0.3643724696356294,0.420623
0.3441295546558702,0.3550058
0.3319838056680169,0.38853768
0.5736842105263094,0.46302187
0.5631578947368467,0.36668822
0.5736842105263165,0.46255642
0.5684210526315852,0.36456987
0.6263157894736793,0.38806513
0.7000000000000028,0.43914515
0.6947368421052644,0.359397
0.7315789473684191,0.43318072
0.7105263157894726,0.37980506
0.757894736842097,0.41571924
0.2816901408450709,0.42296427
0.309859154929577,0.41106796
0.3098591549295775,0.41880202
0.4366197183098599,0.36721164
0.563380281690141,0.4369888
0.6197183098591545,0.4000271
0.661971830985915,0.50754637
0.690140845070423,0.35092402
0.7183098591549295,0.38964015
0.732394366197183,0.457925
0.0,0.40461463
0.0,0.434128
0.0,0.38740614
0.0,0.42080635
0.0,0.39379922
0.0,0.3671546
0.0,0.40800288
0.0,0.38946286
0.0,0.3913421
0.0,0.48003587
0.7130434782608681,0.43441397
0.6890756302521002,0.39575097
0.6801619433198383,0.43767476
0.5506072874493935,0.35825777
0.4372469635627531,0.43102428
0.3967611336032401,0.39224067
0.3643724696356258,0.33427602
0.3441295546558702,0.41841924
0.3319838056680151,0.35718155
0.3036437246963572,0.38995466
0.5631578947368396,0.46127638
0.5736842105263165,0.3729818
0.5684210526315852,0.46037063
0.6263157894736864,0.36469966
0.7000000000000028,0.39100173
0.6947368421052644,0.43646967
0.7315789473684191,0.3597618
0.7105263157894726,0.43209398
0.7578947368421041,0.37927398
0.757894736842097,0.41612172
0.3098591549295775,0.423341
0.309859154929577,0.41275987
0.436619718309859,0.42004442
0.563380281690141,0.36820865
0.619718309859155,0.4358518
0.6619718309859155,0.39903545
0.6901408450704225,0.49966598
0.7183098591549295,0.35253623
0.732394366197183,0.38521567
0.76056338028169,0.45397034
0.0,0.40431413
0.0,0.4312542
0.0,0.38858652
0.0,0.41629344
0.0,0.3993726
0.0,0.36726403
0.0,0.40773824
0.0,0.3927952
0.0,0.3962986
0.0,0.4783615
0.6782608695652179,0.43108106
0.6680672268907575,0.39792213
0.5506072874493935,0.43498352
0.4372469635627549,0.36164153
0.3967611336032401,0.4237067
0.3643724696356294,0.39225277
0.3441295546558702,0.33913872
0.3319838056680169,0.41674632
0.3036437246963572,0.3598838
0.2995951417004043,0.39233533
0.5736842105263094,0.45946592
0.568421052631578,0.37670293
0.6263157894736793,0.4575172
0.7000000000000028,0.36459613
0.6947368421052644,0.39297983
0.7315789473684191,0.43423656
0.7105263157894726,0.35981312
0.7578947368421041,0.42957643
0.7578947368421041,0.37935883
0.7736842105263193,0.4173693
0.3098591549295775,0.42332268
0.436619718309859,0.4139393
0.563380281690141,0.4210676
0.6197183098591554,0.37047538
0.6619718309859155,0.43471342
0.6901408450704225,0.39809301
0.7183098591549295,0.4926259
0.7323943661971835,0.3542258
0.76056338028169,0.38222337
0.7464788732394365,0.44962722
0.0,0.40350255
0.0,0.4287417
0.0,0.38932794
0.0,0.41382313
0.0,0.4039849
0.0,0.3675515
0.0,0.40700188
0.0,0.39374787
0.0,0.40119314
0.0,0.47740924
0.6565217391304365,0.42828137
0.5336134453781511,0.3992818
0.4372469635627531,0.43298188
0.3967611336032401,0.36405975
0.3643724696356276,0.41891667
0.344129554655872,0.3909184
0.3319838056680151,0.34281433
0.3036437246963572,0.4159325
0.2995951417004043,0.36345634
0.3076923076923084,0.39457306
0.5684210526315852,0.4588041
0.6263157894736793,0.37806937
0.7000000000000028,0.45428923
0.6947368421052644,0.36494032
0.7315789473684191,0.39305845
0.7105263157894797,0.43309677
0.7578947368421041,0.36033377
0.7578947368421041,0.42736578
0.7736842105263193,0.37973762
0.757894736842097,0.41894755
0.4366197183098594,0.42281023
0.563380281690141,0.4146159
0.6197183098591545,0.42188016
0.6619718309859159,0.37243614
0.6901408450704225,0.4334496
0.7183098591549295,0.39748323
0.732394366197183,0.4865354
0.7605633802816905,0.3564661
0.7464788732394365,0.37952268
0.76056338028169,0.44568095
0.0,0.4025848
0.0,0.42689604
0.0,0.38935098
0.0,0.41256744
0.0,0.4080369
0.0,0.368908
0.0,0.40517154
0.0,0.39586663
0.0,0.40349483
0.0,0.47547132
0.5173913043478269,0.42463207
0.4159663865546221,0.4018479
0.3967611336032384,0.43169582
0.3643724696356294,0.36636972
0.3441295546558702,0.41595244
0.3319838056680169,0.38910452
0.3036437246963555,0.34672973
0.2995951417004061,0.4142204
0.3076923076923066,0.36491895
0.3076923076923084,0.39589596
0.6263157894736793,0.45886895
0.7000000000000028,0.37779182
0.6947368421052644,0.4512488
0.7315789473684191,0.3663347
0.7105263157894726,0.3928135
0.757894736842097,0.43206096
0.7578947368421041,0.35950842
0.7736842105263193,0.42631197
0.7578947368421041,0.381155
0.7421052631578959,0.42021802
0.563380281690141,0.42190638
0.6197183098591545,0.41395238
0.661971830985915,0.42184815
0.690140845070423,0.37253565
0.7183098591549295,0.43313652
0.732394366197183,0.39665857
0.76056338028169,0.48258975
0.746478873239437,0.35726
0.76056338028169,0.378235
0.76056338028169,0.4438702
0.0,0.40258196
0.0,0.4259532
0.0,0.3883299
0.0,0.4118512
0.0,0.40980515
0.0,0.37095085
0.0,0.40239894
0.0,0.39835435
0.0,0.4051607
0.0,0.47547647
0.3956521739130441,0.42151624
0.3739495798319332,0.40410542
0.3643724696356258,0.4306389
0.3441295546558702,0.3678439
0.3319838056680151,0.4134409
0.3036437246963572,0.38753825
0.2995951417004026,0.3488788
0.3076923076923101,0.41134366
0.3076923076923066,0.3651642
0.3036437246963572,0.39696053
0.7000000000000028,0.46067297
0.6947368421052644,0.37654653
0.7315789473684191,0.44919685
0.7105263157894726,0.36760318
0.7578947368421041,0.39250413
0.757894736842097,0.43122706
0.7736842105263193,0.35746425
0.7578947368421041,0.426177
0.7421052631578959,0.38217065
0.7421052631578959,0.42087102
0.619718309859155,0.42249098
0.6619718309859155,0.41403574
0.6901408450704225,0.4228052
0.7183098591549295,0.37189215
0.732394366197183,0.43336052
0.76056338028169,0.3949895
0.7464788732394365,0.48097867
0.7605633802816905,0.35617995
0.76056338028169,0.37652504
0.76056338028169,0.44361156
0.0,0.40313122
0.0,0.42590773
0.0,0.3868411
0.0,0.41182938
0.0,0.4107119
0.0,0.3720553
0.0,0.40050545
0.0,0.39958635
0.0,0.40702492
0.0,0.47808585
0.3521739130434795,0.41981933
0.3403361344537821,0.4062019
0.3441295546558702,0.43193027
0.3319838056680169,0.3683288
0.3036437246963572,0.4105932
0.2995951417004043,0.38676366
0.3076923076923066,0.3487736
0.3076923076923101,0.4100247
0.3036437246963572,0.3643446
0.295546558704455,0.3977918
0.6947368421052644,0.46352404
0.7315789473684191,0.3744
0.7105263157894726,0.44850236
0.7578947368421041,0.3687666
0.7578947368421041,0.3927056
0.7736842105263193,0.43295068
0.7578947368421041,0.35602784
0.7421052631578959,0.4258661
0.7421052631578959,0.38322207
0.7684210526315809,0.42069963
0.6619718309859155,0.4232565
0.6901408450704225,0.41333973
0.7183098591549295,0.4244087
0.7323943661971835,0.37167352
0.76056338028169,0.43356538
0.7464788732394365,0.39389902
0.76056338028169,0.48149508
0.7605633802816905,0.35487917
0.76056338028169,0.37604603
0.7464788732394365,0.4452208
0.0,0.4023009
0.0,0.42678538
0.0,0.38540372
0.0,0.41262302
0.0,0.41014966
0.0,0.37238994
0.0,0.39893222
0.0,0.4005699
0.0,0.40784326
0.0,0.4825408
0.3173913043478258,0.4185619
0.3193277310924376,0.40766346
0.3319838056680151,0.4331305
0.3036437246963572,0.36712298
0.2995951417004043,0.40873232
0.3076923076923084,0.38434488
0.3076923076923066,0.34855583
0.3036437246963572,0.40846774
0.2955465587044532,0.36200055
0.287449392712551,0.3984999
0.7315789473684191,0.46580607
0.7105263157894797,0.3720421
0.7578947368421041,0.44828823
0.7578947368421041,0.36960506
0.7736842105263193,0.3928557
0.757894736842097,0.4343825
0.7421052631578959,0.35516563
0.7421052631578959,0.42568934
0.7684210526315809,0.3842912
0.7736842105263193,0.42085302
0.6901408450704225,0.42355266
0.7183098591549295,0.41304362
0.732394366197183,0.4253443
0.7605633802816905,0.37172562
0.7464788732394365,0.4337365
0.76056338028169,0.39345568
0.76056338028169,0.48202246
0.7605633802816905,0.35309118
0.7464788732394365,0.37577447
0.732394366197183,0.44663113
0.0,0.40244138
0.0,0.42782578
0.0,0.38441613
0.0,0.41331688
0.0,0.410224
0.0,0.37235287
0.0,0.39718604
0.0,0.40067434
0.0,0.40802538
0.0,0.485879
0.2956521739130426,0.41845608
0.3067226890756291,0.40925816
0.3036437246963555,0.43457353
0.2995951417004061,0.3668481
0.3076923076923066,0.40807784
0.3076923076923084,0.38283128
0.3036437246963555,0.34743145
0.295546558704455,0.40750256
0.287449392712551,0.36003262
0.2793522267206487,0.39849356
0.7105263157894726,0.4674166
0.757894736842097,0.37105152
0.7578947368421041,0.4483513
0.7736842105263193,0.3702628
0.7578947368421041,0.39319137
0.7421052631578959,0.43529952
0.7421052631578959,0.35482037
0.7684210526315809,0.42573857
0.7736842105263193,0.3859753
0.8000000000000043,0.42098096
0.7183098591549295,0.42399415
0.732394366197183,0.4126907
0.76056338028169,0.42572597
0.746478873239437,0.37086812
0.76056338028169,0.43404374
0.76056338028169,0.39310107
0.76056338028169,0.48299897
0.746478873239437,0.351284
0.732394366197183,0.37594214
0.7183098591549295,0.44876453
0.0,0.40258816
0.0,0.42879137
0.0,0.3833554
0.0,0.41350546
0.0,0.40938506
0.0,0.37246156
0.0,0.39621672
0.0,0.40064546
0.0,0.408047
0.0,0.48844966
0.2826086956521738,0.41853935
0.2773109243697469,0.41026443
0.2995951417004026,0.43542513
0.3076923076923101,0.36589065
0.3076923076923066,0.40756917
0.3036437246963572,0.38196546
0.2955465587044532,0.3468997
0.2874493927125527,0.40712065
0.2793522267206469,0.35826054
0.2914979757085021,0.39878199
0.7578947368421041,0.4682301
0.757894736842097,0.370752
0.7736842105263193,0.44803938
0.7578947368421041,0.37037557
0.7421052631578959,0.3929553
0.7421052631578959,0.4355111
0.7684210526315809,0.35483205
0.7736842105263193,0.42614126
0.8000000000000043,0.3871457
0.8105263157894669,0.42114997
0.732394366197183,0.42370525
0.76056338028169,0.41231108
0.7464788732394365,0.42568222
0.7605633802816905,0.3701806
0.76056338028169,0.4342884
0.76056338028169,0.3928511
0.7464788732394365,0.48367444
0.7323943661971835,0.34998128
0.7183098591549295,0.37657994
0.676056338028169,0.44956672
0.0,0.40303245
0.0,0.4294605
0.0,0.38244948
0.0,0.41374058
0.0,0.409462
0.0,0.37293324
0.0,0.3950945
0.0,0.40023205
0.0,0.40807003
0.0,0.48921558
0.2521739130434799,0.41922104
0.273109243697478,0.4110496
0.3076923076923066,0.43580556
0.3076923076923101,0.36559185
0.3036437246963572,0.40739018
0.295546558704455,0.38161865
0.287449392712551,0.34592354
0.2793522267206469,0.407374
0.2914979757085021,0.35731584
0.336032388663968,0.39856142
0.7578947368421041,0.46902323
0.7736842105263193,0.3707471
0.7578947368421041,0.44826555
0.7421052631578959,0.37019798
0.7421052631578959,0.39287758
0.7684210526315809,0.4359024
0.7736842105263193,0.3545731
0.8000000000000043,0.4264203
0.810526315789474,0.38797268
0.8000000000000043,0.4212799
0.76056338028169,0.42397603
0.7464788732394365,0.41226548
0.76056338028169,0.42591366
0.7605633802816905,0.36949867
0.76056338028169,0.4349016
0.7464788732394365,0.39255002
0.732394366197183,0.48456997
0.7183098591549295,0.3487184
0.676056338028169,0.37661028
0.549295774647887,0.45061547
0.0,0.40313965
0.0,0.43012774
0.0,0.3819983
0.0,0.4138608
0.0,0.4092489
0.0,0.3730106
0.0,0.3946768
0.0,0.40005264
0.0,0.40821674
0.0,0.49021745
0.2478260869565218,0.4197638
0.2815126050420158,0.4115248
0.3076923076923066,0.43631387
0.3036437246963572,0.36499658
0.2955465587044532,0.40712628
0.287449392712551,0.38155997
0.2793522267206469,0.34516
0.2914979757085021,0.40765256
0.336032388663968,0.35644776
0.4453441295546554,0.3987406
0.7736842105263193,0.4703186
0.757894736842097,0.3705788
0.7421052631578959,0.44893542
0.7421052631578959,0.3700847
0.7684210526315809,0.3928468
0.7736842105263193,0.436464
0.8000000000000043,0.35418478
0.810526315789474,0.42677137
0.8000000000000043,0.38826
0.757894736842097,0.42135775
0.7464788732394365,0.42434108
0.76056338028169,0.41202742
0.76056338028169,0.42648193
0.7605633802816905,0.36899397
0.7464788732394365,0.43554914
0.732394366197183,0.39210868
0.7183098591549295,0.4857861
0.6760563380281694,0.34783703
0.5492957746478875,0.37660012
0.464788732394366,0.45185494
0.0,0.40308934
0.0,0.4306562
0.0,0.38115126
0.0,0.41423702
0.0,0.40902728
0.0,0.3727318
0.0,0.394636
0.0,0.39985162
0.0,0.40851745
0.0,0.491562
0.2565217391304344,0.42001364
0.2815126050420158,0.4117126
0.3036437246963555,0.43670997
0.295546558704455,0.36412188
0.287449392712551,0.40707964
0.2793522267206487,0.38113138
0.2914979757085003,0.34463653
0.3360323886639698,0.4075445
0.4453441295546554,0.35562682
0.5384615384615401,0.39884108
0.7578947368421041,0.47092903
0.7421052631578959,0.37080437
0.7421052631578959,0.44960302
0.7684210526315809,0.36980456
0.7736842105263193,0.39297953
0.8000000000000043,0.43676066
0.810526315789474,0.35439375
0.8000000000000043,0.42645684
0.7578947368421041,0.38857505
0.7052631578947341,0.4212587
0.76056338028169,0.42489558
0.76056338028169,0.41177756
0.76056338028169,0.42647332
0.746478873239437,0.36913475
0.732394366197183,0.43591267
0.7183098591549295,0.39205402
0.676056338028169,0.48653793
0.5492957746478875,0.34736115
0.4647887323943664,0.37675697
0.4225352112676055,0.45232826
0.0,0.40234658
0.0,0.43063655
0.0,0.38050243
0.0,0.41483623
0.0,0.40879786
0.0,0.37224102
0.0,0.39568615
0.0,0.39942625
0.0,0.40843588
0.0,0.4921437
0.2565217391304344,0.42073715
0.2773109243697469,0.4113924
0.2955465587044532,0.43675435
0.2874493927125527,0.36339024
0.2793522267206469,0.40762076
0.2914979757085021,0.38116452
0.336032388663968,0.34432116
0.4453441295546554,0.40750346
0.5384615384615383,0.35596007
0.5708502024291509,0.39866778
0.7421052631578959,0.47120762
0.7421052631578959,0.37108365
0.7684210526315809,0.45051953
0.7736842105263193,0.3702335
0.8000000000000043,0.39295095
0.8105263157894669,0.43611768
0.8000000000000043,0.35512713
0.7578947368421041,0.42559904
0.7052631578947341,0.3884279
0.6578947368421098,0.42161515
0.76056338028169,0.4253945
0.76056338028169,0.41150445
0.7464788732394365,0.4255487
0.7323943661971835,0.37035057
0.7183098591549295,0.43596223
0.676056338028169,0.39240184
0.5492957746478875,0.4864053
0.4647887323943664,0.34768292
0.4225352112676059,0.37691614
0.309859154929577,0.4517454
0.0,0.40072334
0.0,0.42958355
0.0,0.38008338
0.0,0.4156545
0.0,0.40846798
0.0,0.37152508
0.0,0.3981677
0.0,0.39819267
0.0,0.4079904
0.0,0.49162316
0.2521739130434799,0.42197934
0.2689075630252091,0.4108518
0.287449392712551,0.43629166
0.2793522267206469,0.3627069
0.2914979757085021,0.40905875
0.336032388663968,0.3820567
0.4453441295546554,0.34434137
0.5384615384615401,0.40749747
0.5708502024291491,0.357746
0.6882591093117405,0.3979781
