Actual,Predicted
-0.0365853658536536,0.019130696
0.0487804878048763,0.008077384
0.2560975609756184,-0.035258524
0.3780487804877879,-0.024584519
0.5731707317073216,-0.008758558
0.6951219512195195,0.023748994
0.731707317073159,0.005809849
0.5975609756097384,0.0070214896
0.4756097560975689,0.008422667
0.3170731707317031,0.0342107
-0.0142857142857142,0.012308604
0.0428571428571431,-0.0022279052
0.157142857142857,0.055465154
0.1428571428571432,-0.04270325
0.1857142857142859,-0.0044815256
0.1714285714285717,-0.058346026
0.7142857142857144,-0.016402604
0.5714285714285716,0.0052715065
0.5714285714285716,0.03986458
0.7714285714285716,0.02109238
0.0,-0.017189
0.0,0.021308403
0.0,0.043603
0.0,-0.024104953
0.0,0.04482095
0.0,0.010575853
0.0,-0.026911844
0.0,0.026111536
0.0,-0.0013955812
0.0,0.009762361
0.9948717948717948,-0.0048591187
0.8564102564102569,0.029330086
0.6564102564102541,0.0127814645
0.5999999999999996,-0.0102164475
0.5435897435897434,0.03347476
0.5641025641025639,0.03893733
0.3538461538461543,-0.015380179
0.3230769230769201,0.03074872
0.3025641025641015,0.06017612
0.2717948717948726,-0.040418632
0.0487804878048763,0.025511865
0.2560975609756184,0.004453372
0.3780487804878163,-0.03166923
0.5731707317073216,-0.024469364
0.6951219512195053,-0.01086298
0.7317073170731732,0.024715796
0.5975609756097526,0.011455348
0.4756097560975405,0.0071306396
0.3170731707317031,0.0017185091
0.3170731707317031,0.031443965
0.0428571428571431,0.013719192
0.1571428571428574,-0.00072298467
0.1428571428571423,0.06293191
0.1857142857142859,-0.04029903
0.1714285714285717,-0.008366766
0.7142857142857144,-0.061689414
0.5714285714285712,-0.029706417
0.5714285714285716,0.011533494
0.7714285714285714,0.04432909
0.6000000000000001,0.034143843
0.0,-0.022562753
0.0,0.023974836
0.0,0.04656806
0.0,-0.017708369
0.0,0.043341257
0.0,0.010094141
0.0,-0.02558465
0.0,0.021045271
0.0,0.006515851
0.0,0.013461741
0.8564102564102551,-0.0100173475
0.6564102564102576,0.036765613
0.6000000000000014,0.009450116
0.5435897435897417,-0.017737342
0.5641025641025639,0.031594988
0.3538461538461543,0.038635794
0.3230769230769219,-0.011620052
0.3025641025640997,0.026995545
0.2717948717948726,0.061198823
0.338461538461539,-0.040723853
0.2560975609756184,0.030174073
0.3780487804878163,-0.001784406
0.5731707317073216,-0.029309178
0.6951219512195053,-0.029582065
0.731707317073159,-0.0072994446
0.5975609756097526,0.026382636
0.4756097560975689,0.017355306
0.3170731707317031,0.01053975
0.3170731707317031,0.0005421384
0.3658536585365795,0.030950734
0.157142857142857,0.010600218
0.1428571428571428,-0.0015411827
0.1857142857142855,0.06349131
0.1714285714285717,-0.04081934
0.7142857142857142,-0.013064065
0.5714285714285716,-0.06744066
0.5714285714285712,-0.036566466
0.7714285714285709,0.015032871
0.6000000000000001,0.044759843
0.5285714285714285,0.03967526
0.0,-0.028168194
0.0,0.028222075
0.0,0.05057986
0.0,-0.013248559
0.0,0.041198403
0.0,0.008022433
0.0,-0.024130255
0.0,0.020349763
0.0,0.013370758
0.0,0.016609458
0.6564102564102559,-0.007682681
0.6000000000000014,0.038448427
0.5435897435897434,0.008499626
0.5641025641025639,-0.025476767
0.3538461538461526,0.034169417
0.3230769230769237,0.03609588
0.3025641025641032,-0.011833377
0.271794871794869,0.020983197
0.3384615384615372,0.062686846
0.3897435897435901,-0.04030893
0.3780487804878021,0.03430517
0.5731707317073216,0.0019024694
0.6951219512195195,-0.028543111
0.7317073170731732,-0.034565322
0.5975609756097526,-0.0022808018
0.4756097560975689,0.029407313
0.3170731707317173,0.02659637
0.3170731707317031,0.014410184
0.3658536585365795,-0.00028789532
0.560975609756099,0.028407918
0.1428571428571428,0.008263099
0.1857142857142859,0.0028283992
0.1714285714285712,0.06109711
0.714285714285714,-0.037720256
0.5714285714285716,-0.012863519
0.5714285714285716,-0.07381106
0.7714285714285714,-0.034899287
0.6000000000000001,0.011016012
0.5285714285714285,0.046736144
0.5428571428571427,0.038623072
0.0,-0.036024343
0.0,0.03403455
0.0,0.051458284
0.0,-0.010675151
0.0,0.042157445
0.0,0.008852729
0.0,-0.025682323
0.0,0.026296357
0.0,0.013015763
0.0,0.01854204
0.5999999999999996,-0.008582163
0.5435897435897434,0.034784358
0.5641025641025657,0.0064140493
0.3538461538461543,-0.030503307
0.3230769230769237,0.031648085
0.3025641025641032,0.040037803
0.271794871794869,-0.010919766
0.3384615384615355,0.021531316
0.3897435897435883,0.064449325
0.4512820512820514,-0.03956099
0.5731707317073216,0.037920766
0.6951219512195195,0.0056046415
0.731707317073159,-0.025900636
0.5975609756097384,-0.037624914
0.4756097560975689,0.0022529867
0.3170731707317031,0.028307885
0.3170731707317173,0.03067383
0.3658536585365795,0.009975712
0.560975609756099,-0.0004712788
0.6341463414634205,0.031270847
0.1857142857142859,0.0004858586
0.1714285714285717,0.00780693
0.7142857142857144,0.06403119
0.5714285714285716,-0.0352444
0.5714285714285716,-0.015076498
0.7714285714285716,-0.07668848
0.5999999999999996,-0.029100422
0.5285714285714285,0.009716854
0.5428571428571431,0.04629165
0.4571428571428573,0.03257309
0.0,-0.031474177
0.0,0.03941423
0.0,0.052472536
0.0,-0.012053637
0.0,0.037347794
0.0,0.010323908
0.0,-0.022703791
0.0,0.03140628
0.0,0.012346077
0.0,0.012861357
0.5435897435897434,-0.006427992
0.5641025641025639,0.030935664
0.3538461538461543,0.009137966
0.3230769230769201,-0.035650283
0.3025641025641015,0.033125386
0.2717948717948726,0.038129427
0.3384615384615372,-0.014621183
0.3897435897435883,0.029739628
0.4512820512820514,0.06459974
0.4769230769230788,-0.033109833
0.6951219512195053,0.042171396
0.7317073170731732,0.0025374517
0.5975609756097526,-0.02183088
0.4756097560975405,-0.03788071
0.3170731707317031,0.013474447
0.3170731707317031,0.01914037
0.3658536585365795,0.03142984
0.5609756097560847,0.013159143
0.6341463414634205,0.005497718
0.6219512195121979,0.026089247
0.1714285714285717,-0.00459189
0.7142857142857144,0.014753292
0.5714285714285712,0.05785711
0.5714285714285716,-0.03309397
0.7714285714285714,-0.01807894
0.6000000000000001,-0.075786784
0.528571428571428,-0.030601153
0.5428571428571427,0.010808596
0.4571428571428573,0.04225939
0.3428571428571429,0.03142018
0.0,-0.03067683
0.0,0.037399735
0.0,0.05057944
0.0,-0.004633177
0.0,0.03424595
0.0,0.0052103964
0.0,-0.015527693
0.0,0.026215026
0.0,0.009655373
0.0,0.008355226
0.5641025641025639,-0.004557087
0.3538461538461543,0.025809446
0.3230769230769219,0.0054012784
0.3025641025640997,-0.034251504
0.2717948717948726,0.032113362
0.338461538461539,0.030343233
0.3897435897435901,-0.016278379
0.4512820512820497,0.02610817
0.476923076923077,0.055423
0.5743589743589759,-0.030327508
0.731707317073159,0.044771492
0.5975609756097526,0.0049521676
0.4756097560975689,-0.02188786
0.3170731707317031,-0.03740694
0.3170731707317031,0.021148242
0.3658536585365795,0.015247072
0.560975609756099,0.034311138
0.6341463414634205,0.016368574
0.6219512195121979,0.009811339
0.6097560975609753,0.02253474
0.7142857142857142,-0.003530885
0.5714285714285716,0.018116646
0.5714285714285712,0.055689905
0.7714285714285709,-0.032350387
0.6000000000000001,-0.016939204
0.5285714285714285,-0.07512328
0.5428571428571427,-0.028044965
0.4571428571428568,0.0066968394
0.3428571428571429,0.04373888
0.3285714285714287,0.028913105
0.0,-0.03268126
0.0,0.038949627
0.0,0.04792533
0.0,-0.00057838554
0.0,0.036586173
0.0,0.00485314
0.0,-0.011518184
0.0,0.026629088
0.0,0.004511711
0.0,0.004665212
0.3538461538461526,-0.0075092493
0.3230769230769237,0.023871772
0.3025641025641032,0.0011648525
0.271794871794869,-0.031592935
0.3384615384615372,0.029929394
0.3897435897435901,0.0311656
0.4512820512820497,-0.016745737
0.4769230769230752,0.026212191
0.5743589743589741,0.05266601
0.6358974358974372,-0.03277723
0.5975609756097526,0.045067877
0.4756097560975689,-0.00062364154
0.3170731707317173,-0.018198205
0.3170731707317031,-0.038035464
0.3658536585365795,0.02808237
0.560975609756099,0.01025775
0.6341463414634205,0.037920184
0.6219512195121837,0.018473119
0.6097560975609753,0.014177382
0.5975609756097526,0.02286793
0.5714285714285716,-0.00448443
0.5714285714285716,0.022003986
0.7714285714285714,0.056528267
0.6000000000000001,-0.030365625
0.5285714285714285,-0.018235918
0.5428571428571427,-0.07296964
0.4571428571428573,-0.032247342
0.3428571428571425,0.009864051
0.3285714285714287,0.041218687
0.3285714285714287,0.031002462
0.0,-0.031655163
0.0,0.03916828
0.0,0.0461787
0.0,0.0031109436
0.0,0.034396127
0.0,0.0018644885
0.0,-0.0075813597
0.0,0.0203362
0.0,0.003519028
0.0,0.0023588026
0.3230769230769237,-0.007282203
0.3025641025641032,0.023274451
0.271794871794869,-0.0028975694
0.3384615384615355,-0.030075192
0.3897435897435883,0.029052185
0.4512820512820514,0.02784537
0.476923076923077,-0.017612137
0.5743589743589741,0.023883972
0.6358974358974354,0.046383075
0.6102564102564099,-0.03141871
0.4756097560975689,0.04545129
0.3170731707317031,-0.005924811
0.3170731707317173,-0.013558276
0.3658536585365795,-0.03759175
0.560975609756099,0.03149584
0.6341463414634205,0.009154091
0.6219512195121979,0.03973694
0.6097560975609753,0.02188227
0.5975609756097526,0.018774942
0.5487804878048763,0.024250021
0.5714285714285716,0.002579133
0.7714285714285716,0.019855332
0.5999999999999996,0.05547605
0.5285714285714285,-0.030829703
0.5428571428571431,-0.017767781
0.4571428571428573,-0.072307326
0.3428571428571425,-0.042221937
0.3285714285714283,0.015151712
0.3285714285714287,0.04321155
0.285714285714286,0.039581098
0.0,-0.035527628
0.0,0.034903232
0.0,0.04690144
0.0,0.006241701
0.0,0.036524527
0.0,0.00015994825
0.0,-0.0040172376
0.0,0.009819442
0.0,0.008698043
0.0,0.0021459209
0.3025641025641015,-0.010141078
0.2717948717948726,0.02539469
0.3384615384615372,-0.009498926
0.3897435897435883,-0.024818553
0.4512820512820514,0.032711964
0.4769230769230788,0.0255726
0.5743589743589741,-0.016737407
0.6358974358974354,0.014492238
0.6102564102564099,0.040949307
0.6307692307692321,-0.035071332
0.3170731707317031,0.049880885
0.3170731707317031,-0.0007155932
0.3658536585365795,-0.010789858
0.5609756097560847,-0.039920583
0.6341463414634205,0.035154786
0.6219512195121979,0.0101329945
0.6097560975609753,0.043414336
0.5975609756097384,0.026392639
0.5487804878048763,0.024239069
0.5000000000000142,0.024826491
0.7714285714285714,0.00689162
0.6000000000000001,0.014335368
0.528571428571428,0.05806226
0.5428571428571427,-0.032018214
0.4571428571428573,-0.018927284
0.3428571428571429,-0.07068497
0.3285714285714287,-0.044998057
0.3285714285714283,0.017214153
0.285714285714286,0.045037128
0.285714285714286,0.04417847
0.0,-0.039985858
0.0,0.030184712
0.0,0.04649183
0.0,0.0084752515
0.0,0.039771087
0.0,-0.00033691287
0.0,0.000985146
0.0,0.0066401097
0.0,0.01244731
0.0,-0.0022021078
0.2717948717948726,-0.012685047
0.338461538461539,0.022245308
0.3897435897435901,-0.012410973
0.4512820512820497,-0.01962064
0.476923076923077,0.035254396
0.5743589743589759,0.024987426
0.6358974358974354,-0.015587223
0.6102564102564099,0.011644206
0.6307692307692303,0.040882863
0.6000000000000014,-0.03857144
0.3170731707317031,0.04822932
0.3658536585365795,-0.0016590784
0.560975609756099,-0.009218821
0.6341463414634205,-0.040500104
0.6219512195121979,0.03097704
0.6097560975609753,0.012875765
0.5975609756097526,0.043233633
0.5487804878048763,0.024516685
0.5,0.023724526
0.4634146341463463,0.024024006
0.6000000000000001,0.0064035887
0.5285714285714285,0.010873614
0.5428571428571427,0.058583505
0.4571428571428568,-0.031274676
0.3428571428571429,-0.017443862
0.3285714285714287,-0.06825316
0.3285714285714287,-0.043213535
0.2857142857142856,0.018568758
0.285714285714286,0.044397086
0.3428571428571429,0.04481541
0.0,-0.03870885
0.0,0.029444555
0.0,0.04314095
0.0,0.00882493
0.0,0.037228324
0.0,-0.0007606297
0.0,0.0030736055
0.0,0.0064057386
0.0,0.013882884
0.0,-0.00082259584
0.3384615384615372,-0.010457841
0.3897435897435901,0.020890718
0.4512820512820497,-0.010731074
0.4769230769230752,-0.017111078
0.5743589743589741,0.035280123
0.6358974358974372,0.025309045
0.6102564102564116,-0.012561187
0.6307692307692285,0.012096913
0.5999999999999996,0.04120844
0.569230769230769,-0.036508553
0.3658536585365795,0.04580769
0.560975609756099,-0.0041987672
0.6341463414634205,-0.0076978374
0.6219512195121837,-0.039918408
0.6097560975609753,0.025517225
0.5975609756097526,0.013332569
0.5487804878048763,0.040013183
0.4999999999999858,0.022837806
0.4634146341463463,0.019837253
0.3658536585365795,0.022224138
0.5285714285714285,0.007216687
0.5428571428571427,0.00775526
0.4571428571428573,0.057536367
0.3428571428571425,-0.031182641
0.3285714285714287,-0.017990824
0.3285714285714287,-0.06538096
0.2857142857142856,-0.04233041
0.2857142857142856,0.02065098
0.3428571428571429,0.041377164
0.4000000000000003,0.04625374
0.0,-0.03681726
0.0,0.029737502
0.0,0.041823443
0.0,0.008087214
0.0,0.034477368
0.0,9.728968e-05
0.0,0.0019459391
0.0,0.004753088
0.0,0.01537471
0.0,0.0034069712
0.3897435897435883,-0.0076397993
0.4512820512820514,0.022442792
0.476923076923077,-0.009178446
0.5743589743589741,-0.016396604
0.6358974358974354,0.03512953
0.6102564102564099,0.02497631
0.6307692307692303,-0.009735083
0.5999999999999996,0.011017754
0.569230769230769,0.04253062
0.5589743589743588,-0.03512831
0.560975609756099,0.045207173
0.6341463414634205,-0.0044092964
0.6219512195121979,-0.0072599323
0.6097560975609753,-0.038472448
0.5975609756097526,0.024836956
0.5487804878048763,0.014241471
0.5,0.03861236
0.4634146341463321,0.023959212
0.3658536585365795,0.018430015
0.3414634146341484,0.019991213
0.5428571428571431,0.0060471636
0.4571428571428573,0.006811701
0.3428571428571425,0.05720818
0.3285714285714283,-0.030840004
0.3285714285714287,-0.018885244
0.285714285714286,-0.06675041
0.2857142857142856,-0.04092964
0.3428571428571425,0.021678623
0.4000000000000003,0.04021393
0.285714285714286,0.04712414
0.0,-0.037687737
0.0,0.034806572
0.0,0.041925725
0.0,0.008126446
0.0,0.036358114
0.0,0.0016302073
0.0,0.00031833444
0.0,0.00478764
0.0,0.013122466
0.0,0.008792996
0.4512820512820514,-0.007361375
0.4769230769230788,0.025332285
0.5743589743589741,-0.008871367
0.6358974358974354,-0.017283892
0.6102564102564099,0.034955285
0.6307692307692321,0.023757346
0.6000000000000014,-0.009020415
0.569230769230769,0.009576697
0.5589743589743588,0.046576224
0.6205128205128201,-0.03554491
0.6341463414634205,0.042865068
0.6219512195121979,-0.005416027
0.6097560975609753,-0.0080173155
0.5975609756097384,-0.03669295
0.5487804878048763,0.023341173
0.5000000000000142,0.016361136
0.4634146341463605,0.038078107
0.3658536585365795,0.023068702
0.3414634146341626,0.015439944
0.3902439024390247,0.016787583
0.4571428571428573,0.0029689646
0.3428571428571429,0.010113958
0.3285714285714287,0.056441866
0.3285714285714283,-0.029925339
0.285714285714286,-0.0189273
0.285714285714286,-0.07023375
0.3428571428571425,-0.037262145
0.3999999999999999,0.020706503
0.285714285714286,0.038837753
0.2714285714285718,0.044444844
0.0,-0.038486
0.0,0.041542664
0.0,0.04156941
0.0,0.0062693506
0.0,0.0362363
0.0,0.005553512
0.0,-0.0043325117
0.0,0.00931467
0.0,0.009640099
0.0,0.014161565
0.476923076923077,-0.007749686
0.5743589743589759,0.027259193
0.6358974358974354,-0.006983187
0.6102564102564099,-0.021902516
0.6307692307692303,0.03308001
0.6000000000000014,0.02527589
0.5692307692307672,-0.008221845
0.5589743589743588,0.010069505
0.6205128205128201,0.051416047
0.5897435897435894,-0.03300447
0.6219512195121979,0.04203148
0.6097560975609753,-0.00711757
0.5975609756097526,-0.008598249
0.5487804878048763,-0.03571187
0.5,0.02371741
0.4634146341463463,0.017085398
0.3658536585365795,0.036539506
0.3414634146341484,0.02091406
0.3902439024390247,0.014290145
0.4634146341463463,0.016524231
0.3428571428571429,0.00011499412
0.3285714285714287,0.013319688
0.3285714285714287,0.05725785
0.2857142857142856,-0.029725939
0.285714285714286,-0.020153008
0.3428571428571429,-0.07393798
0.3999999999999994,-0.035847887
0.2857142857142856,0.020374352
0.2714285714285718,0.038591024
0.3142857142857145,0.041539654
0.0,-0.03688506
0.0,0.0463888
0.0,0.04326967
0.0,0.0044156024
0.0,0.035588797
0.0,0.0073007764
0.0,-0.0068424707
0.0,0.011899651
0.0,0.0064858566
0.0,0.015743218
0.5743589743589741,-0.007014145
0.6358974358974372,0.031149754
0.6102564102564116,-0.005254952
0.6307692307692285,-0.02606676
0.5999999999999996,0.033937003
0.569230769230769,0.0247637
0.5589743589743588,-0.009491941
0.6205128205128201,0.01166582
0.5897435897435894,0.053161375
0.5589743589743588,-0.031504586
0.6097560975609753,0.041096166
0.5975609756097526,-0.008817242
0.5487804878048763,-0.009186844
0.4999999999999858,-0.035634466
0.4634146341463463,0.025952745
0.3658536585365795,0.016559483
0.3414634146341626,0.0342086
0.3902439024390389,0.02057963
0.4634146341463463,0.015645726
0.5487804878048763,0.017790776
0.3285714285714287,-0.0031319428
0.3285714285714287,0.014220707
0.2857142857142856,0.05781786
0.2857142857142856,-0.030331912
0.3428571428571429,-0.02301124
0.4000000000000003,-0.07651832
0.2857142857142856,-0.03637999
0.2714285714285713,0.022124643
0.3142857142857145,0.038491458
0.3142857142857145,0.04022893
0.0,-0.03556416
0.0,0.04902737
0.0,0.04488321
0.0,0.004997203
0.0,0.036261234
0.0,0.0067734984
0.0,-0.0067609036
0.0,0.012120083
0.0,0.0056356867
0.0,0.014807784
0.6358974358974354,-0.0048567243
0.6102564102564099,0.03355298
0.6307692307692303,-0.003862158
0.5999999999999996,-0.027592747
0.569230769230769,0.035743356
0.5589743589743588,0.021300277
0.6205128205128201,-0.011411725
0.5897435897435894,0.011730669
0.5589743589743588,0.05399011
0.5384615384615383,-0.0326085
0.5975609756097526,0.036882177
0.5487804878048763,-0.008433353
0.5,-0.011243389
0.4634146341463321,-0.035638385
0.3658536585365795,0.02601968
0.3414634146341484,0.017869325
0.3902439024390389,0.031086372
0.4634146341463321,0.019019194
0.5487804878048763,0.016369756
0.6219512195121979,0.018082948
0.3285714285714287,-0.0047922297
0.285714285714286,0.015055099
0.2857142857142856,0.055555485
0.3428571428571425,-0.029420482
0.4000000000000003,-0.024144355
0.285714285714286,-0.07569733
0.2714285714285709,-0.034196433
0.314285714285714,0.021447998
0.3142857142857145,0.038543034
0.3714285714285714,0.03539988
0.0,-0.034196947
0.0,0.04754619
0.0,0.044145584
0.0,0.0024388349
0.0,0.03577427
0.0,0.0067137056
0.0,-0.007920996
0.0,0.014858843
0.0,0.00577276
0.0,0.011742716
0.6102564102564099,-0.0041190498
0.6307692307692321,0.03068407
0.6000000000000014,-0.0008864793
0.569230769230769,-0.029357856
0.5589743589743588,0.035046857
0.6205128205128201,0.020001214
0.5897435897435912,-0.011621562
0.5589743589743588,0.012498199
0.5384615384615383,0.05243247
0.5333333333333332,-0.031998646
0.5487804878048763,0.033838637
0.5000000000000142,-0.007338136
0.4634146341463605,-0.013018038
0.3658536585365795,-0.035124872
0.3414634146341626,0.023632195
0.3902439024390247,0.017582964
0.4634146341463605,0.02983151
0.5487804878048763,0.0163152
0.6219512195121979,0.014425612
0.7560975609756184,0.018216344
0.285714285714286,-0.005223957
0.285714285714286,0.016144956
0.3428571428571425,0.055613924
0.3999999999999999,-0.028232232
0.285714285714286,-0.023442565
0.2714285714285718,-0.07344829
0.314285714285714,-0.03155883
0.314285714285714,0.018433468
0.3714285714285714,0.038508896
0.6714285714285717,0.030453637
0.0,-0.03142709
0.0,0.045779917
0.0,0.04298366
0.0,-0.00088418403
0.0,0.03389497
0.0,0.007954229
0.0,-0.009204909
0.0,0.017666455
0.0,0.0041833073
0.0,0.009342331
0.6307692307692303,-0.0037908594
0.6000000000000014,0.028080167
0.5692307692307672,0.001737697
0.5589743589743588,-0.031175524
0.6205128205128201,0.033123143
0.5897435897435894,0.0205798
0.5589743589743588,-0.0117935045
0.5384615384615383,0.015946228
0.5333333333333332,0.050952546
0.3794871794871799,-0.029749738
0.5,0.032854624
0.4634146341463463,-0.008103627
0.3658536585365795,-0.014118613
0.3414634146341484,-0.03511083
0.3902439024390247,0.023255868
0.4634146341463463,0.016929595
0.5487804878048763,0.02847615
0.6219512195121837,0.014920928
0.7560975609756184,0.014005399
0.7926829268292721,0.019704608
0.285714285714286,-0.004967118
0.3428571428571429,0.01577362
0.3999999999999994,0.056430157
0.2857142857142856,-0.028898373
0.2714285714285718,-0.023191737
0.3142857142857145,-0.07156687
0.314285714285714,-0.03298669
0.371428571428571,0.017506268
0.6714285714285713,0.03905887
0.5428571428571427,0.029369147
0.0,-0.02944276
0.0,0.044187542
0.0,0.043191694
0.0,-0.001089846
0.0,0.0328125
0.0,0.0077211196
0.0,-0.009082855
0.0,0.016639225
0.0,0.004160343
0.0,0.008262783
0.5999999999999996,-0.0032166766
0.569230769230769,0.028389476
0.5589743589743588,0.0019914126
0.6205128205128201,-0.031608637
0.5897435897435894,0.033723503
0.5589743589743588,0.019256197
0.5384615384615383,-0.012218232
0.5333333333333332,0.017062528
0.3794871794871781,0.049755633
0.3589743589743595,-0.03041414
0.4634146341463463,0.034432575
0.3658536585365795,-0.008236406
0.3414634146341626,-0.013673907
0.3902439024390389,-0.03559246
0.4634146341463463,0.023901608
0.5487804878048763,0.015792927
0.6219512195121979,0.028976152
0.7560975609756184,0.016619366
0.7926829268292721,0.015402855
0.8048780487804947,0.020251911
0.3428571428571429,-0.0023473217
0.4000000000000003,0.01441241
0.2857142857142856,0.05597951
0.2714285714285713,-0.030037146
0.3142857142857145,-0.02292701
0.3142857142857145,-0.07128342
0.3714285714285714,-0.036676593
0.6714285714285713,0.01755826
0.5428571428571431,0.039680947
0.8142857142857145,0.032693837
0.0,-0.031472147
0.0,0.041587852
0.0,0.0436054
0.0,0.0011987372
0.0,0.034406085
0.0,0.00661027
0.0,-0.007823682
0.0,0.013549262
0.0,0.0060885367
0.0,0.007647615
0.569230769230769,-0.0046610795
0.5589743589743588,0.028948225
0.6205128205128201,0.00016315922
0.5897435897435894,-0.030119427
0.5589743589743588,0.03498975
0.5384615384615383,0.01931164
0.5333333333333332,-0.01264228
0.3794871794871799,0.014918637
0.3589743589743595,0.049236774
0.2769230769230777,-0.03323508
0.3658536585365795,0.03800369
0.3414634146341484,-0.004011755
0.3902439024390389,-0.017484983
0.4634146341463321,-0.037225623
0.5487804878048763,0.021915847
0.6219512195121979,0.017171971
0.7560975609756184,0.032218855
0.7926829268292579,0.017790202
0.8048780487804947,0.014128721
0.7560975609756184,0.019051801
0.4000000000000003,-0.00052547443
0.285714285714286,0.0149595635
0.2714285714285709,0.05603481
0.314285714285714,-0.031793494
0.3142857142857145,-0.020574236
0.3714285714285714,-0.07246806
0.6714285714285713,-0.036109842
0.5428571428571427,0.014251955
0.8142857142857143,0.042787038
0.8,0.0328422
0.0,-0.035088822
0.0,0.039453927
0.0,0.042552244
0.0,0.001528918
0.0,0.03480248
0.0,0.0065043145
0.0,-0.008512069
0.0,0.017582512
0.0,0.00803343
0.0,0.008829649
0.5589743589743588,-0.00722903
0.6205128205128201,0.025538115
0.5897435897435912,-0.00050161174
0.5589743589743588,-0.029503936
0.5384615384615383,0.03263232
0.5333333333333332,0.024337206
0.3794871794871799,-0.01149549
0.3589743589743595,0.016980482
0.2769230769230759,0.052500807
0.2615384615384624,-0.034440998
0.3414634146341626,0.042144142
0.3902439024390247,-0.004171238
0.4634146341463605,-0.018026639
0.5487804878048763,-0.040850326
0.6219512195121979,0.023181858
0.7560975609756184,0.016831068
0.7926829268292579,0.0350272
0.8048780487804805,0.021041306
0.7560975609756184,0.014049519
0.7317073170731732,0.020338552
0.285714285714286,0.0014080714
0.2714285714285718,0.013458028
0.314285714285714,0.05733019
0.314285714285714,-0.033633005
0.3714285714285714,-0.020759704
0.6714285714285717,-0.07129797
0.5428571428571427,-0.041061107
0.8142857142857145,0.015461572
0.8,0.042441055
0.7857142857142858,0.038064063
0.0,-0.037711613
0.0,0.036537193
0.0,0.044535276
0.0,0.0038586135
0.0,0.033145808
0.0,0.0035983822
0.0,-0.006474251
0.0,0.014876961
0.0,0.011225522
0.0,0.010032751
0.6205128205128201,-0.007287577
0.5897435897435894,0.024478879
0.5589743589743588,-0.002551577
0.5384615384615383,-0.028584441
0.5333333333333332,0.03309806
0.3794871794871799,0.027023457
0.3589743589743612,-0.009503123
0.2769230769230741,0.018724827
0.2615384615384624,0.05363416
0.2256410256410248,-0.036277026
0.3902439024390247,0.04641594
0.4634146341463463,-0.0013232621
0.5487804878048763,-0.019038212
0.6219512195121837,-0.042156596
0.7560975609756184,0.025306335
0.7926829268292721,0.017204119
0.8048780487804947,0.03729436
0.7560975609756184,0.024828093
0.731707317073159,0.015813129
0.7073170731707421,0.021164695
0.2714285714285718,0.0033242991
0.3142857142857145,0.013954436
0.314285714285714,0.056522533
0.371428571428571,-0.0365953
0.6714285714285713,-0.021731112
0.5428571428571427,-0.07494614
0.8142857142857141,-0.044135883
0.7999999999999994,0.015548124
0.7857142857142856,0.044069197
0.7571428571428573,0.04210133
0.0,-0.043728326
0.0,0.03583473
0.0,0.04808382
0.0,0.006205297
0.0,0.03703831
0.0,0.0027239341
0.0,-0.007192931
0.0,0.015470988
0.0,0.014891977
0.0,0.010808393
0.5897435897435894,-0.010015657
0.5589743589743588,0.023193775
0.5384615384615383,-0.004569265
0.5333333333333332,-0.028162131
0.3794871794871781,0.03348076
0.3589743589743595,0.030482046
0.2769230769230759,-0.009615005
0.2615384615384588,0.016447395
0.2256410256410248,0.057561323
0.1487179487179499,-0.038625725
0.4634146341463463,0.053500295
0.5487804878048763,0.0049959295
0.6219512195121979,-0.018035475
0.7560975609756184,-0.046234146
0.7926829268292721,0.027159829
0.8048780487804947,0.016632598
0.7560975609756184,0.044428147
0.7317073170731732,0.030847685
0.7073170731707421,0.016793504
0.7317073170731732,0.022574326
0.3142857142857145,0.004109484
0.3142857142857145,0.015202901
0.3714285714285714,0.05864385
0.6714285714285713,-0.037300836
0.5428571428571431,-0.022559782
0.8142857142857145,-0.07909177
0.7999999999999998,-0.046630826
0.7857142857142851,0.015788898
0.7571428571428571,0.045859557
0.842857142857143,0.045791134
0.0,-0.05046465
0.0,0.03459636
0.0,0.052137405
0.0,0.006960501
0.0,0.039505545
0.0,0.001292876
0.0,-0.008512629
0.0,0.018405613
0.0,0.014189274
0.0,0.009564533
0.5589743589743588,-0.0128146
0.5384615384615383,0.021739649
0.5333333333333332,-0.0054844944
0.3794871794871799,-0.02811504
0.3589743589743595,0.034282297
0.2769230769230777,0.03454972
0.2615384615384606,-0.010724904
0.225641025641023,0.017850883
0.1487179487179482,0.060846165
0.0923076923076919,-0.03992329
0.5487804878048763,0.05586364
0.6219512195121979,0.0039729034
0.7560975609756184,-0.01805197
0.7926829268292579,-0.050032668
0.8048780487804947,0.028149229
0.7560975609756184,0.017463518
0.731707317073159,0.04761232
0.7073170731707137,0.030230138
0.731707317073159,0.01806673
0.7317073170731732,0.026674967
0.3142857142857145,-0.0004988313
0.3714285714285714,0.015920885
0.6714285714285713,0.06195233
0.5428571428571427,-0.037115972
0.8142857142857143,-0.024244856
0.8,-0.08419091
0.7857142857142851,-0.04647704
0.7571428571428567,0.017676381
0.8428571428571427,0.045377746
0.8857142857142857,0.04676639
0.0,-0.05041483
0.0,0.038422965
0.0,0.055512905
0.0,0.007088033
0.0,0.03968263
0.0,-0.00082079374
0.0,-0.007806238
0.0,0.020893684
0.0,0.015550652
0.0,0.007911536
0.5384615384615383,-0.009698235
0.5333333333333332,0.023530163
0.3794871794871799,-0.0034873118
0.3589743589743595,-0.028887631
0.2769230769230759,0.036353957
0.2615384615384624,0.03486996
0.2256410256410266,-0.014304828
0.1487179487179464,0.02075224
0.0923076923076937,0.06266462
0.0461538461538477,-0.037998095
0.6219512195121979,0.058510266
0.7560975609756184,0.0051910863
0.7926829268292579,-0.017840024
0.8048780487804805,-0.05288153
0.7560975609756184,0.03253424
0.7317073170731732,0.016719885
0.7073170731707421,0.050107267
0.7317073170731732,0.033589553
0.731707317073159,0.019678947
0.7317073170731732,0.027119953
0.3714285714285714,-0.0023998697
0.6714285714285717,0.019042728
0.5428571428571427,0.059712466
0.8142857142857145,-0.03788846
0.8,-0.02730347
0.7857142857142858,-0.08785741
0.7571428571428571,-0.04774686
0.842857142857143,0.01936227
0.8857142857142859,0.044284977
0.8857142857142857,0.047861833
0.0,-0.05320173
0.0,0.037019096
0.0,0.05945988
0.0,0.008657582
0.0,0.0421003
0.0,-0.002755864
0.0,-0.010536809
0.0,0.021725962
0.0,0.014407459
0.0,0.00605822
0.5333333333333332,-0.007923731
0.3794871794871799,0.02204861
0.3589743589743612,-0.0053656073
0.2769230769230741,-0.02966334
0.2615384615384624,0.03694642
0.2256410256410248,0.033426847
0.1487179487179499,-0.015965797
0.0923076923076902,0.018089117
0.0461538461538459,0.060717054
0.0256410256410255,-0.038181882
0.7560975609756184,0.061578624
0.7926829268292721,0.0074811406
0.8048780487804947,-0.01883991
0.7560975609756184,-0.056635737
0.731707317073159,0.037459664
0.7073170731707421,0.018514184
0.731707317073159,0.05458159
0.7317073170731732,0.03268988
0.731707317073159,0.021682661
0.8048780487804947,0.029836567
0.6714285714285713,-0.0062164348
0.5428571428571427,0.021052914
0.8142857142857141,0.06239524
0.7999999999999994,-0.037731633
0.7857142857142856,-0.028058525
0.7571428571428573,-0.091700904
0.842857142857143,-0.04473975
0.8857142857142857,0.018252907
0.8857142857142859,0.04600141
0.7857142857142858,0.0459791
0.0,-0.053762924
0.0,0.040782508
0.0,0.061403047
0.0,0.0078141745
0.0,0.04313972
0.0,-0.0029947925
0.0,-0.009739572
0.0,0.025719978
0.0,0.01400395
0.0,0.002273764
0.3794871794871781,-0.0077995574
0.3589743589743595,0.020589126
0.2769230769230759,-0.0044865133
0.2615384615384588,-0.031318456
0.2256410256410248,0.037777547
0.1487179487179499,0.034327433
0.0923076923076919,-0.018741326
0.0461538461538442,0.021151716
0.0256410256410255,0.060736753
0.1230769230769226,-0.037133113
0.7926829268292721,0.065934874
0.8048780487804947,0.003409383
0.7560975609756184,-0.01660654
0.7317073170731732,-0.060413763
0.7073170731707421,0.04462653
0.7317073170731732,0.018010313
0.731707317073159,0.060592994
0.7317073170731732,0.034926686
0.8048780487804947,0.02537657
0.8292682926829258,0.031914838
0.5428571428571431,-0.009580329
0.8142857142857145,0.024607848
0.7999999999999998,0.06399199
0.7857142857142851,-0.036832057
0.7571428571428571,-0.030839346
0.842857142857143,-0.09573125
0.8857142857142857,-0.047763802
0.8857142857142857,0.021506203
0.7857142857142856,0.045958996
0.6285714285714286,0.049107444
0.0,-0.053939905
0.0,0.040870808
0.0,0.06557072
0.0,0.008455165
0.0,0.043402713
0.0,-0.0064780773
0.0,-0.010010189
0.0,0.024514891
0.0,0.012459613
0.0,0.0005299336
0.3589743589743595,-0.007521337
0.2769230769230777,0.01984662
0.2615384615384606,-0.007671767
0.225641025641023,-0.03305278
0.1487179487179482,0.04046257
0.0923076923076919,0.03252894
0.0461538461538459,-0.020552725
0.0256410256410255,0.019065225
0.1230769230769226,0.055642836
0.2974358974358981,-0.035788797
0.8048780487804947,0.0698046
0.7560975609756184,0.0031749378
0.731707317073159,-0.016075706
0.7073170731707137,-0.06288709
0.731707317073159,0.0503842
0.7317073170731732,0.019258482
0.731707317073159,0.06594455
0.8048780487804805,0.03695502
0.8292682926829258,0.028350411
0.8414634146341484,0.035316434
0.8142857142857143,-0.008691556
0.8,0.024511198
0.7857142857142851,0.0649732
0.7571428571428567,-0.03784669
0.8428571428571427,-0.032564204
0.8857142857142857,-0.09882195
0.8857142857142857,-0.05015328
0.7857142857142851,0.021855973
0.6285714285714286,0.04827091
0.5285714285714285,0.052236322
0.0,-0.05648927
0.0,0.04335717
0.0,0.06921374
0.0,0.008777284
0.0,0.046492614
0.0,-0.007136767
0.0,-0.010086125
0.0,0.023918696
0.0,0.0134878345
0.0,0.00071331044
0.2769230769230759,-0.009219585
0.2615384615384624,0.021775158
0.2256410256410266,-0.013207408
0.1487179487179464,-0.033003114
0.0923076923076937,0.04272438
0.0461538461538477,0.032824818
0.0256410256410273,-0.021186365
0.1230769230769208,0.017121518
0.2974358974358981,0.05382199
0.4256410256410259,-0.037526313
0.7560975609756184,0.07506877
0.7317073170731732,0.004652038
0.7073170731707421,-0.013844321
0.7317073170731732,-0.066482
0.731707317073159,0.056626216
0.7317073170731732,0.019341433
0.8048780487804947,0.07330318
0.8292682926829258,0.04304119
0.8414634146341484,0.03478064
0.8780487804878021,0.038653225
0.8,-0.009467196
0.7857142857142858,0.024454609
0.7571428571428571,0.067894965
0.842857142857143,-0.03849394
0.8857142857142859,-0.034837812
0.8857142857142857,-0.10061688
0.7857142857142851,-0.052799862
0.6285714285714286,0.024764784
0.5285714285714285,0.050691936
0.442857142857143,0.05556148
0.0,-0.060243923
0.0,0.04231735
0.0,0.071254544
0.0,0.011026926
0.0,0.04950919
0.0,-0.011701135
0.0,-0.007571863
0.0,0.022408977
0.0,0.015084439
0.0,-0.0021225319
0.2615384615384624,-0.010426802
0.2256410256410248,0.018598145
0.1487179487179499,-0.015533378
0.0923076923076902,-0.030844655
0.0461538461538459,0.04443368
0.0256410256410255,0.030987872
0.1230769230769226,-0.022480914
0.2974358974358946,0.015506891
0.4256410256410259,0.050837062
0.5282051282051299,-0.03840855
0.731707317073159,0.076385535
0.7073170731707421,0.0043914123
0.731707317073159,-0.011650092
0.7317073170731732,-0.066996984
0.731707317073159,0.057882484
0.8048780487804947,0.01956009
0.82926829268294,0.077130355
0.84146341463412,0.045471326
0.8780487804878021,0.03791198
0.8170731707317174,0.040157605
0.7857142857142856,-0.0054875826
0.7571428571428573,0.024334466
0.842857142857143,0.06601843
0.8857142857142857,-0.037396852
0.8857142857142859,-0.0344248
0.7857142857142858,-0.098592386
0.6285714285714286,-0.056223918
0.5285714285714285,0.027725158
0.442857142857143,0.0509735
0.3285714285714287,0.05821897
0.0,-0.061889734
0.0,0.038390584
0.0,0.0732085
0.0,0.011213759
0.0,0.050596945
0.0,-0.014978059
0.0,-0.006826021
0.0,0.019640295
0.0,0.015758432
0.0,-0.0017897116
0.2256410256410248,-0.012459327
0.1487179487179499,0.017068055
0.0923076923076919,-0.018500866
0.0461538461538442,-0.027701853
0.0256410256410255,0.04447428
0.1230769230769226,0.03160289
0.2974358974358964,-0.02045413
0.4256410256410223,0.011980991
0.5282051282051281,0.046553828
0.6205128205128201,-0.03897396
0.7073170731707421,0.078038
0.7317073170731732,0.0059537822
0.731707317073159,-0.008528943
0.7317073170731732,-0.06686215
0.8048780487804947,0.05743311
0.8292682926829258,0.018965984
0.8414634146341484,0.080870934
0.8780487804878021,0.048501045
0.8170731707317032,0.040715862
0.768292682926841,0.041386876
0.7571428571428571,-0.0004419356
0.842857142857143,0.023817968
0.8857142857142857,0.065941624
0.8857142857142857,-0.036346976
0.7857142857142856,-0.03381389
0.6285714285714286,-0.095106445
0.528571428571428,-0.059270453
0.4428571428571426,0.030590706
0.3285714285714287,0.050576974
0.2428571428571433,0.0608254
0.0,-0.063689195
0.0,0.03337343
0.0,0.0731477
0.0,0.011939356
0.0,0.051150676
0.0,-0.017879002
0.0,-0.0044394834
0.0,0.016168587
0.0,0.016078252
0.0,-0.0031250296
0.1487179487179482,-0.013973877
0.0923076923076919,0.015682526
0.0461538461538459,-0.020440187
0.0256410256410255,-0.022089189
0.1230769230769226,0.043178763
0.2974358974358981,0.032724887
0.4256410256410241,-0.018457206
0.5282051282051263,0.01026452
0.6205128205128201,0.04272639
0.7230769230769223,-0.03917506
0.731707317073159,0.07768716
0.7317073170731732,0.0038072304
0.731707317073159,-0.005994993
0.8048780487804805,-0.06569475
0.8292682926829258,0.05652279
0.8414634146341484,0.01951782
0.8780487804878163,0.08154475
0.8170731707317174,0.04830609
0.7682926829268268,0.041386325
0.7073170731707421,0.040386934
0.8428571428571427,0.0022276244
0.8857142857142857,0.02207814
0.8857142857142857,0.066850744
0.7857142857142851,-0.035722185
0.6285714285714286,-0.032688726
0.5285714285714285,-0.09244759
0.4428571428571426,-0.061714455
0.3285714285714283,0.032954693
0.2428571428571433,0.04906732
0.1714285714285717,0.06273608
0.0,-0.06355419
0.0,0.03187571
0.0,0.07114654
0.0,0.012307599
0.0,0.051157244
0.0,-0.017944366
0.0,-0.0020998132
0.0,0.011971133
0.0,0.015724953
0.0,-0.0027448214
0.0923076923076937,-0.0144576235
0.0461538461538477,0.01711867
0.0256410256410273,-0.021254981
0.1230769230769208,-0.01831671
0.2974358974358981,0.042844273
0.4256410256410259,0.033441987
0.5282051282051263,-0.016920393
0.6205128205128201,0.009236062
0.7230769230769223,0.04110083
0.815384615384616,-0.039052606
0.731707317073159,0.07604368
0.7317073170731732,0.0010919813
0.8048780487804947,-0.0036908314
0.8292682926829258,-0.06326528
0.8414634146341484,0.056010284
0.8780487804878021,0.021028485
0.8170731707317174,0.07978114
0.7682926829268126,0.048163753
0.7073170731707421,0.04121946
0.5975609756097526,0.038535085
0.8857142857142859,0.002959285
0.8857142857142857,0.018612709
0.7857142857142851,0.06805572
0.6285714285714286,-0.034490276
0.5285714285714285,-0.03266292
0.442857142857143,-0.09163147
0.3285714285714287,-0.06428291
0.2428571428571428,0.036134902
0.1714285714285717,0.047847886
0.1285714285714285,0.06743458
0.0,-0.06306316
0.0,0.03316906
0.0,0.0689678
0.0,0.012645878
0.0,0.05277992
0.0,-0.017079111
0.0,-0.00038696162
0.0,0.00698938
0.0,0.014957176
0.0,-0.00019981997
0.0461538461538459,-0.014548514
0.0256410256410255,0.021610243
0.1230769230769226,-0.0232567
0.2974358974358946,-0.01621491
0.4256410256410259,0.043716818
0.5282051282051299,0.031932086
0.6205128205128201,-0.014744188
0.7230769230769223,0.006556427
0.815384615384616,0.041389495
0.8358974358974365,-0.040064394
0.731707317073159,0.073077954
0.8048780487804947,-0.001428689
0.82926829268294,-0.0013844882
0.84146341463412,-0.06053375
0.8780487804878021,0.055741306
0.8170731707317174,0.021512361
0.768292682926841,0.07645098
0.7073170731707137,0.0479051
0.5975609756097526,0.03885641
0.5365853658536537,0.034916125
0.8857142857142859,0.0029374023
0.7857142857142858,0.0152685875
0.6285714285714286,0.06756985
0.5285714285714285,-0.03369602
0.442857142857143,-0.032731585
0.3285714285714287,-0.09045527
0.2428571428571428,-0.06513376
0.1714285714285717,0.038750578
0.1285714285714285,0.04505719
0.0714285714285716,0.071465135
0.0,-0.061680134
0.0,0.03551111
0.0,0.06675317
0.0,0.013309998
0.0,0.054104466
0.0,-0.015482485
0.0,0.00055638584
0.0,0.0027958788
0.0,0.014078359
0.0,0.0038529364
0.0256410256410255,-0.013414693
0.1230769230769226,0.02573268
0.2974358974358964,-0.025177289
0.4256410256410223,-0.016286464
0.5282051282051281,0.043938965
0.6205128205128201,0.029711401
0.7230769230769223,-0.012167589
0.8153846153846143,0.0032297992
0.8358974358974365,0.0434611
0.8769230769230774,-0.040741738
0.8048780487804947,0.06866181
0.8292682926829258,-0.0036640526
0.8414634146341484,0.00010504178
0.8780487804878021,-0.058074817
0.8170731707317032,0.054288622
0.768292682926841,0.020943984
0.7073170731707421,0.07263171
0.5975609756097384,0.04680546
0.5365853658536537,0.036191307
0.4512195121951379,0.02954093
0.7857142857142856,0.002027554
0.6285714285714286,0.012552465
0.528571428571428,0.06679231
0.4428571428571426,-0.032680623
0.3285714285714287,-0.032430697
0.2428571428571433,-0.08804734
0.1714285714285712,-0.06380078
0.1285714285714281,0.039766923
0.0714285714285716,0.04126531
0.0428571428571431,0.07290975
0.0,-0.059273005
0.0,0.03791392
0.0,0.06318921
0.0,0.013463663
0.0,0.053972922
0.0,-0.013027387
0.0,0.0009228027
0.0,-7.1808754e-05
0.0,0.012768417
0.0,0.0072784005
0.1230769230769226,-0.011471605
0.2974358974358981,0.027584823
0.4256410256410241,-0.024504486
0.5282051282051263,-0.016898915
0.6205128205128201,0.042008825
0.7230769230769223,0.027614282
0.815384615384616,-0.009419426
0.8358974358974329,0.0014062474
0.8769230769230774,0.04581213
0.9179487179487182,-0.039804917
0.8292682926829258,0.0623644
0.8414634146341484,-0.005144726
0.8780487804878163,0.00027711765
0.8170731707317174,-0.0553716
0.7682926829268268,0.051085807
0.7073170731707421,0.021914858
0.5975609756097526,0.06799649
0.5365853658536395,0.043883905
0.4512195121951237,0.032135803
0.4024390243902616,0.024038836
0.6285714285714286,0.00034922402
0.5285714285714285,0.011137528
0.4428571428571426,0.066184126
0.3285714285714283,-0.031932864
0.2428571428571433,-0.03170853
0.1714285714285717,-0.08685689
0.1285714285714285,-0.05955115
0.0714285714285711,0.03885009
0.0428571428571431,0.03796505
0.0571428571428573,0.07073317
0.0,-0.056555334
0.0,0.04292874
0.0,0.058447935
0.0,0.012671515
0.0,0.052758846
0.0,-0.008665899
0.0,-0.00018086447
0.0,5.1430543e-05
0.0,0.011454752
0.0,0.011158394
0.2974358974358981,-0.009698649
0.4256410256410259,0.029672721
0.5282051282051263,-0.021401813
0.6205128205128201,-0.018480018
0.7230769230769223,0.040055517
0.815384615384616,0.026748104
0.8358974358974365,-0.007094508
0.8769230769230756,0.0013355234
0.9179487179487182,0.050007693
0.8923076923076927,-0.03828082
0.8414634146341484,0.056780152
0.8780487804878021,-0.0057120803
0.8170731707317174,-0.0004297219
0.7682926829268126,-0.052126653
0.7073170731707421,0.04948611
0.5975609756097526,0.022805167
0.5365853658536537,0.060234386
0.4512195121951237,0.042128224
0.4024390243902473,0.027669359
0.3658536585365795,0.020943975
0.5285714285714285,-0.0016680089
0.442857142857143,0.011081862
0.3285714285714287,0.06655065
0.2428571428571428,-0.031210167
0.1714285714285717,-0.031845417
0.1285714285714285,-0.08618112
0.0714285714285716,-0.05433714
0.0428571428571427,0.038401924
0.0571428571428573,0.036047984
0.0285714285714284,0.067271374
0.0,-0.053139567
0.0,0.048148714
0.0,0.054920036
0.0,0.01140305
0.0,0.050467476
0.0,-0.00422326
0.0,-0.0005951668
0.0,0.0009468136
0.0,0.009825789
0.0,0.01446795
0.4256410256410259,-0.006753416
0.5282051282051299,0.032352556
0.6205128205128201,-0.017976055
0.7230769230769223,-0.020667788
0.815384615384616,0.03990449
0.8358974358974365,0.02423341
0.8769230769230756,-0.0060014566
0.9179487179487164,0.0011651458
0.8923076923076927,0.0531319
0.9435897435897438,-0.03762059
0.8780487804878021,0.05095639
0.8170731707317174,-0.0078322785
0.768292682926841,-0.0017655919
0.7073170731707137,-0.0482641
0.5975609756097526,0.0480415
0.5365853658536537,0.024671266
0.4512195121951379,0.05107916
0.4024390243902473,0.03967758
0.3658536585365795,0.023973593
0.4024390243902616,0.019445563
0.442857142857143,-0.002366838
0.3285714285714287,0.01279325
0.2428571428571428,0.06671448
0.1714285714285717,-0.030018773
0.1285714285714285,-0.033821113
0.0714285714285716,-0.08782672
0.0428571428571427,-0.05066034
0.0571428571428569,0.037115272
0.0285714285714289,0.035474144
0.0428571428571431,0.06340975
0.0,-0.049232777
0.0,0.053279616
0.0,0.054944277
0.0,0.0087762065
0.0,0.049373094
0.0,0.0018151791
0.0,-0.0027542398
0.0,0.0030345027
0.0,0.008585922
0.0,0.016622491
0.5282051282051281,-0.004692291
0.6205128205128201,0.034616295
0.7230769230769223,-0.0148407
0.8153846153846143,-0.025825625
0.8358974358974365,0.040438466
0.8769230769230774,0.02265358
0.9179487179487182,-0.006145847
0.8923076923076909,0.00033262896
0.9435897435897438,0.053855322
0.8974358974358978,-0.036987443
0.8170731707317032,0.04481758
0.768292682926841,-0.010485173
0.7073170731707421,-0.0041252803
0.5975609756097384,-0.04451813
0.5365853658536537,0.043292556
0.4512195121951379,0.026444674
0.4024390243902616,0.041898634
0.3658536585365795,0.03563834
0.4024390243902473,0.020246383
0.4756097560975689,0.017995799
0.3285714285714287,-0.0043800306
0.2428571428571433,0.016741032
0.1714285714285712,0.067116834
0.1285714285714281,-0.02906611
0.0714285714285716,-0.035030108
0.0428571428571431,-0.090681694
0.0571428571428569,-0.045822192
0.0285714285714284,0.033615325
0.0428571428571431,0.035969052
0.0428571428571431,0.056555346
0.0,-0.04508424
0.0,0.057768267
0.0,0.05581971
0.0,0.005254795
0.0,0.047865782
0.0,0.008653152
0.0,-0.008106763
0.0,0.0089703705
0.0,0.006530089
0.0,0.018731657
0.6205128205128201,-0.0033224763
0.7230769230769223,0.035193924
0.815384615384616,-0.010113369
0.8358974358974329,-0.032584473
0.8769230769230774,0.03975699
0.9179487179487182,0.022335025
0.8923076923076927,-0.0067961104
0.943589743589742,0.0009707506
0.8974358974358978,0.054487146
0.8410256410256416,-0.03456513
0.7682926829268268,0.038950764
0.7073170731707421,-0.013179704
0.5975609756097526,-0.0080531575
0.5365853658536395,-0.043730758
0.4512195121951237,0.041023076
0.4024390243902616,0.028119547
0.3658536585365795,0.033731394
0.4024390243902473,0.03129036
0.4756097560975689,0.018447712
0.5243902439024453,0.018263789
0.2428571428571433,-0.0071304752
0.1714285714285717,0.018618224
0.1285714285714285,0.06619916
0.0714285714285711,-0.028483959
0.0428571428571431,-0.035543866
0.0571428571428573,-0.09161039
0.0285714285714284,-0.04352254
0.0428571428571427,0.03184397
0.0428571428571431,0.036555648
0.0857142857142858,0.049084935
0.0,-0.04051128
0.0,0.05893076
0.0,0.05818925
0.0,0.0010734631
0.0,0.0465471
0.0,0.011114328
0.0,-0.012554724
0.0,0.013855823
0.0,0.003266323
0.0,0.019152738
0.7230769230769223,-0.0010143467
0.815384615384616,0.037269376
0.8358974358974365,-0.004825993
0.8769230769230756,-0.03776001
0.9179487179487182,0.04048008
0.8923076923076927,0.020798277
0.943589743589742,-0.0072917584
0.8974358974358942,0.002777427
0.8410256410256416,0.05565711
0.7538461538461547,-0.034502193
0.7073170731707421,0.03431789
0.5975609756097526,-0.0138071
0.5365853658536537,-0.012165531
0.4512195121951237,-0.042959258
0.4024390243902473,0.03690567
0.3658536585365795,0.029254446
0.4024390243902616,0.027189372
0.4756097560975405,0.025934529
0.5243902439024453,0.01610941
0.6585365853658516,0.018082922
0.1714285714285717,-0.008876545
0.1285714285714285,0.019853884
0.0714285714285716,0.0635168
0.0428571428571427,-0.028848225
0.0571428571428573,-0.033751864
0.0285714285714284,-0.09200884
0.0428571428571427,-0.04065874
0.0428571428571427,0.028540034
0.0857142857142858,0.03830002
0.1428571428571428,0.04194903
0.0,-0.037697427
0.0,0.05806111
0.0,0.05966769
0.0,-0.0031848247
0.0,0.04641093
0.0,0.013318492
0.0,-0.016933843
0.0,0.018890511
0.0,0.0015278263
0.0,0.018132674
0.815384615384616,0.00011674396
0.8358974358974365,0.037660073
0.8769230769230756,1.5038531e-06
0.9179487179487164,-0.041945357
0.8923076923076927,0.040982224
0.9435897435897438,0.02028057
0.8974358974358978,-0.008210105
0.8410256410256398,0.0052744737
0.7538461538461547,0.056984745
0.6717948717948712,-0.034732293
0.5975609756097526,0.031147895
0.5365853658536537,-0.014033412
0.4512195121951379,-0.014813554
0.4024390243902473,-0.042737637
0.3658536585365795,0.03260865
0.4024390243902616,0.029107105
0.4756097560975689,0.022665616
0.524390243902431,0.021616073
0.6585365853658516,0.013210481
0.7560975609756184,0.018330177
0.1285714285714285,-0.0102492375
0.0714285714285716,0.019491069
0.0428571428571427,0.06085957
0.0571428571428569,-0.02998265
0.0285714285714289,-0.0309777
0.0428571428571431,-0.0893855
0.0428571428571427,-0.037721034
0.0857142857142854,0.026282132
0.1428571428571428,0.03800966
0.1714285714285717,0.03519001
0.0,-0.034823168
0.0,0.05459084
0.0,0.059736438
0.0,-0.0073237526
0.0,0.04458825
0.0,0.01380901
0.0,-0.020386096
0.0,0.022059826
0.0,-0.00073143
0.0,0.016743412
0.8358974358974365,0.0013082456
0.8769230769230774,0.036484666
0.9179487179487182,0.0049339295
0.8923076923076909,-0.043916583
0.9435897435897438,0.04046201
0.8974358974358978,0.02118328
0.8410256410256416,-0.009538469
0.7538461538461529,0.008472688
0.6717948717948712,0.05809986
0.6051282051282065,-0.033608794
0.5365853658536537,0.02835465
0.4512195121951379,-0.014579735
0.4024390243902616,-0.016844034
0.3658536585365795,-0.042615637
0.4024390243902473,0.028787596
0.4756097560975689,0.029018527
0.5243902439024595,0.019454874
0.6585365853658374,0.018316166
0.7560975609756184,0.011654674
0.7439024390243958,0.019258304
0.0714285714285716,-0.010129804
0.0428571428571431,0.018065413
0.0571428571428569,0.05921807
0.0285714285714284,-0.031331472
0.0428571428571431,-0.029181842
0.0428571428571431,-0.08670988
0.0857142857142854,-0.03676918
0.1428571428571432,0.025122605
0.1714285714285717,0.03778604
0.2000000000000001,0.03128522
0.0,-0.032460224
0.0,0.051755115
0.0,0.059376027
0.0,-0.009748805
0.0,0.04356112
0.0,0.013428094
0.0,-0.022641173
0.0,0.02278276
0.0,-0.0022066226
0.0,0.015682397
0.8769230769230774,0.0022082091
0.9179487179487182,0.036312584
0.8923076923076927,0.008846554
0.943589743589742,-0.0447209
0.8974358974358978,0.040656503
0.8410256410256416,0.021291288
0.7538461538461547,-0.010484343
0.6717948717948712,0.011276949
0.6051282051282048,0.058897495
0.5128205128205128,-0.034731664
0.4512195121951237,0.027137237
0.4024390243902616,-0.013912659
0.3658536585365795,-0.018340841
0.4024390243902473,-0.04239318
0.4756097560975689,0.025402274
0.5243902439024453,0.028793074
0.6585365853658516,0.018659625
0.7560975609756184,0.015197427
0.7439024390243958,0.010288713
0.7317073170731732,0.018990163
0.0428571428571431,-0.00912166
0.0571428571428573,0.015883489
0.0285714285714284,0.0584111
0.0428571428571427,-0.033097073
0.0428571428571431,-0.027399153
0.0857142857142858,-0.08337083
0.1428571428571423,-0.035603818
0.1714285714285717,0.023344211
0.2000000000000001,0.037759043
0.2285714285714286,0.030093761
0.0,-0.031823587
0.0,0.04945264
0.0,0.05703144
0.0,-0.010577843
0.0,0.043273747
0.0,0.013198993
0.0,-0.023132496
0.0,0.022106033
0.0,-0.00083686283
0.0,0.014311747
0.9179487179487182,0.0017629561
0.8923076923076927,0.03480356
0.943589743589742,0.011281136
0.8974358974358942,-0.0436501
0.8410256410256416,0.039956782
0.7538461538461547,0.020778218
0.6717948717948712,-0.011176489
0.605128205128203,0.012859925
0.5128205128205128,0.05926936
0.4256410256410259,-0.035618722
0.4024390243902473,0.02669664
0.3658536585365795,-0.01249599
0.4024390243902616,-0.01924405
0.4756097560975405,-0.04118853
0.5243902439024453,0.022451246
0.6585365853658516,0.027889702
0.7560975609756184,0.018946175
0.7439024390243816,0.012439143
0.731707317073159,0.009879053
0.7073170731707421,0.018717244
0.0571428571428573,-0.005823223
0.0285714285714284,0.014012247
0.0428571428571427,0.056201376
0.0428571428571427,-0.034000557
0.0857142857142858,-0.025829574
0.1428571428571428,-0.07929163
0.1714285714285712,-0.035344478
0.2000000000000001,0.020699691
0.2285714285714291,0.036881674
0.285714285714286,0.029945476
0.0,-0.03170293
0.0,0.045117106
0.0,0.054682437
0.0,-0.010322662
0.0,0.04184886
0.0,0.012384084
0.0,-0.022046883
0.0,0.019949436
0.0,0.0013404589
0.0,0.012183948
0.8923076923076927,0.00015075295
0.9435897435897438,0.032339174
0.8974358974358978,0.011905839
0.8410256410256398,-0.042638816
0.7538461538461547,0.03937124
0.6717948717948712,0.021473732
0.605128205128203,-0.011649188
0.5128205128205128,0.014870653
0.4256410256410259,0.05816333
0.3794871794871799,-0.036913898
0.3658536585365795,0.027757159
0.4024390243902616,-0.01344168
0.4756097560975689,-0.02057408
0.524390243902431,-0.040167477
0.6585365853658516,0.021275342
0.7560975609756184,0.02710558
0.7439024390243958,0.019789226
0.7317073170731732,0.013002446
0.7073170731707421,0.009613151
0.6585365853658516,0.017521933
0.0285714285714289,-0.002138039
0.0428571428571431,0.011645566
0.0428571428571427,0.05560788
0.0857142857142854,-0.03475128
0.1428571428571428,-0.024288354
0.1714285714285717,-0.075523555
0.2000000000000001,-0.03865188
0.2285714285714286,0.02054959
0.285714285714286,0.03651445
0.4571428571428573,0.032803588
0.0,-0.03363621
0.0,0.041716833
0.0,0.054370817
0.0,-0.009084757
0.0,0.041041672
0.0,0.010260892
0.0,-0.021875989
0.0,0.016924025
0.0,0.0035493537
0.0,0.0135749495
0.9435897435897438,-0.0022637823
0.8974358974358978,0.031180613
0.8410256410256416,0.010029276
0.7538461538461529,-0.04099636
0.6717948717948712,0.03811495
0.6051282051282065,0.022912074
0.5128205128205146,-0.0099832425
0.4256410256410223,0.014643571
0.3794871794871781,0.058628835
0.3538461538461543,-0.039498474
0.4024390243902473,0.030444816
0.4756097560975689,-0.012760186
0.5243902439024595,-0.020598797
0.6585365853658374,-0.039581176
0.7560975609756184,0.01934964
0.7439024390243958,0.026276583
0.731707317073159,0.02249977
0.7073170731707137,0.013677762
0.6585365853658516,0.0090131145
0.6219512195121979,0.015710356
0.0428571428571431,-0.00019225467
0.0428571428571431,0.010147265
0.0857142857142854,0.056321234
0.1428571428571432,-0.03422792
0.1714285714285717,-0.022208208
0.2000000000000001,-0.07295295
0.2285714285714282,-0.04027103
0.2857142857142856,0.0206894
0.4571428571428573,0.035934586
0.5571428571428569,0.036509264
0.0,-0.0356369
0.0,0.0408907
0.0,0.053180944
0.0,-0.0059491005
0.0,0.0408724
0.0,0.0079657035
0.0,-0.021020206
0.0,0.015677704
0.0,0.0053093797
0.0,0.01554295
0.8974358974358978,-0.004073048
0.8410256410256416,0.03096295
0.7538461538461547,0.0077311518
0.6717948717948712,-0.03949298
0.6051282051282048,0.03597338
0.5128205128205128,0.025023123
0.4256410256410241,-0.008132253
0.3794871794871799,0.015305399
0.3538461538461526,0.059151337
0.338461538461539,-0.0406436
0.4756097560975689,0.035154432
0.5243902439024453,-0.010896958
0.6585365853658516,-0.019325662
0.7560975609756184,-0.040079493
0.7439024390243958,0.019039627
0.7317073170731732,0.024251418
0.7073170731707421,0.025952598
0.6585365853658374,0.015263788
0.6219512195121979,0.009953472
0.6219512195121979,0.015484775
0.0428571428571431,0.00080392545
0.0857142857142858,0.010569076
0.1428571428571423,0.05718843
0.1714285714285717,-0.03306693
0.2000000000000001,-0.02086783
0.2285714285714286,-0.072375655
0.2857142857142856,-0.0412599
0.4571428571428568,0.020036172
0.5571428571428574,0.036298845
0.6428571428571428,0.04070753
0.0,-0.037575725
0.0,0.04076786
0.0,0.052324966
0.0,-0.0024783527
0.0,0.0394702
0.0,0.005845294
0.0,-0.0184269
0.0,0.0153952865
0.0,0.006712805
0.0,0.01593222
0.8410256410256416,-0.0056426357
0.7538461538461547,0.030138459
0.6717948717948712,0.0049613635
0.605128205128203,-0.03836328
0.5128205128205128,0.03444411
0.4256410256410259,0.027543178
0.3794871794871799,-0.0076105166
0.3538461538461543,0.016766224
0.3384615384615372,0.05785773
0.3230769230769237,-0.041006293
0.5243902439024453,0.04015892
0.6585365853658516,-0.008543356
0.7560975609756184,-0.019699603
0.7439024390243816,-0.041731663
0.731707317073159,0.01949545
0.7073170731707421,0.02352707
0.6585365853658516,0.029936906
0.6219512195121837,0.016530031
0.6219512195121979,0.010325182
0.6829268292682968,0.01697108
0.0857142857142858,-9.917258e-05
0.1428571428571428,0.011277691
0.1714285714285712,0.05770172
0.2000000000000001,-0.033105068
0.2285714285714291,-0.019791225
0.285714285714286,-0.07625227
0.4571428571428573,-0.04119402
0.5571428571428574,0.01871481
0.6428571428571428,0.038488146
0.6857142857142859,0.04321585
0.0,-0.04010421
0.0,0.042378638
0.0,0.053990785
0.0,-0.00088684703
0.0,0.04018382
0.0,0.0050791325
0.0,-0.018280184
0.0,0.018201241
0.0,0.007882359
0.0,0.017467597
0.7538461538461547,-0.0064403797
0.6717948717948712,0.030396758
0.605128205128203,0.0012696432
0.5128205128205128,-0.03825083
0.4256410256410259,0.03461598
0.3794871794871799,0.02982247
0.3538461538461543,-0.00842395
0.3384615384615355,0.017951187
0.3230769230769237,0.059362277
0.3641025641025628,-0.041954014
0.6585365853658516,0.04513201
0.7560975609756184,-0.0072987094
0.7439024390243958,-0.020369437
0.7317073170731732,-0.043964066
0.7073170731707421,0.022985788
0.6585365853658516,0.022469109
0.6219512195121979,0.035028275
0.6219512195121837,0.020429928
0.6829268292682968,0.010679666
0.7317073170731732,0.018394023
0.1428571428571428,-0.0022250293
0.1714285714285717,0.012644457
0.2000000000000001,0.05932772
0.2285714285714286,-0.034238048
0.285714285714286,-0.020970229
0.4571428571428573,-0.080806024
0.5571428571428569,-0.04374126
0.6428571428571428,0.018459147
0.6857142857142859,0.039557073
0.6142857142857143,0.045943506
0.0,-0.04388562
0.0,0.043676414
0.0,0.057121124
0.0,0.00090609456
0.0,0.04257573
0.0,0.004126639
0.0,-0.018081075
0.0,0.020476006
0.0,0.008937487
0.0,0.018539174
0.6717948717948712,-0.006917948
0.6051282051282065,0.030254124
0.5128205128205146,-0.0022533322
0.4256410256410223,-0.038741384
0.3794871794871781,0.035348795
0.3538461538461543,0.03148649
0.3384615384615372,-0.008918042
0.3230769230769201,0.017740505
0.3641025641025628,0.061119065
0.4358974358974361,-0.041853786
0.7560975609756184,0.04928173
0.7439024390243958,-0.005523399
0.731707317073159,-0.021752415
0.7073170731707137,-0.04576483
0.6585365853658516,0.02637
0.6219512195121979,0.020595988
0.6219512195121979,0.040368974
0.6829268292682826,0.025090521
0.731707317073159,0.011333115
0.768292682926841,0.018585434
0.1714285714285717,-0.0041232444
0.2000000000000001,0.014622219
0.2285714285714282,0.060202554
0.2857142857142856,-0.035152417
0.4571428571428573,-0.02227036
0.5571428571428569,-0.085072786
0.6428571428571428,-0.045838065
0.6857142857142855,0.017878821
0.6142857142857143,0.040913932
0.4571428571428573,0.04682604
0.0,-0.047941007
0.0,0.04472372
0.0,0.059543315
0.0,0.0025206308
0.0,0.045364868
0.0,0.0033610659
0.0,-0.01815356
0.0,0.022876265
0.0,0.009694536
0.0,0.018416636
0.6051282051282048,-0.00782112
0.5128205128205128,0.029064247
0.4256410256410241,-0.0046505043
0.3794871794871799,-0.039277572
0.3538461538461526,0.034804676
0.338461538461539,0.032769836
0.3230769230769219,-0.009930955
0.364102564102561,0.017360575
0.4358974358974361,0.062328704
0.5846153846153861,-0.04094825
0.7439024390243958,0.052947618
0.7317073170731732,-0.0023506926
0.7073170731707421,-0.022038996
0.6585365853658374,-0.0478394
0.6219512195121979,0.0300326
0.6219512195121979,0.018012973
0.6829268292682968,0.044910286
0.7317073170731732,0.02958684
0.7682926829268268,0.013408869
0.768292682926841,0.019350529
0.2000000000000001,-0.005038867
0.2285714285714286,0.017466692
0.2857142857142856,0.06039106
0.4571428571428568,-0.03584045
0.5571428571428574,-0.02309372
0.6428571428571428,-0.088759966
0.6857142857142855,-0.04642751
0.6142857142857143,0.016868042
0.4571428571428573,0.042841263
0.3428571428571429,0.046599753
0.0,-0.05099352
0.0,0.045021888
0.0,0.06058938
0.0,0.004396868
0.0,0.047412425
0.0,0.0018513713
0.0,-0.016852593
0.0,0.024385802
0.0,0.009111534
0.0,0.016159795
0.5128205128205128,-0.008638197
0.4256410256410259,0.02709121
0.3794871794871799,-0.0061599663
0.3538461538461543,-0.03875191
0.3384615384615372,0.03440395
0.3230769230769237,0.034099344
0.3641025641025628,-0.011861255
0.4358974358974361,0.018354295
0.5846153846153843,0.06259781
0.7025641025641036,-0.040454227
0.731707317073159,0.056666642
0.7073170731707421,-0.0003738493
0.6585365853658516,-0.019437095
0.6219512195121837,-0.050283678
0.6219512195121979,0.03556442
0.6829268292682968,0.01463825
0.731707317073159,0.048664853
0.7682926829268126,0.03229192
0.7682926829268268,0.017332848
0.7560975609756184,0.02055368
0.2285714285714291,-0.0053739557
0.285714285714286,0.019890197
0.4571428571428573,0.05959977
0.5571428571428574,-0.035153765
0.6428571428571428,-0.023748346
0.6857142857142859,-0.089401715
0.6142857142857139,-0.046822917
0.4571428571428568,0.017232062
0.3428571428571429,0.04275396
0.1857142857142859,0.04720252
0.0,-0.052412618
0.0,0.044106
0.0,0.061093308
0.0,0.0067385086
0.0,0.04631292
0.0,-0.0005833913
0.0,-0.012717243
0.0,0.022198282
0.0,0.008788494
0.0,0.011631786
0.4256410256410259,-0.008964722
0.3794871794871799,0.025145888
0.3538461538461543,-0.008427619
0.3384615384615355,-0.03669852
0.3230769230769237,0.03461642
0.3641025641025628,0.033482272
0.4358974358974379,-0.013626919
0.5846153846153843,0.019254552
0.7025641025641036,0.05957394
0.8461538461538467,-0.03981987
0.7073170731707421,0.058762617
0.6585365853658516,-0.0015225374
0.6219512195121979,-0.016056169
0.6219512195121837,-0.051803082
0.6829268292682968,0.039644964
0.7317073170731732,0.011448448
0.768292682926841,0.050970506
0.7682926829268126,0.03343813
0.7560975609756184,0.021693373
0.7317073170731732,0.02093416
0.285714285714286,-0.0045647905
0.4571428571428573,0.020698441
0.5571428571428569,0.058491804
0.6428571428571428,-0.034454953
0.6857142857142859,-0.024208318
0.6142857142857143,-0.08831305
0.4571428571428573,-0.047844425
0.3428571428571425,0.019259395
0.1857142857142859,0.041898675
0.1142857142857143,0.0492845
0.0,-0.05248601
0.0,0.042390436
0.0,0.060818933
0.0,0.009904107
0.0,0.045206245
0.0,-0.0028263924
0.0,-0.008454302
0.0,0.017534304
0.0,0.009416723
0.0,0.008229795
0.3794871794871781,-0.00878501
0.3538461538461543,0.023655726
0.3384615384615372,-0.011213674
0.3230769230769201,-0.033536784
0.3641025641025628,0.034799676
0.4358974358974361,0.030607792
0.5846153846153843,-0.014640435
0.7025641025641018,0.01811143
0.8461538461538449,0.055286035
0.9333333333333336,-0.039621692
0.6585365853658516,0.05852834
0.6219512195121979,-0.0029889354
0.6219512195121979,-0.012844898
0.6829268292682826,-0.050459333
0.731707317073159,0.04152374
0.768292682926841,0.011939674
0.768292682926841,0.050881904
0.7560975609756184,0.03278019
0.731707317073159,0.024699092
0.6707317073170742,0.020798232
0.4571428571428573,-0.0028919233
0.5571428571428569,0.020831814
0.6428571428571428,0.059110243
0.6857142857142855,-0.033756513
0.6142857142857143,-0.023962168
0.4571428571428573,-0.08632089
0.3428571428571425,-0.047979943
0.1857142857142859,0.021064341
0.1142857142857143,0.041374147
0.0714285714285716,0.05067602
0.0,-0.051797133
0.0,0.04201484
0.0,0.05887061
0.0,0.011837266
0.0,0.04546203
0.0,-0.0023926157
0.0,-0.0058547463
0.0,0.013348306
0.0,0.010216088
0.0,0.0062010814
0.3538461538461526,-0.0093313875
0.338461538461539,0.022241086
0.3230769230769219,-0.011866628
0.364102564102561,-0.0300073
0.4358974358974361,0.034754828
0.5846153846153861,0.029170113
0.7025641025641018,-0.014887466
0.8461538461538431,0.015238194
0.9333333333333336,0.051395237
1.0256410256410255,-0.039017096
0.6219512195121979,0.057111003
0.6219512195121979,-0.0056968974
0.6829268292682968,-0.009126401
0.7317073170731732,-0.04862394
0.7682926829268268,0.042115718
0.768292682926841,0.013810575
0.7560975609756184,0.04948292
0.7317073170731732,0.031313058
0.6707317073170742,0.02592724
0.5975609756097526,0.021241674
0.5571428571428574,-0.0018424663
0.6428571428571428,0.019201694
0.6857142857142855,0.060684144
0.6142857142857143,-0.032087542
0.4571428571428573,-0.024121542
0.3428571428571429,-0.083551064
0.1857142857142855,-0.048732836
0.1142857142857138,0.02374163
0.0714285714285716,0.040808536
0.0714285714285716,0.053128835
0.0,-0.04934688
0.0,0.041055348
0.0,0.056089293
0.0,0.012172075
0.0,0.044476826
0.0,-0.0021532057
0.0,-0.0033574568
0.0,0.008782881
0.0,0.010820533
0.0,0.005365318
0.3384615384615372,-0.009379318
0.3230769230769237,0.022650031
0.3641025641025628,-0.011793601
0.4358974358974361,-0.026752418
0.5846153846153843,0.035912793
0.7025641025641036,0.027011113
0.8461538461538467,-0.014016103
0.9333333333333318,0.012449447
1.0256410256410255,0.048163064
1.0564102564102562,-0.038686156
0.6219512195121979,0.053518698
0.6829268292682968,-0.008982797
0.731707317073159,-0.0065963985
0.7682926829268126,-0.047912788
0.7682926829268268,0.04048614
0.7560975609756184,0.016305305
0.731707317073159,0.04706925
0.6707317073170742,0.030251052
0.5975609756097526,0.024650691
0.4756097560975689,0.021198709
0.6428571428571428,0.00021863682
0.6857142857142859,0.015995566
0.6142857142857139,0.061777316
0.4571428571428568,-0.03182198
0.3428571428571429,-0.025113879
0.1857142857142859,-0.08125091
0.1142857142857143,-0.050507266
0.0714285714285711,0.026776668
0.0714285714285716,0.04073373
0.0571428571428573,0.05566493
0.0,-0.04717985
0.0,0.03967378
0.0,0.05450839
0.0,0.010384737
0.0,0.044509955
0.0,-0.0014225014
0.0,-0.0031683177
0.0,0.004799708
0.0,0.011900232
0.0,0.006256835
0.3230769230769237,-0.008614928
0.3641025641025628,0.024340048
0.4358974358974379,-0.011226644
0.5846153846153843,-0.025932593
0.7025641025641036,0.03831289
0.8461538461538467,0.02450726
0.9333333333333336,-0.01196252
1.0256410256410255,0.009033063
1.056410256410258,0.04668486
1.061538461538463,-0.03970117
0.6829268292682968,0.05123417
0.7317073170731732,-0.009907639
0.768292682926841,-0.004709796
0.7682926829268126,-0.046142247
0.7560975609756184,0.038109303
0.7317073170731732,0.018866153
0.6707317073170742,0.04634102
0.5975609756097384,0.029997304
0.4756097560975689,0.022559993
0.4146341463414558,0.02033826
0.6857142857142859,0.0029196471
0.6142857142857143,0.012663959
0.4571428571428573,0.06422809
0.3428571428571425,-0.031768806
0.1857142857142859,-0.025737936
0.1142857142857143,-0.08093493
0.0714285714285716,-0.05171591
0.0714285714285711,0.02822078
0.0571428571428573,0.040312458
0.1,0.05919199
0.0,-0.045908008
0.0,0.041440286
0.0,0.05422217
0.0,0.009446656
0.0,0.046926133
0.0,0.0005101408
0.0,-0.0034362783
0.0,0.0022538728
0.0,0.011277643
0.0,0.009711298
0.3641025641025628,-0.008337459
0.4358974358974361,0.028371349
0.5846153846153843,-0.0116034765
0.7025641025641018,-0.026513522
0.8461538461538449,0.039673105
0.9333333333333336,0.023882024
1.0256410256410238,-0.010090583
1.0564102564102544,0.0066263294
1.061538461538461,0.0483478
1.0,-0.040043563
0.731707317073159,0.048445374
0.768292682926841,-0.01020339
0.768292682926841,-0.0046143667
0.7560975609756184,-0.044595297
0.731707317073159,0.03566419
0.6707317073170742,0.0222409
0.5975609756097526,0.04416538
0.4756097560975405,0.029229889
0.4146341463414558,0.019377986
0.5243902439024453,0.018785544
0.6142857142857143,0.0033176206
0.4571428571428573,0.010962211
0.3428571428571425,0.065874875
0.1857142857142859,-0.032262973
0.1142857142857143,-0.026563564
0.0714285714285716,-0.08217309
0.0714285714285716,-0.050498866
0.0571428571428569,0.028430153
0.1,0.038723897
0.3285714285714287,0.06001398
0.0,-0.044521205
0.0,0.04651957
0.0,0.054502524
0.0,0.007854331
0.0,0.049357258
0.0,0.0048660194
0.0,-0.006194135
0.0,0.002971638
0.0,0.010193984
0.0,0.014157755
0.4358974358974361,-0.007153441
0.5846153846153861,0.032788616
0.7025641025641018,-0.010072978
0.8461538461538431,-0.029233037
0.9333333333333336,0.039727677
1.0256410256410255,0.024480334
1.0564102564102562,-0.008591239
1.0615384615384595,0.004978665
1.0,0.052572466
0.7076923076923087,-0.039573226
0.7682926829268268,0.045501404
0.768292682926841,-0.011403964
0.7560975609756184,-0.005478207
0.7317073170731732,-0.044288382
0.6707317073170742,0.03431168
0.5975609756097526,0.024734749
0.4756097560975689,0.04107869
0.4146341463414558,0.028238311
0.5243902439024453,0.016479215
0.439024390243901,0.016888253
0.4571428571428573,0.0023390169
0.3428571428571429,0.010555146
0.1857142857142855,0.067141026
0.1142857142857138,-0.033046454
0.0714285714285716,-0.027452072
0.0714285714285716,-0.085472554
0.0571428571428569,-0.049309514
0.0999999999999996,0.029139187
0.3285714285714287,0.03788837
0.1571428571428574,0.058730803
0.0,-0.043127537
0.0,0.050466586
0.0,0.056180608
0.0,0.0046938355
0.0,0.05180295
0.0,0.007485898
0.0,-0.009669982
0.0,0.0050461493
0.0,0.0077927215
0.0,0.01793469
0.5846153846153843,-0.005583659
0.7025641025641036,0.037071373
0.8461538461538467,-0.0074059945
0.9333333333333318,-0.032235757
1.0256410256410255,0.04045128
1.0564102564102562,0.024453692
1.061538461538463,-0.008230653
1.0,0.0034537255
0.707692307692307,0.0572066
0.8410256410256416,-0.03857383
0.7682926829268268,0.041295156
0.7560975609756184,-0.011855899
0.731707317073159,-0.009228024
0.6707317073170742,-0.04410183
0.5975609756097526,0.03230659
0.4756097560975689,0.027073786
0.41463414634147,0.035858136
0.524390243902431,0.026247142
0.439024390243901,0.013411323
0.3780487804878163,0.016129784
0.3428571428571429,-0.0009333821
0.1857142857142859,0.013215277
0.1142857142857143,0.06822731
0.0714285714285711,-0.03385421
0.0714285714285716,-0.029434374
0.0571428571428573,-0.089807175
0.0999999999999996,-0.044782024
0.3285714285714283,0.027906163
0.157142857142857,0.03883572
0.1285714285714285,0.052668646
0.0,-0.041201722
0.0,0.05560275
0.0,0.05784203
0.0,0.00081212795
0.0,0.051768843
0.0,0.011684824
0.0,-0.014444801
0.0,0.011632801
0.0,0.005460799
0.0,0.02083066
0.7025641025641036,-0.0031640439
0.8461538461538467,0.039609153
0.9333333333333336,-0.0038554785
1.0256410256410255,-0.036117256
1.056410256410258,0.04048067
1.061538461538463,0.024113249
1.0,-0.008349918
0.7076923076923052,0.0047843046
0.8410256410256416,0.06117344
0.8717948717948723,-0.036996435
0.7560975609756184,0.03795202
0.7317073170731732,-0.009683626
0.6707317073170742,-0.01389204
0.5975609756097384,-0.0444765
0.4756097560975689,0.028719895
0.4146341463414558,0.028197799
0.5243902439024595,0.031586494
0.4390243902438868,0.022863131
0.3780487804878021,0.009469152
0.439024390243901,0.014800364
0.1857142857142859,-0.0055744923
0.1142857142857143,0.018807651
0.0714285714285716,0.06761894
0.0714285714285711,-0.034730617
0.0571428571428573,-0.030529704
0.1,-0.0927184
0.3285714285714287,-0.037953418
0.1571428571428574,0.024396563
0.1285714285714285,0.039137002
0.1428571428571428,0.042815063
0.0,-0.040600456
0.0,0.056701314
0.0,0.05748629
0.0,-0.003830113
0.0,0.047813307
0.0,0.016411193
0.0,-0.019603655
0.0,0.02107638
0.0,0.0043454613
0.0,0.019972352
0.8461538461538449,-0.0014070398
0.9333333333333336,0.03580986
1.0256410256410238,0.0025749395
1.0564102564102544,-0.041254163
1.061538461538461,0.038809482
1.0,0.026295483
0.707692307692307,-0.008868819
0.8410256410256398,0.009557936
0.8717948717948723,0.06419086
0.8256410256410263,-0.033677515
0.731707317073159,0.035687916
0.6707317073170742,-0.013699028
0.5975609756097526,-0.016536009
0.4756097560975405,-0.04345769
0.4146341463414558,0.029299704
0.5243902439024453,0.027669927
0.439024390243901,0.024449527
0.3780487804877879,0.021027057
0.439024390243901,0.011272653
0.5000000000000142,0.017531436
0.1142857142857143,-0.009215
0.0714285714285716,0.019779267
0.0714285714285716,0.06649274
0.0571428571428569,-0.03460527
0.1,-0.034364343
0.3285714285714287,-0.09498228
0.157142857142857,-0.039297037
0.1285714285714281,0.027179325
0.1428571428571428,0.040802132
0.1714285714285717,0.039890204
0.0,-0.03780156
0.0,0.059690308
0.0,0.061760448
0.0,-0.006050405
0.0,0.044698242
0.0,0.015112407
0.0,-0.021202076
0.0,0.022383554
0.0,0.0028431553
0.0,0.020782558
0.9333333333333336,0.0009074455
1.0256410256410255,0.03959459
1.0564102564102562,0.0058195745
1.0615384615384595,-0.045302533
1.0,0.04283584
0.7076923076923087,0.022290433
0.8410256410256416,-0.009974095
0.8717948717948687,0.011281845
0.8256410256410245,0.067147814
0.8102564102564109,-0.03570154
0.6707317073170742,0.033129312
0.5975609756097526,-0.01768743
0.4756097560975689,-0.018567758
0.4146341463414558,-0.044593964
0.5243902439024453,0.031695638
0.439024390243901,0.030388843
0.3780487804878163,0.019179389
0.4390243902438868,0.02113943
0.5,0.013577241
0.8170731707317174,0.019302106
0.0714285714285716,-0.011309714
0.0714285714285716,0.017996388
0.0571428571428569,0.06302091
0.0999999999999996,-0.0361221
0.3285714285714287,-0.034860406
0.1571428571428574,-0.09635195
0.1285714285714285,-0.04043186
0.1428571428571432,0.030484019
0.1714285714285717,0.041762788
0.3428571428571429,0.03820324
0.0,-0.037753083
0.0,0.061333098
0.0,0.06532575
0.0,-0.007885449
0.0,0.047096845
0.0,0.013595875
0.0,-0.023427486
0.0,0.02156044
0.0,0.0017656598
0.0,0.020615151
1.0256410256410255,0.0025786979
1.0564102564102562,0.042186353
1.061538461538463,0.008192318
1.0,-0.04660184
0.707692307692307,0.044977088
0.8410256410256416,0.019627908
0.8717948717948705,-0.01208261
0.8256410256410245,0.008992705
0.8102564102564109,0.06821316
0.6358974358974372,-0.04009702
0.5975609756097526,0.031249251
0.4756097560975689,-0.014587766
0.41463414634147,-0.020307358
0.524390243902431,-0.045504432
0.439024390243901,0.028257973
0.3780487804878163,0.030413065
0.439024390243901,0.020973966
0.4999999999999858,0.01774029
0.8170731707317032,0.01096683
0.91463414634147,0.019284537
0.0714285714285716,-0.011382312
0.0571428571428573,0.017780274
0.0999999999999996,0.061148707
0.3285714285714283,-0.03548847
0.157142857142857,-0.029982796
0.1285714285714285,-0.091433614
0.1428571428571423,-0.03544032
0.1714285714285717,0.025858209
0.3428571428571429,0.040220372
0.5285714285714285,0.03207995
0.0,-0.035601623
0.0,0.057191193
0.0,0.062065378
0.0,-0.011650825
0.0,0.046405904
0.0,0.013245906
0.0,-0.02454143
0.0,0.024690129
0.0,-0.0018277464
0.0,0.016982751
1.056410256410258,0.0013691983
1.061538461538463,0.03680688
1.0,0.011614775
0.7076923076923052,-0.04653508
0.8410256410256416,0.040212557
0.8717948717948723,0.023413192
0.8256410256410245,-0.012959702
0.8102564102564074,0.014414371
0.6358974358974354,0.06560009
0.5179487179487179,-0.037538238
0.4756097560975689,0.029590512
0.4146341463414558,-0.011285634
0.5243902439024595,-0.022807064
0.4390243902438868,-0.04396526
0.3780487804878021,0.023222247
0.439024390243901,0.030249443
0.5,0.019630568
0.8170731707317174,0.012276466
0.9146341463414558,0.00955914
0.8414634146341484,0.022801246
0.0571428571428573,-0.010358445
0.1,0.017201925
0.3285714285714287,0.06202889
0.1571428571428574,-0.03531327
0.1285714285714285,-0.027213696
0.1428571428571428,-0.08744485
0.1714285714285712,-0.031982657
0.3428571428571425,0.021448568
0.5285714285714285,0.041708667
0.5,0.025526993
0.0,-0.028973967
0.0,0.05295326
0.0,0.059520997
0.0,-0.013999693
0.0,0.042399142
0.0,0.012868379
0.0,-0.023271557
0.0,0.026354741
0.0,-0.0047874735
0.0,0.012905845
1.061538461538461,0.0020183872
1.0,0.034904037
0.707692307692307,0.015317612
0.8410256410256398,-0.045656074
0.8717948717948723,0.040137947
0.8256410256410263,0.024645707
0.8102564102564109,-0.015622917
0.6358974358974354,0.021735504
0.5179487179487161,0.062208883
0.5076923076923077,-0.03623161
0.4146341463414558,0.028914046
0.5243902439024453,-0.009986079
0.439024390243901,-0.023828028
0.3780487804877879,-0.042392448
0.439024390243901,0.020474833
0.5000000000000142,0.029593242
0.8170731707317174,0.017601911
0.9146341463414558,0.009021055
0.8414634146341484,0.009266773
0.8292682926829258,0.023798581
0.1,-0.007927188
0.3285714285714287,0.015376461
0.157142857142857,0.0626484
0.1285714285714281,-0.03794899
0.1428571428571428,-0.026859993
0.1714285714285717,-0.08389404
0.3428571428571425,-0.033191595
0.5285714285714285,0.01838974
0.5,0.042920277
0.5428571428571427,0.025723875
0.0,-0.0277812
0.0,0.048584223
0.0,0.056162264
0.0,-0.012437634
0.0,0.041920252
0.0,0.013725327
0.0,-0.021431193
0.0,0.023922667
0.0,-0.0006423719
0.0,0.01048752
1.0,0.0019156907
0.7076923076923087,0.032793697
0.8410256410256416,0.01568117
0.8717948717948687,-0.04432473
0.8256410256410245,0.04150112
0.8102564102564109,0.022316143
0.6358974358974354,-0.016555008
0.5179487179487161,0.022029238
0.5076923076923077,0.060646586
0.4615384615384617,-0.037077505
0.5243902439024453,0.03098671
0.439024390243901,-0.010181168
0.3780487804878163,-0.025690341
0.4390243902438868,-0.04079242
0.5,0.018752635
0.8170731707317174,0.027970107
0.9146341463414558,0.019638106
0.84146341463412,0.009741171
0.8292682926829258,0.009174706
0.768292682926841,0.023086056
0.3285714285714287,-0.0029290565
0.1571428571428574,0.014694019
0.1285714285714285,0.06398822
0.1428571428571432,-0.037903436
0.1714285714285717,-0.024951385
0.3428571428571429,-0.08221072
0.528571428571428,-0.0382424
0.5,0.0158945
0.5428571428571431,0.045671433
0.6285714285714286,0.029555846
0.0,-0.031617932
0.0,0.04573425
0.0,0.05463733
0.0,-0.011321282
0.0,0.043042727
0.0,0.013354818
0.0,-0.02132018
0.0,0.02253707
0.0,0.0026494577
0.0,0.010934568
0.707692307692307,-0.004261366
0.8410256410256416,0.033889126
0.8717948717948705,0.011789035
0.8256410256410245,-0.044353507
0.8102564102564109,0.04088306
0.6358974358974372,0.025352562
0.5179487179487179,-0.01515153
0.5076923076923077,0.023156818
0.4615384615384617,0.06068884
0.4256410256410259,-0.041234072
0.439024390243901,0.03677518
0.3780487804878163,-0.012831306
0.439024390243901,-0.025756413
0.4999999999999858,-0.04281563
0.8170731707317032,0.02011387
0.91463414634147,0.024906248
0.8414634146341484,0.024859808
0.8292682926829258,0.015502335
0.7682926829268268,0.009007736
0.7073170731707421,0.021899994
0.157142857142857,-0.00061546476
0.1285714285714285,0.013318103
0.1428571428571423,0.06621245
0.1714285714285717,-0.03988904
0.3428571428571429,-0.024092635
0.5285714285714285,-0.084077016
0.5,-0.045322724
0.5428571428571427,0.01956008
0.6285714285714286,0.04795886
0.6428571428571428,0.039643392
0.0,-0.037644558
0.0,0.04936065
0.0,0.057397895
0.0,-0.005737828
0.0,0.044818807
0.0,0.009952223
0.0,-0.021232175
0.0,0.019641502
0.0,0.0067929574
0.0,0.017982135
0.8410256410256416,-0.0065072635
0.8717948717948723,0.038652852
0.8256410256410245,0.0044201617
0.8102564102564074,-0.042886194
0.6358974358974354,0.040077347
0.5179487179487179,0.027022257
0.5076923076923077,-0.01235545
0.4615384615384617,0.019463915
0.4256410256410259,0.065220445
0.3948717948717952,-0.0466278
0.3780487804878021,0.0429983
0.439024390243901,-0.011125755
0.5,-0.025502391
0.8170731707317174,-0.04479193
0.9146341463414558,0.021385366
0.8414634146341484,0.025516098
0.82926829268294,0.030330984
0.7682926829268126,0.019128682
0.7073170731707421,0.0104514845
0.7317073170731732,0.01979527
0.1285714285714285,0.00040859985
0.1428571428571428,0.011153886
0.1714285714285712,0.06456781
0.3428571428571425,-0.04100203
0.5285714285714285,-0.021549858
0.5,-0.08385808
0.5428571428571427,-0.046572268
0.6285714285714286,0.019933064
0.6428571428571428,0.047934763
0.7,0.04496442
0.0,-0.044024847
0.0,0.04905736
0.0,0.05751587
0.0,-0.00081667677
0.0,0.04674927
0.0,0.007090193
0.0,-0.019780744
0.0,0.019982373
0.0,0.01020394
0.0,0.021277754
0.8717948717948723,-0.007785558
0.8256410256410263,0.03661184
0.8102564102564109,0.00091997196
0.6358974358974354,-0.040443327
0.5179487179487161,0.038475733
0.5076923076923077,0.030161625
0.4615384615384617,-0.009727634
0.4256410256410223,0.016766084
0.3948717948717952,0.068079375
0.3487179487179492,-0.048817895
0.439024390243901,0.04955008
0.5000000000000142,-0.00039282558
0.8170731707317174,-0.023912286
0.9146341463414558,-0.047556043
0.8414634146341484,0.022194797
0.8292682926829258,0.02295293
0.768292682926841,0.03766711
0.7073170731707137,0.024003973
0.731707317073159,0.013855416
0.7560975609756184,0.020985877
0.1428571428571428,0.0029711449
0.1714285714285717,0.012120083
0.3428571428571425,0.06488047
0.5285714285714285,-0.039201908
0.5,-0.022858722
0.5428571428571427,-0.0831803
0.6285714285714286,-0.046934627
0.6428571428571428,0.018549018
0.7,0.047991034
0.7142857142857144,0.047300816
0.0,-0.048622757
0.0,0.04092269
0.0,0.056425706
0.0,0.0024715115
0.0,0.04423455
0.0,0.0030869772
0.0,-0.0138800945
0.0,0.020787345
0.0,0.012693085
0.0,0.013834187
0.8256410256410245,-0.010955175
0.8102564102564109,0.028194407
0.6358974358974354,0.001742748
0.5179487179487161,-0.03679775
0.5076923076923077,0.0378875
0.4615384615384617,0.034853928
0.4256410256410241,-0.01055688
0.3948717948717952,0.022461757
0.3487179487179492,0.06653801
0.3128205128205117,-0.04826194
0.5,0.05339487
0.8170731707317174,-0.00021725334
0.9146341463414558,-0.02191789
0.84146341463412,-0.050125413
0.8292682926829258,0.022474613
0.768292682926841,0.022155408
0.7073170731707421,0.039494894
0.7317073170731732,0.023769489
0.7560975609756184,0.014927725
0.8048780487804947,0.023862826
0.1714285714285717,-0.0005224362
0.3428571428571429,0.013370921
0.528571428571428,0.06684015
0.5,-0.038523376
0.5428571428571431,-0.024545705
0.6285714285714286,-0.08624661
0.6428571428571428,-0.04609767
0.6999999999999997,0.02014558
0.7142857142857142,0.046632387
0.8285714285714287,0.04841346
0.0,-0.047610134
0.0,0.041948486
0.0,0.059418455
0.0,0.0037037497
0.0,0.041785225
0.0,0.0015110418
0.0,-0.012509341
0.0,0.022246653
0.0,0.014134828
0.0,0.012090474
0.8102564102564109,-0.007422653
0.6358974358974372,0.026788129
0.5179487179487179,0.0029786802
0.5076923076923077,-0.03672844
0.4615384615384617,0.040159423
0.4256410256410259,0.03445924
0.3948717948717952,-0.012515047
0.3487179487179457,0.025117606
0.3128205128205135,0.066633336
0.2615384615384624,-0.045738693
0.8170731707317032,0.055877373
0.91463414634147,-0.0012780208
0.8414634146341484,-0.022441927
0.8292682926829258,-0.050585497
0.7682926829268268,0.026171388
0.7073170731707421,0.021068295
0.731707317073159,0.041750655
0.7560975609756184,0.026340997
0.8048780487804947,0.015123037
0.8780487804878021,0.024953958
0.3428571428571429,-0.003724902
0.5285714285714285,0.01621835
0.5,0.066319294
0.5428571428571427,-0.038650516
0.6285714285714286,-0.026075717
0.6428571428571428,-0.089967795
0.6999999999999997,-0.04754844
0.714285714285714,0.019984845
0.8285714285714285,0.046274517
0.8285714285714287,0.04946389
0.0,-0.049088813
0.0,0.044315446
0.0,0.061866567
0.0,0.0056973016
0.0,0.04381391
0.0,0.000993154
0.0,-0.014044565
0.0,0.023318544
0.0,0.013618864
0.0,0.0139427
0.6358974358974354,-0.0060401075
0.5179487179487179,0.02785709
0.5076923076923077,-0.00094563235
0.4615384615384617,-0.036894895
0.4256410256410259,0.040417183
0.3948717948717952,0.033236302
0.3487179487179457,-0.013631387
0.3128205128205099,0.022702144
0.2615384615384624,0.06552492
0.2615384615384624,-0.044336796
0.9146341463414558,0.05791772
0.8414634146341484,-0.0012752375
0.82926829268294,-0.024195006
0.7682926829268126,-0.052216552
0.7073170731707421,0.030672206
0.7317073170731732,0.019522306
0.7560975609756184,0.04784005
0.8048780487804805,0.030572755
0.8780487804878021,0.015426929
0.9024390243902332,0.025011186
0.5285714285714285,-0.005383623
0.5,0.019989213
0.5428571428571427,0.06651852
0.6285714285714286,-0.03885515
0.6428571428571428,-0.027255643
0.7,-0.09509824
0.7142857142857144,-0.049462076
0.8285714285714287,0.018530956
0.8285714285714285,0.047612388
0.7428571428571429,0.04971945
0.0,-0.05253416
0.0,0.047500003
0.0,0.06479056
0.0,0.005887096
0.0,0.047980107
0.0,0.0004954275
0.0,-0.017218953
0.0,0.026191127
0.0,0.01074042
0.0,0.015098405
0.5179487179487161,-0.008398994
0.5076923076923077,0.028519591
0.4615384615384617,-0.0045921593
0.4256410256410223,-0.03846832
0.3948717948717952,0.039148975
0.3487179487179492,0.036162656
0.3128205128205135,-0.014690577
0.2615384615384588,0.021830587
0.2615384615384624,0.06647632
0.3641025641025628,-0.043993942
0.8414634146341484,0.061224952
0.8292682926829258,-0.0020423732
0.768292682926841,-0.022918973
0.7073170731707137,-0.053466562
0.731707317073159,0.036457073
0.7560975609756184,0.018804772
0.8048780487804947,0.052334383
0.8780487804878021,0.03270125
0.9024390243902332,0.017672848
0.9634146341463464,0.02592968
0.5,-0.008402233
0.5428571428571427,0.02447877
0.6285714285714286,0.066601686
0.6428571428571428,-0.03975316
0.7,-0.027980775
0.7142857142857144,-0.10001606
0.8285714285714287,-0.049048383
0.8285714285714287,0.018522205
0.7428571428571429,0.047964975
0.5857142857142859,0.05062919
0.0,-0.054455582
0.0,0.05193367
0.0,0.06589878
0.0,0.008283176
0.0,0.049146254
0.0,0.0005275763
0.0,-0.016715787
0.0,0.027279135
0.0,0.009120813
0.0,0.015735188
0.5076923076923077,-0.007824424
0.4615384615384617,0.029626174
0.4256410256410241,-0.00823488
0.3948717948717952,-0.03888511
0.3487179487179492,0.039584693
0.3128205128205117,0.036448207
0.2615384615384606,-0.016520895
0.2615384615384588,0.020175738
0.3641025641025628,0.066656254
0.4871794871794872,-0.042802136
0.8292682926829258,0.06757247
0.768292682926841,0.000369858
0.7073170731707421,-0.01927912
0.7317073170731732,-0.057241917
0.7560975609756184,0.045837034
0.8048780487804947,0.015670154
0.8780487804878163,0.057228215
0.9024390243902332,0.03662883
0.963414634146332,0.022849595
0.9268292682926784,0.027275313
0.5428571428571431,-0.007010397
0.6285714285714286,0.027009474
0.6428571428571428,0.065859385
0.6999999999999997,-0.041252997
0.7142857142857142,-0.030363392
0.8285714285714287,-0.10050424
0.8285714285714287,-0.051550467
0.7428571428571424,0.020349633
0.5857142857142859,0.048235167
0.442857142857143,0.053958885
0.0,-0.057387535
0.0,0.048530426
0.0,0.0670807
0.0,0.011653256
0.0,0.048794
0.0,-0.0016541241
0.0,-0.012190286
0.0,0.02325935
0.0,0.011288679
0.0,0.0095130345
0.4615384615384617,-0.008790539
0.4256410256410259,0.026790397
0.3948717948717952,-0.012307612
0.3487179487179457,-0.037434354
0.3128205128205135,0.041260675
0.2615384615384624,0.034247883
0.2615384615384606,-0.018289339
0.364102564102561,0.01789447
0.4871794871794872,0.06202294
0.6051282051282065,-0.043197412
0.7682926829268268,0.072278954
0.7073170731707421,0.0016116274
0.731707317073159,-0.01677598
0.7560975609756184,-0.062488966
0.8048780487804947,0.052380603
0.8780487804878021,0.014321685
0.9024390243902474,0.06286328
0.963414634146318,0.041323338
0.9268292682926926,0.030061848
0.9024390243902332,0.030788029
0.6285714285714286,-0.0057396814
0.6428571428571428,0.025267517
0.6999999999999997,0.06634473
0.714285714285714,-0.0411382
0.8285714285714285,-0.033235684
0.8285714285714287,-0.10184518
0.7428571428571424,-0.055965688
0.5857142857142859,0.02474071
0.442857142857143,0.051224675
0.3285714285714287,0.057309657
0.0,-0.060458735
0.0,0.04547599
0.0,0.06974666
0.0,0.013502905
0.0,0.049947184
0.0,-0.006608026
0.0,-0.007813058
0.0,0.01918504
0.0,0.014222163
0.0,0.0044559627
0.4256410256410259,-0.010534997
0.3948717948717952,0.02357921
0.3487179487179457,-0.015437126
0.3128205128205099,-0.035119973
0.2615384615384624,0.044708136
0.2615384615384624,0.03145672
0.3641025641025628,-0.020239482
0.4871794871794872,0.016481033
0.6051282051282048,0.058198057
0.7384615384615394,-0.04564099
0.7073170731707421,0.073409654
0.7317073170731732,0.0006288135
0.7560975609756184,-0.014309594
0.8048780487804805,-0.06403663
0.8780487804878021,0.054427266
0.9024390243902332,0.015526819
0.963414634146332,0.066411905
0.9268292682926642,0.044586033
0.9024390243902332,0.033682436
0.890243902439039,0.0330447
0.6428571428571428,-0.0034723687
0.7,0.024192918
0.7142857142857144,0.066102535
0.8285714285714287,-0.040907167
0.8285714285714285,-0.0342584
0.7428571428571429,-0.10145587
0.5857142857142859,-0.059475917
0.4428571428571426,0.028665336
0.3285714285714287,0.051596392
0.3000000000000002,0.060828347
0.0,-0.06263316
0.0,0.042455062
0.0,0.071463786
0.0,0.01475163
0.0,0.0515841
0.0,-0.010054889
0.0,-0.006444729
0.0,0.01619056
0.0,0.015608859
0.0,0.0041496335
0.3948717948717952,-0.011090294
0.3487179487179492,0.02211107
0.3128205128205135,-0.017932616
0.2615384615384588,-0.03211086
0.2615384615384624,0.045841817
0.3641025641025628,0.030111583
0.487179487179489,-0.019698514
0.605128205128203,0.013191154
0.7384615384615394,0.054981783
0.7999999999999989,-0.046688486
0.731707317073159,0.07281048
0.7560975609756184,-0.00092333497
0.8048780487804947,-0.011320919
0.8780487804878021,-0.06358275
0.9024390243902332,0.05388951
0.9634146341463464,0.016833598
0.9268292682926784,0.06841984
0.9024390243902332,0.044408847
0.8902439024390247,0.03514973
0.8292682926829258,0.033843134
0.7,-0.0005365601
0.7142857142857144,0.022417625
0.8285714285714287,0.06586327
0.8285714285714287,-0.03916476
0.7428571428571429,-0.033998355
0.5857142857142859,-0.09775303
0.4428571428571426,-0.06170743
0.3285714285714283,0.03160322
0.3000000000000002,0.049987763
0.2142857142857144,0.0639426
0.0,-0.06264373
0.0,0.039664995
0.0,0.07096633
0.0,0.014043745
0.0,0.05094048
0.0,-0.011914094
0.0,-0.0055666147
0.0,0.012501815
0.0,0.016055018
0.0,0.003735038
0.3487179487179492,-0.012183508
0.3128205128205117,0.022405257
0.2615384615384606,-0.019267581
0.2615384615384588,-0.028459046
0.3641025641025628,0.045570493
0.4871794871794872,0.030249575
0.605128205128203,-0.01731545
0.7384615384615376,0.011205957
0.7999999999999989,0.05140251
0.9333333333333336,-0.045856368
