Actual,Predicted
0.3846153846153868,0.38828143
0.3974358974359262,0.36560225
0.4615384615384528,0.4339389
0.5999999999999943,0.46216765
0.590361445783131,0.39563614
0.5662650602409798,0.44331604
0.4819277108433795,0.44369146
0.4216867469879588,0.42360848
0.373493975903628,0.43629134
0.3493975903614625,0.42165744
0.9523809523809526,0.40383434
0.8412698412698412,0.3752304
0.9047619047619052,0.37720466
0.9365079365079364,0.40571913
0.9841269841269842,0.34115583
0.9682539682539684,0.44969705
0.9365079365079368,0.42467466
0.793650793650793,0.3956225
0.7619047619047621,0.3956271
0.911764705882353,0.37411028
0.5,0.39048973
0.1875000000000142,0.42023134
0.0,0.41145322
0.0,0.38670945
0.3125,0.28302097
0.4375,0.45646042
0.0,0.41954863
0.0,0.40452725
0.0,0.40858886
0.0,0.40109956
0.2910052910052929,0.42522064
0.411483253588516,0.4377815
0.4066985645933005,0.3809439
0.3923444976076542,0.44424602
0.3540669856459342,0.45154005
0.3397129186602878,0.36740333
0.3444976076555033,0.36143857
0.3588516746411478,0.36851424
0.3827751196172251,0.3791495
0.320574162679426,0.38914007
0.397435897435912,0.38456365
0.4615384615384812,0.36055848
0.615384615384599,0.44257548
0.6124999999999972,0.4688916
0.5662650602409798,0.39647198
0.4819277108433795,0.4448042
0.4216867469879588,0.44364443
0.3734939759036138,0.42733663
0.3493975903614483,0.44676656
0.3975903614457792,0.42866936
0.8412698412698414,0.40479222
0.9047619047619048,0.37128145
0.9365079365079368,0.37059006
0.9841269841269836,0.40489048
0.9682539682539684,0.33746102
0.9365079365079364,0.4520417
0.7936507936507939,0.42753276
0.7619047619047619,0.39879933
0.9047619047619048,0.40018943
0.9264705882352942,0.37513405
0.1875,0.3833007
0.0,0.41915256
0.0,0.41485268
0.3124999999999929,0.38808367
0.4375,0.27888966
0.0,0.4586841
0.0,0.42027295
0.0,0.40956312
0.0,0.40674624
0.0,0.40168718
0.3492063492063497,0.4234661
0.4066985645933023,0.4334441
0.392344497607656,0.38031623
0.3540669856459324,0.44823542
0.3397129186602861,0.4603274
0.3444976076555033,0.3595525
0.3588516746411496,0.35777962
0.3827751196172233,0.37015587
0.320574162679426,0.37811136
0.3253588516746433,0.39130232
0.461538461538467,0.38181955
0.6153846153846132,0.3560988
0.6282051282050958,0.44634366
0.5874999999999915,0.47042364
0.4819277108433795,0.39600727
0.4216867469879588,0.44734094
0.3734939759035995,0.44107106
0.3493975903614483,0.43164766
0.3975903614457792,0.44730672
0.3975903614457792,0.43058643
0.9047619047619048,0.4026331
0.9365079365079364,0.3724605
0.9841269841269842,0.36631423
0.968253968253968,0.40505156
0.9365079365079368,0.32882714
0.7936507936507937,0.4527277
0.7619047619047619,0.43118253
0.9047619047619048,0.39563662
0.9206349206349208,0.4006861
0.9705882352941178,0.37601653
0.0,0.38078392
0.0,0.42165637
0.3125,0.41817328
0.4374999999999929,0.38763633
0.0,0.27579516
0.0,0.46124482
0.0,0.41691458
0.0,0.41182366
0.0,0.4080693
0.0625,0.4000605
0.343915343915345,0.41883945
0.3923444976076542,0.43232194
0.3540669856459324,0.38548082
0.3397129186602878,0.44836295
0.3444976076555015,0.4698093
0.3588516746411496,0.35514057
0.3827751196172251,0.349494
0.320574162679426,0.36705938
0.3253588516746415,0.38163307
0.3253588516746433,0.39023525
0.6153846153846132,0.38125184
0.6282051282051384,0.3560738
0.6025641025641022,0.44422644
0.5,0.47150284
0.4216867469879588,0.3938102
0.3734939759036422,0.45120168
0.3493975903614341,0.44311756
0.3975903614457792,0.43077835
0.3975903614457792,0.44694152
0.4096385542168832,0.43006808
0.9365079365079368,0.4025295
0.9841269841269842,0.37226924
0.9682539682539684,0.36724886
0.9365079365079364,0.40657496
0.7936507936507937,0.3244468
0.7619047619047619,0.45201588
0.9047619047619052,0.43136656
0.9206349206349204,0.39293146
0.9682539682539684,0.39889672
0.9264705882352942,0.37450913
0.0,0.38034305
0.3125,0.4222191
0.4375000000000142,0.41974467
0.0,0.38556835
0.0,0.27110803
0.0,0.46303737
0.0,0.41643283
0.0,0.41336173
0.0625,0.4070324
0.0,0.40130785
0.3280423280423274,0.41881174
0.3540669856459342,0.43541127
0.3397129186602878,0.38810655
0.3444976076555015,0.44945538
0.3588516746411496,0.4738831
0.3827751196172251,0.35332844
0.3205741626794243,0.3480651
0.3253588516746415,0.36660975
0.3253588516746415,0.3815377
0.3349282296650724,0.39042342
0.6282051282051242,0.38123578
0.6025641025641164,0.35843617
0.512820512820511,0.44645262
0.4375,0.47328866
0.373493975903628,0.3963265
0.3493975903614625,0.4514703
0.3975903614457792,0.44461146
0.3975903614457792,0.43145862
0.409638554216869,0.44832754
0.4819277108433795,0.42929262
0.9841269841269842,0.4023155
0.9682539682539684,0.36877435
0.9365079365079368,0.36624825
0.793650793650793,0.40616086
0.7619047619047621,0.32013142
0.9047619047619048,0.45456517
0.9206349206349204,0.4328636
0.968253968253968,0.39140746
0.9206349206349208,0.40240386
0.9852941176470588,0.3720113
0.3125,0.37827164
0.4375,0.42226595
0.0,0.42004254
0.0,0.38661957
0.0,0.26631126
0.0,0.4628656
0.0,0.42022425
0.0624999999999928,0.41540197
0.0,0.40845856
0.0,0.40298375
0.2857142857142882,0.41909283
0.3397129186602878,0.43784922
0.3444976076555033,0.38772815
0.3588516746411478,0.45268694
0.3827751196172251,0.4767145
0.320574162679426,0.35292214
0.3253588516746415,0.34310502
0.3253588516746415,0.36768204
0.3349282296650724,0.382352
0.3157894736842106,0.3888914
0.6025641025641164,0.38026732
0.512820512820511,0.356982
0.4487179487179418,0.4466214
0.3875000000000028,0.47764856
0.3493975903614483,0.39378536
0.3975903614457792,0.45391077
0.3975903614457792,0.44498035
0.4096385542168548,0.43187958
0.4819277108433795,0.44873777
0.5060240963855591,0.42914534
0.9682539682539684,0.39940652
0.9365079365079364,0.3654095
0.7936507936507939,0.36491746
0.7619047619047619,0.4057185
0.9047619047619048,0.31999922
0.9206349206349208,0.4551304
0.9682539682539684,0.43381262
0.9206349206349204,0.3913726
0.9841269841269842,0.40195787
0.8088235294117647,0.36661977
0.4375,0.3795391
0.0,0.42167273
0.0,0.42188016
0.0,0.38604617
0.0,0.26373523
0.0,0.46312895
0.0624999999999928,0.41869304
0.0,0.4144109
0.0,0.40646654
0.0,0.40377522
0.2698412698412689,0.42123583
0.3444976076555033,0.44413608
0.3588516746411496,0.38875905
0.3827751196172233,0.45239824
0.320574162679426,0.47930473
0.3253588516746433,0.35301897
0.3253588516746415,0.34562734
0.3349282296650724,0.3672341
0.3157894736842106,0.37898242
0.4641148325358859,0.39071345
0.512820512820511,0.38189107
0.448717948717956,0.3571483
0.3974358974358694,0.4478579
0.3624999999999971,0.4813735
0.3975903614457792,0.3940965
0.3975903614457792,0.452965
0.4096385542168548,0.44543913
0.4819277108433653,0.43015832
0.5060240963855591,0.44807234
0.5783132530120554,0.42399046
0.9365079365079368,0.39746338
0.7936507936507937,0.3594265
0.7619047619047619,0.36500686
0.9047619047619048,0.40742627
0.9206349206349208,0.31692398
0.9682539682539684,0.4549189
0.9206349206349204,0.43526447
0.9841269841269836,0.38869977
0.7936507936507937,0.40160754
0.9852941176470588,0.36085486
0.0,0.38227618
0.0,0.42095807
0.0,0.4225243
0.0,0.3877028
0.0,0.26079726
0.0625,0.46475986
0.0,0.42062095
0.0,0.41364515
0.0,0.40792146
0.5625,0.40734148
0.2751322751322735,0.42058024
0.3588516746411496,0.4482238
0.3827751196172251,0.3866029
0.320574162679426,0.45014983
0.3253588516746415,0.4827909
0.3253588516746433,0.35282832
0.3349282296650724,0.34559515
0.3157894736842106,0.36780918
0.4641148325358841,0.37872705
0.4162679425837314,0.38902575
0.4487179487179418,0.38078582
0.3974358974359262,0.35622725
0.3717948717948474,0.44994766
0.4124999999999943,0.48547447
0.3975903614457792,0.39812285
0.4096385542168832,0.45201275
0.4819277108433795,0.4455732
0.5060240963855449,0.42695624
0.5783132530120412,0.45241866
0.5542168674699042,0.42394453
0.7936507936507937,0.39716905
0.7619047619047619,0.35609287
0.9047619047619052,0.36287504
0.9206349206349204,0.40882653
0.9682539682539684,0.3141052
0.9206349206349208,0.45405734
0.9841269841269842,0.43643022
0.793650793650793,0.38817054
0.9841269841269842,0.40303093
0.7794117647058822,0.35593885
0.0,0.38146204
0.0,0.41919705
0.0,0.4231791
0.0,0.3888225
0.0625,0.2557115
0.0,0.4663325
0.0,0.42231908
0.0,0.41393283
0.5625000000000142,0.4100153
0.0,0.4093314
0.2910052910052929,0.42249638
0.3827751196172251,0.4520706
0.3205741626794243,0.38201118
0.3253588516746415,0.45011172
0.3253588516746415,0.48657924
0.3349282296650724,0.3521297
0.3157894736842106,0.34531865
0.4641148325358841,0.36622483
0.4162679425837314,0.37604368
0.5215311004784695,0.3877876
0.397435897435912,0.38008556
0.3717948717948758,0.35683653
0.4230769230769056,0.450946
0.4124999999999943,0.4841258
0.409638554216869,0.40074396
0.4819277108433795,0.4521718
0.5060240963855449,0.4476217
0.5783132530120412,0.4263732
0.55421686746989,0.45369482
0.5542168674699042,0.42650315
0.7619047619047621,0.40167648
0.9047619047619048,0.35442472
0.9206349206349204,0.36234605
0.968253968253968,0.40780765
0.9206349206349208,0.31974298
0.9841269841269842,0.4536947
0.7936507936507939,0.43446484
0.9841269841269836,0.39220232
0.7619047619047621,0.40380952
0.6176470588235292,0.35531357
0.0,0.3817898
0.0,0.41806656
0.0,0.4216763
0.0624999999999928,0.3885832
0.0,0.25832275
0.0,0.4662972
0.0,0.425494
0.5625,0.4124168
0.0,0.4098507
0.0,0.4062777
0.3174603174603181,0.425343
0.320574162679426,0.4513577
0.3253588516746415,0.37928292
0.3253588516746415,0.45445225
0.3349282296650724,0.48126143
0.3157894736842106,0.35686246
0.4641148325358841,0.349375
0.4162679425837314,0.3663485
0.5215311004784695,0.3719394
0.6124401913875612,0.3879241
0.3717948717948758,0.38285428
0.4230769230769198,0.3622213
0.4230769230769056,0.4493399
0.4249999999999829,0.48422873
0.4819277108433795,0.40369496
0.5060240963855591,0.4563191
0.5783132530120412,0.4497745
0.55421686746989,0.42343128
0.55421686746989,0.45419645
0.5060240963855591,0.42183554
0.9047619047619048,0.40452388
0.9206349206349208,0.3518703
0.9682539682539684,0.36538377
0.9206349206349204,0.40859836
0.9841269841269842,0.3175603
0.7936507936507937,0.45301652
0.9841269841269842,0.43473592
0.7619047619047619,0.39013004
0.5873015873015874,0.40660033
0.588235294117647,0.35313332
0.0,0.38074115
0.0,0.41728684
0.0624999999999928,0.4205084
0.0,0.3900838
0.0,0.25337052
0.0,0.4658093
0.5625000000000142,0.43295386
0.0,0.412116
0.0,0.41066706
0.0,0.40817514
0.2486772486772483,0.4305056
0.3253588516746433,0.45268747
0.3253588516746415,0.37567094
0.3349282296650724,0.45569378
0.3157894736842106,0.47613198
0.4641148325358859,0.35861242
0.4162679425837314,0.3443672
0.5215311004784695,0.36516255
0.6124401913875612,0.36867532
0.588516746411484,0.38639486
0.4230769230769198,0.38436913
0.4230769230769198,0.36372128
0.4358974358974166,0.4500571
0.5,0.48629063
0.5060240963855591,0.40638
0.5783132530120554,0.45987108
0.5542168674698758,0.45013928
0.55421686746989,0.41984898
0.5060240963855591,0.45890164
0.5542168674699042,0.42154464
0.9206349206349208,0.4075609
0.9682539682539684,0.3490026
0.9206349206349204,0.36565134
0.9841269841269836,0.40681762
0.7936507936507937,0.31769887
0.9841269841269842,0.4521162
0.7619047619047619,0.4365531
0.587301587301587,0.3902904
0.5555555555555558,0.410101
0.8970588235294117,0.35282877
0.0,0.37856776
0.0625,0.4140346
0.0,0.4203051
0.0,0.39284125
0.0,0.2504571
0.5625,0.4635205
0.0,0.436565
0.0,0.41194832
0.0,0.41275936
0.25,0.40849888
0.2539682539682548,0.434268
0.3253588516746433,0.45460698
0.3349282296650724,0.3718918
0.3157894736842106,0.4592963
0.4641148325358841,0.47332865
0.4162679425837314,0.35865787
0.5215311004784695,0.34221417
0.6124401913875595,0.36219734
0.588516746411484,0.36461073
0.411483253588516,0.38642037
0.4230769230769198,0.385938
0.435897435897445,0.36930916
0.512820512820511,0.45010203
0.5250000000000057,0.48537642
0.5783132530120412,0.40890092
0.5542168674699042,0.46256196
0.5542168674698758,0.45450142
0.5060240963855449,0.42190304
0.55421686746989,0.46222043
0.5060240963855591,0.42331573
0.9682539682539684,0.41556278
0.9206349206349208,0.34990832
0.9841269841269842,0.37097424
0.793650793650793,0.4043053
0.9841269841269842,0.3224617
0.7619047619047619,0.45154855
0.5873015873015874,0.43417472
0.5555555555555554,0.39230704
0.8888888888888891,0.41396886
0.6176470588235292,0.35865852
0.0625,0.37656423
0.0,0.4142074
0.0,0.41703784
0.0,0.39336923
0.5625000000000142,0.25186622
0.0,0.46137026
0.0,0.44535333
0.0,0.41108906
0.25,0.41195107
0.8125,0.40938997
0.2539682539682548,0.4376195
0.3349282296650724,0.44800022
0.3157894736842106,0.3691953
0.4641148325358841,0.46528783
0.4162679425837314,0.46340263
0.5215311004784695,0.35978726
0.6124401913875612,0.34168792
0.588516746411484,0.36359912
0.411483253588516,0.3631776
0.6363636363636367,0.3862753
0.4358974358974308,0.3909588
0.512820512820511,0.37561575
0.538461538461533,0.4486101
0.5999999999999943,0.48488235
0.55421686746989,0.41057235
0.5542168674699042,0.46314836
0.5060240963855449,0.45592004
0.55421686746989,0.42277095
0.5060240963855591,0.46551815
0.4337349397590628,0.42164817
0.9206349206349208,0.42157182
0.9841269841269842,0.3516305
0.7936507936507939,0.37657422
0.9841269841269836,0.40176353
0.7619047619047621,0.32678798
0.5873015873015872,0.45116696
0.5555555555555554,0.43181545
0.8888888888888884,0.39244696
0.5873015873015874,0.41741014
0.5588235294117645,0.36549672
0.0,0.3764428
0.0,0.41287318
0.0,0.41398817
0.5625,0.3955929
0.0,0.25343445
0.0,0.4586301
0.0,0.45302698
0.2499999999999929,0.41104287
0.8125000000000142,0.4119633
0.0,0.4113569
0.2645502645502642,0.4392548
0.3157894736842106,0.4431845
0.4641148325358841,0.36689463
0.4162679425837314,0.46868354
0.5215311004784695,0.45453727
0.6124401913875612,0.3607702
0.588516746411484,0.34101427
0.4114832535885178,0.36420152
0.6363636363636358,0.36260363
0.6459330143540667,0.38684154
0.512820512820511,0.39536473
0.5384615384615472,0.37950104
0.615384615384599,0.44794217
0.5750000000000028,0.48574325
0.55421686746989,0.41134694
0.5060240963855591,0.4611331
0.5542168674698758,0.45771125
0.5060240963855449,0.4222139
0.4337349397590344,0.46924475
0.4337349397590628,0.4213609
0.9841269841269842,0.4250616
0.7936507936507937,0.35601524
0.9841269841269842,0.37949795
0.7619047619047619,0.39917833
0.5873015873015874,0.33336943
0.5555555555555556,0.45147324
0.8888888888888888,0.42660916
0.587301587301587,0.39361003
0.523809523809524,0.41984692
0.8235294117647058,0.37231666
0.0,0.37453648
0.0,0.41181892
0.5625000000000142,0.41276228
0.0,0.39766318
0.0,0.25440106
0.0,0.45597795
0.2500000000000071,0.4548534
0.8125,0.4124881
0.0,0.41046914
0.0625,0.41353452
0.2433862433862437,0.43873528
0.4641148325358859,0.4411036
0.4162679425837314,0.36444348
0.5215311004784695,0.46964908
0.6124401913875612,0.4491903
0.588516746411484,0.36032867
0.4114832535885178,0.34473917
0.6363636363636367,0.36502305
0.6459330143540676,0.36282784
0.526315789473685,0.39058834
0.5384615384615472,0.39565128
0.6153846153846132,0.3803847
0.589743589743577,0.4490572
0.5750000000000028,0.48377338
0.5060240963855591,0.41141415
0.5542168674699042,0.45761514
0.5060240963855449,0.4601257
0.4337349397590344,0.4269848
0.4337349397590344,0.47105187
0.5060240963855591,0.42525002
0.7936507936507937,0.42904148
0.9841269841269842,0.35877803
0.7619047619047619,0.38151532
0.587301587301587,0.3958547
0.5555555555555558,0.34363955
0.8888888888888888,0.4537307
0.5873015873015874,0.42342666
0.5238095238095233,0.39724937
0.8095238095238098,0.42264974
0.8970588235294117,0.37982
0.0,0.37225842
0.5625,0.41150874
0.0,0.41299736
0.0,0.3981443
0.0,0.26067507
0.25,0.4537287
0.8125000000000071,0.45247734
0.0,0.41571343
0.0625,0.40541974
0.1249999999999857,0.41466746
0.4074074074074065,0.43607795
0.4162679425837314,0.43445855
0.5215311004784695,0.36556944
0.6124401913875595,0.4721126
0.588516746411484,0.44407123
0.411483253588516,0.35828465
0.6363636363636367,0.3511255
0.6459330143540658,0.3701647
0.5263157894736832,0.36609524
0.4354066985645932,0.39462823
0.6153846153846132,0.39418602
0.5897435897436196,0.3815712
0.589743589743577,0.45005828
0.5250000000000057,0.48401937
0.55421686746989,0.40876037
0.5060240963855591,0.46002632
0.4337349397590344,0.45999286
0.4337349397590344,0.43054304
0.5060240963855591,0.46852157
0.5180722891566347,0.42654812
0.9841269841269842,0.42921945
0.7619047619047619,0.35591882
0.5873015873015874,0.38387576
0.5555555555555554,0.3914655
0.8888888888888891,0.34244737
0.5873015873015872,0.4503917
0.5238095238095233,0.4237488
0.8095238095238093,0.39550358
0.8888888888888891,0.42358947
0.8676470588235294,0.38655803
0.5625000000000142,0.3707419
0.0,0.41281283
0.0,0.41312984
0.0,0.39950415
0.25,0.26564562
0.8125,0.4524125
0.0,0.452511
0.0624999999999928,0.41616836
0.1249999999999857,0.40543953
0.3749999999999858,0.41880238
0.3544973544973544,0.43318796
0.5215311004784695,0.43087053
0.6124401913875612,0.36260268
0.588516746411484,0.4749452
0.411483253588516,0.44207332
0.6363636363636367,0.35522616
0.6459330143540676,0.3539001
0.5263157894736832,0.36924487
0.4354066985645932,0.36638677
0.5167464114832541,0.3983597
0.5897435897435912,0.3947973
0.5897435897436196,0.37567618
0.538461538461533,0.44740182
0.5750000000000028,0.48084852
0.5060240963855591,0.40119287
0.4337349397590628,0.4579594
0.4337349397590344,0.45460817
0.5060240963855449,0.43273014
0.5180722891566347,0.45753074
0.5903614457831594,0.42402452
0.7619047619047621,0.41886562
0.5873015873015872,0.36695006
0.5555555555555554,0.3842699
0.8888888888888884,0.39234522
0.5873015873015874,0.34166944
0.5238095238095237,0.44653943
0.8095238095238093,0.42495534
0.8888888888888884,0.39189523
0.8571428571428572,0.41306168
0.838235294117647,0.39443198
0.0,0.37561846
0.0,0.41940963
0.0,0.41419813
0.2499999999999929,0.39852354
0.8125000000000142,0.26817238
0.0,0.45247084
0.0624999999999928,0.43511882
0.1249999999999929,0.411791
0.3749999999999858,0.4085256
0.0,0.4146559
0.4708994708994716,0.4216622
0.6124401913875612,0.43333164
0.588516746411484,0.36816466
0.4114832535885178,0.46536392
0.6363636363636358,0.44521266
0.6459330143540667,0.35269496
0.526315789473685,0.35770437
0.4354066985645932,0.3646093
0.5167464114832541,0.3756125
0.5167464114832541,0.4019729
0.5897435897435912,0.39303422
0.5384615384615472,0.3727188
0.589743589743577,0.4447743
0.5250000000000057,0.47717795
0.4337349397590344,0.39561078
0.4337349397590628,0.45621324
0.5060240963855449,0.45547548
0.5180722891566205,0.43904206
0.590361445783131,0.45122162
0.6746987951807455,0.42788792
0.5873015873015874,0.4168665
0.5555555555555556,0.3750264
0.8888888888888888,0.3833941
0.587301587301587,0.3940047
0.523809523809524,0.3385215
0.8095238095238095,0.44985285
0.8888888888888888,0.42657104
0.8571428571428568,0.39439076
0.8253968253968256,0.40943035
0.9264705882352942,0.3942672
0.0,0.37335214
0.0,0.423211
0.2500000000000071,0.41087228
0.8125,0.3941853
0.0,0.26787317
0.0625,0.45579714
0.1250000000000071,0.43018022
0.3749999999999858,0.4087927
0.0,0.40665105
0.0,0.41504985
0.571428571428573,0.4174847
0.588516746411484,0.43027502
0.4114832535885178,0.37426212
0.6363636363636367,0.46479198
0.6459330143540676,0.44780523
0.526315789473685,0.3519426
0.4354066985645932,0.35810062
0.5167464114832541,0.36949977
0.5167464114832541,0.3797774
0.411483253588516,0.3991955
0.5384615384615472,0.39156213
0.5897435897436196,0.3730195
0.538461538461533,0.44371113
0.4500000000000028,0.46688393
0.4337349397590344,0.40156308
0.5060240963855591,0.45018998
0.5180722891566205,0.44511414
0.590361445783131,0.4385112
0.6746987951807313,0.45115116
0.746987951807256,0.4329224
0.5555555555555558,0.41160747
0.8888888888888888,0.37419587
0.5873015873015874,0.37552115
0.5238095238095233,0.39409316
0.8095238095238098,0.33670878
0.8888888888888888,0.4509105
0.8571428571428572,0.42494133
0.8253968253968251,0.3914599
0.9206349206349208,0.41031647
0.911764705882353,0.38640913
0.0,0.37382784
0.25,0.42209172
0.8125000000000071,0.41020906
0.0,0.39560944
0.0625,0.27530846
0.1249999999999857,0.455998
0.3749999999999929,0.42291996
0.0,0.41141516
0.0,0.412435
0.0,0.41057453
0.544973544973546,0.41547668
0.411483253588516,0.4333462
0.6363636363636367,0.38239238
0.6459330143540658,0.46156406
0.5263157894736832,0.4514655
0.4354066985645932,0.35867602
0.5167464114832541,0.35129392
0.5167464114832541,0.3640188
0.411483253588516,0.38359818
0.3971291866028714,0.39566064
0.5897435897435912,0.3878328
0.5384615384615472,0.36914065
0.4615384615384528,0.43954685
0.4500000000000028,0.46700662
0.5060240963855591,0.40201586
0.5180722891566347,0.44673133
0.5903614457831168,0.43644488
0.6746987951807313,0.43234402
0.7469879518072418,0.45158383
0.8072289156626624,0.43131912
0.8888888888888891,0.3998043
0.5873015873015872,0.3654752
0.5238095238095233,0.36852807
0.8095238095238093,0.3950995
0.8888888888888891,0.33294505
0.8571428571428572,0.44972223
0.8253968253968256,0.4249089
0.9206349206349204,0.38731965
0.9047619047619048,0.40675798
0.911764705882353,0.37172806
0.25,0.37338886
0.8125,0.41822994
0.0,0.41586253
0.0624999999999928,0.39570898
0.1249999999999857,0.2747906
0.3749999999999858,0.45573595
0.0,0.41287422
0.0,0.41369587
0.0,0.41293344
0.0,0.4104898
0.3492063492063497,0.4184714
0.6363636363636367,0.44718388
0.6459330143540676,0.38593787
0.5263157894736832,0.45458815
0.4354066985645932,0.46172583
0.5167464114832541,0.35976622
0.5167464114832541,0.35372287
0.4114832535885178,0.36212718
0.3971291866028714,0.38083726
0.3684210526315805,0.39680558
0.5384615384615472,0.3848609
0.4615384615384812,0.36202624
0.4615384615384528,0.4410798
0.5250000000000057,0.46523926
0.5180722891566347,0.40289584
0.5903614457831594,0.44035986
0.6746987951807171,0.43653196
0.7469879518072418,0.4313018
0.8072289156626624,0.44766423
0.8554216867470075,0.42977
0.5873015873015874,0.3914487
0.5238095238095237,0.36975747
0.8095238095238093,0.36168918
0.8888888888888884,0.40063694
0.8571428571428572,0.33038557
0.8253968253968254,0.45395967
0.9206349206349204,0.42508402
0.9047619047619048,0.3862536
0.9047619047619048,0.40329176
0.9264705882352942,0.36742294
0.8125000000000142,0.3755692
0.0,0.41964492
0.0624999999999928,0.41669732
0.1249999999999929,0.39295086
0.3749999999999858,0.27379018
0.0,0.4572315
0.0,0.40446737
0.0,0.41490808
0.0,0.41341668
0.0,0.4095068
0.5978835978835981,0.41548818
0.6459330143540667,0.44346717
0.526315789473685,0.38793528
0.4354066985645932,0.44864792
0.5167464114832541,0.4726136
0.5167464114832541,0.3606675
0.4114832535885178,0.3508189
0.3971291866028714,0.3623318
0.3684210526315787,0.3858498
0.3349282296650724,0.39237985
0.461538461538467,0.38106766
0.4615384615384812,0.357465
0.538461538461533,0.43945947
0.5374999999999943,0.4686516
0.590361445783131,0.3974082
0.6746987951807455,0.4446599
0.7469879518072418,0.43769133
0.8072289156626624,0.4334367
0.8554216867469933,0.4378493
0.8554216867470075,0.42308044
0.523809523809524,0.38702086
0.8095238095238095,0.36908776
0.8888888888888888,0.36227354
0.8571428571428568,0.40835443
0.8253968253968256,0.32238176
0.9206349206349208,0.45386678
0.9047619047619052,0.43234262
0.9047619047619048,0.3802459
0.9206349206349208,0.4003943
0.8676470588235294,0.36531442
0.0,0.38037863
0.0625,0.42200974
0.1250000000000071,0.41798294
0.3749999999999858,0.39087552
0.0,0.26992887
0.0,0.45766142
0.0,0.4042504
0.0,0.41365293
0.0,0.4106861
0.0,0.41138333
0.6084656084656093,0.4179288
0.526315789473685,0.4449666
0.4354066985645932,0.39181793
0.5167464114832541,0.4425956
0.5167464114832541,0.47907224
0.411483253588516,0.35760143
0.3971291866028714,0.3481402
0.3684210526315787,0.36202538
0.3349282296650724,0.3858979
0.3253588516746433,0.38982102
0.461538461538467,0.37895113
0.5384615384615472,0.3595764
0.551282051282044,0.43437093
0.6124999999999972,0.4694341
0.6746987951807313,0.393578
0.746987951807256,0.44917795
0.8072289156626624,0.4367308
0.8554216867469933,0.43107173
0.8554216867469933,0.44017923
0.831325301204842,0.4208268
0.8095238095238098,0.39311072
0.8888888888888888,0.36966884
0.8571428571428572,0.36374936
0.8253968253968251,0.40959844
0.9206349206349208,0.31848013
0.9047619047619048,0.4547492
0.9047619047619052,0.43597096
0.9206349206349204,0.38395822
0.8571428571428572,0.4030874
0.9705882352941178,0.36796588
0.0625,0.38147086
0.1249999999999857,0.42166644
0.3749999999999929,0.4139319
0.0,0.3869547
0.0,0.266432
0.0,0.45615378
0.0,0.41616467
0.0,0.41419244
0.0,0.41092324
0.0,0.41035217
0.4761904761904763,0.42363596
0.4354066985645932,0.4483295
0.5167464114832541,0.39619845
0.5167464114832541,0.44667667
0.411483253588516,0.47637534
0.3971291866028714,0.35626376
0.3684210526315787,0.3442838
0.3349282296650724,0.36699402
0.3253588516746415,0.37743482
0.2631578947368425,0.3905257
0.5384615384615472,0.38006428
0.5512820512820582,0.3585724
0.6282051282050958,0.43780088
0.7000000000000028,0.4752301
0.7469879518072418,0.399963
0.8072289156626624,0.44765294
0.855421686746979,0.4313828
0.8554216867469933,0.42405924
0.8313253012048278,0.453355
0.8072289156626624,0.42474064
0.8888888888888891,0.39411575
0.8571428571428572,0.3681666
0.8253968253968256,0.35813853
0.9206349206349204,0.40756547
0.9047619047619048,0.31272635
0.9047619047619048,0.4583536
0.9206349206349204,0.43644366
0.8571428571428568,0.38887316
0.9682539682539684,0.40879726
0.9852941176470588,0.3634355
0.1249999999999857,0.3764339
0.3749999999999858,0.41737267
0.0,0.41652143
0.0,0.38588935
0.0,0.2584334
0.0,0.45724478
0.0,0.41861022
0.0,0.41925198
0.0,0.41435453
0.0,0.4066837
0.3756613756613749,0.4274218
0.5167464114832541,0.45618287
0.5167464114832541,0.39472988
0.4114832535885178,0.44811463
0.3971291866028714,0.4840678
0.3684210526315805,0.35397846
0.3349282296650724,0.33652478
0.3253588516746415,0.3643886
0.2631578947368425,0.3730689
0.2200956937799052,0.3906379
0.551282051282044,0.38074124
0.6282051282051384,0.35415575
0.7179487179487012,0.4433392
0.7750000000000057,0.48316708
0.8072289156626624,0.3971194
0.8554216867470075,0.4516456
0.855421686746979,0.43336594
0.8313253012048136,0.4208679
0.8072289156626624,0.45678747
0.746987951807256,0.42620108
0.8571428571428572,0.39092585
0.8253968253968254,0.3615338
0.9206349206349204,0.354672
0.9047619047619048,0.40621915
0.9047619047619048,0.31227672
0.9206349206349208,0.45911133
0.8571428571428572,0.43927836
0.968253968253968,0.3923644
0.9841269841269842,0.40486398
0.9852941176470588,0.3551178
0.3749999999999858,0.37515122
0.0,0.41222483
0.0,0.42300478
0.0,0.38727123
0.0,0.25546598
0.0,0.46109954
0.0,0.41001698
0.0,0.41735455
0.0,0.4126743
0.0,0.4049163
0.4656084656084669,0.42895228
0.5167464114832541,0.46082455
0.4114832535885178,0.3898825
0.3971291866028714,0.44439557
0.3684210526315787,0.4901929
0.3349282296650724,0.35163337
0.3253588516746415,0.3385147
0.2631578947368425,0.36189595
0.2200956937799052,0.3745916
0.1913875598086143,0.3898662
0.6282051282051242,0.3822226
0.7179487179487438,0.3524648
0.7948717948717956,0.4471461
0.8375000000000057,0.48668802
0.8554216867469933,0.39463592
0.8554216867470075,0.45574006
0.8313253012047994,0.4371814
0.8072289156626624,0.4230559
0.7469879518072418,0.4557243
0.7349397590361804,0.42465043
0.8253968253968256,0.3902307
0.9206349206349208,0.35698202
0.9047619047619052,0.35554147
0.9047619047619048,0.40824357
0.9206349206349208,0.3115509
0.8571428571428572,0.4587474
0.9682539682539684,0.4417613
0.9841269841269836,0.39214858
0.9841269841269842,0.40424913
1.0147058823529411,0.35484543
0.0,0.37765938
0.0,0.41096175
0.0,0.42318493
0.0,0.38886058
0.0,0.25455484
0.0,0.46316132
0.0,0.40957355
0.0,0.41664517
0.0,0.41261527
0.0,0.4075118
0.4656084656084669,0.4258242
0.411483253588516,0.45583978
0.3971291866028714,0.3846263
0.3684210526315787,0.44502664
0.3349282296650724,0.49187985
0.3253588516746433,0.34900308
0.2631578947368425,0.33795226
0.2200956937799034,0.3621076
0.1913875598086125,0.37815616
0.196172248803828,0.38783363
0.7179487179487154,0.38255042
0.7948717948718098,0.35417277
0.8589743589743648,0.44809803
0.8875000000000028,0.49013275
0.8554216867469933,0.39188743
0.831325301204842,0.45915508
0.8072289156626624,0.4417198
0.7469879518072418,0.42698106
0.7349397590361519,0.4531336
0.7228915662650621,0.42317042
0.9206349206349208,0.3924028
0.9047619047619048,0.3531625
0.9047619047619052,0.35971797
0.9206349206349204,0.4080613
0.8571428571428572,0.3150966
0.9682539682539684,0.45789686
0.9841269841269842,0.44252723
0.9841269841269836,0.3918044
1.015873015873016,0.4051634
1.0147058823529411,0.35839707
0.0,0.37836143
0.0,0.41036773
0.0,0.42218253
0.0,0.3899758
0.0,0.25467283
0.0,0.46229002
0.0,0.4143147
0.0,0.4181742
0.0,0.4104365
0.0,0.41142002
0.3492063492063497,0.42349657
0.3971291866028714,0.45254737
0.3684210526315787,0.38179725
0.3349282296650724,0.44834056
0.3253588516746415,0.48922497
0.2631578947368425,0.34496787
0.2200956937799034,0.3427432
0.1913875598086125,0.3650794
0.196172248803828,0.37678677
0.1818181818181834,0.39142707
0.7948717948717956,0.38465786
0.8589743589743648,0.35603398
0.9102564102563946,0.44812685
0.8875000000000028,0.4906829
0.8313253012048278,0.39009503
0.8072289156626624,0.46179157
0.7469879518072418,0.44555792
0.7349397590361519,0.42974752
0.7228915662650621,0.4530748
0.7228915662650621,0.4254969
0.9047619047619048,0.39653006
0.9047619047619048,0.35604185
0.9206349206349204,0.36186773
0.8571428571428568,0.40571466
0.9682539682539684,0.31755346
0.9841269841269842,0.46004233
0.9841269841269842,0.4426797
1.0158730158730158,0.3942864
1.015873015873016,0.40469947
1.0147058823529411,0.3639395
0.0,0.37778026
0.0,0.41403097
0.0,0.42003062
0.0,0.38965243
0.0,0.25424278
0.0,0.46132398
0.0,0.41763902
0.0,0.4165665
0.0,0.4085212
0.0,0.4112507
0.3333333333333339,0.4214566
0.3684210526315805,0.4509852
0.3349282296650724,0.38126817
0.3253588516746415,0.45100677
0.2631578947368425,0.48461103
0.2200956937799052,0.3434903
0.1913875598086143,0.3434217
0.196172248803828,0.36585853
0.1818181818181834,0.37508836
0.1770334928229662,0.3940309
0.8589743589743648,0.38699952
0.9102564102564372,0.3537316
0.9102564102563946,0.4491446
0.8624999999999972,0.49416682
0.8072289156626624,0.38934353
0.746987951807256,0.46320862
0.7349397590361377,0.44461143
0.7228915662650621,0.4275341
0.7228915662650621,0.45580727
0.783132530120497,0.42631915
0.9047619047619048,0.39440298
0.9206349206349208,0.3563827
0.8571428571428572,0.36092696
0.968253968253968,0.40514895
0.9841269841269842,0.31369612
0.9841269841269842,0.46147248
1.0158730158730158,0.44366175
1.0158730158730158,0.39446464
1.015873015873016,0.40231636
1.0147058823529411,0.36275432
0.0,0.3769733
0.0,0.41289625
0.0,0.4217618
0.0,0.39055303
0.0,0.2499652
0.0,0.46401355
0.0,0.41294497
0.0,0.4159995
0.0,0.41013345
0.0,0.4104939
0.3015873015873023,0.42038825
0.3349282296650724,0.45605513
0.3253588516746415,0.38108596
0.2631578947368425,0.44911522
0.2200956937799052,0.48852044
0.1913875598086143,0.34073353
0.196172248803828,0.3420701
0.1818181818181816,0.3630356
0.1770334928229662,0.37560853
0.2200956937799052,0.3948706
0.9102564102564088,0.38533935
0.9102564102564372,0.3504824
0.8846153846153584,0.4493119
0.8375000000000057,0.49516526
0.7469879518072418,0.38963518
0.7349397590361804,0.46278033
0.7228915662650763,0.4407507
0.7228915662650621,0.4254901
0.783132530120497,0.45619982
0.831325301204842,0.42466602
0.9206349206349208,0.38960293
0.8571428571428572,0.35411
0.9682539682539684,0.35815334
0.9841269841269836,0.40473175
0.9841269841269842,0.30871063
1.0158730158730158,0.46103358
1.0158730158730158,0.44370353
1.0158730158730158,0.39178935
1.015873015873016,0.40080115
0.911764705882353,0.35880858
0.0,0.3751346
0.0,0.40993404
0.0,0.42426655
0.0,0.39165685
0.0,0.24786733
0.0,0.46634048
0.0,0.40872937
0.0,0.4179611
0.0,0.41237524
0.0,0.41009897
0.2645502645502642,0.4204502
0.3253588516746433,0.4625432
0.2631578947368425,0.38301834
0.2200956937799034,0.44758275
0.1913875598086125,0.49646497
0.196172248803828,0.33993497
0.1818181818181834,0.339702
0.1770334928229662,0.35978916
0.2200956937799052,0.3760667
0.3397129186602878,0.39517212
0.9102564102564088,0.3794275
0.884615384615401,0.34906235
0.8589743589743648,0.45358157
0.7750000000000057,0.4920937
0.7349397590361519,0.39475796
0.7228915662650621,0.4606889
0.7228915662650763,0.4381394
0.7831325301204828,0.42687014
0.8313253012048278,0.46238554
0.8674698795180831,0.43257686
0.8571428571428572,0.3929529
0.9682539682539684,0.35127178
0.9841269841269842,0.35530546
0.9841269841269836,0.4030057
1.015873015873016,0.31106338
1.0158730158730158,0.46033502
1.0158730158730158,0.4408394
1.0158730158730158,0.3949059
0.9047619047619048,0.4040163
0.6764705882352939,0.35787618
0.0,0.37040722
0.0,0.40834153
0.0,0.425229
0.0,0.39123955
0.0,0.25329602
0.0,0.46540612
0.0,0.4091864
0.0,0.42007187
0.0,0.41215423
0.0,0.40617415
0.2539682539682548,0.42128938
0.2631578947368425,0.45869404
0.2200956937799034,0.38559222
0.1913875598086125,0.45283037
0.196172248803828,0.49751136
0.1818181818181834,0.34141508
0.1770334928229662,0.34091917
0.2200956937799034,0.3614123
0.3397129186602861,0.37625322
0.5406698564593313,0.39685902
0.8846153846153726,0.37843022
0.8589743589743648,0.34513164
0.7948717948717956,0.45323077
0.7625000000000028,0.49078944
0.7228915662650621,0.3935831
0.7228915662650621,0.4608492
0.783132530120497,0.43175548
0.8313253012048136,0.42993712
0.8674698795180831,0.45682472
0.8554216867470075,0.42716837
0.9682539682539684,0.38595253
0.9841269841269842,0.35231653
0.9841269841269842,0.35097086
1.0158730158730158,0.404917
1.015873015873016,0.30652764
1.0158730158730158,0.4589044
1.0158730158730158,0.44333717
0.9047619047619048,0.3866073
0.6507936507936509,0.4037694
0.4558823529411764,0.35799697
0.0,0.3750199
0.0,0.4124706
0.0,0.42786473
0.0,0.39157706
0.0,0.25209522
0.0,0.46223474
0.0,0.40562612
0.0,0.42066577
0.0,0.41260755
0.0,0.4062543
0.1851851851851869,0.41966632
0.2200956937799052,0.46352774
0.1913875598086143,0.38950732
0.196172248803828,0.4478872
0.1818181818181834,0.50311077
0.1770334928229662,0.34343386
0.2200956937799034,0.33635983
0.3397129186602878,0.35676888
0.5406698564593295,0.37459275
0.6889952153110057,0.39756498
0.8589743589743648,0.37633914
0.7948717948718098,0.34711072
0.7820512820512704,0.44471967
0.75,0.48791915
0.7228915662650621,0.3946102
0.783132530120497,0.46187383
0.8313253012047994,0.4358277
0.8674698795180831,0.42399874
0.8554216867469933,0.45868683
0.819277108433738,0.42641282
0.9841269841269842,0.38851753
0.9841269841269842,0.35792458
1.0158730158730158,0.35359776
1.0158730158730158,0.40992585
1.015873015873016,0.30190778
1.0158730158730158,0.4575431
0.9047619047619052,0.44219786
0.6507936507936507,0.3842736
0.412698412698413,0.40269926
0.4117647058823528,0.3544563
0.0,0.3746155
0.0,0.4144876
0.0,0.42428827
0.0,0.38660732
0.0,0.24659339
0.0,0.4643516
0.0,0.41010776
0.0,0.42038336
0.0,0.41149765
0.0625,0.40915406
0.1375661375661376,0.42694253
0.1913875598086143,0.46430433
0.196172248803828,0.39421555
0.1818181818181816,0.44818208
0.1770334928229662,0.5021208
0.2200956937799052,0.34285834
0.3397129186602878,0.33376002
0.5406698564593295,0.3590015
0.6889952153110057,0.37330756
0.7942583732057411,0.39320645
0.7948717948717956,0.37633264
0.782051282051313,0.35311466
0.7692307692307736,0.44722345
0.75,0.4824022
0.783132530120497,0.40493432
0.831325301204842,0.455416
0.8674698795180831,0.43239594
0.8554216867469933,0.4231225
0.819277108433738,0.462051
0.7951807228915868,0.42934164
0.9841269841269842,0.39328942
1.0158730158730158,0.35430378
1.0158730158730158,0.35230148
1.0158730158730158,0.40673083
1.015873015873016,0.30130145
0.9047619047619048,0.4596189
0.6507936507936507,0.44098133
0.4126984126984125,0.38716498
0.3650793650793651,0.41084486
0.2647058823529411,0.3545645
0.0,0.37206283
0.0,0.41136217
0.0,0.42183155
0.0,0.38823664
0.0,0.25057024
0.0,0.46202174
0.0,0.4196545
0.0,0.42298844
0.0625,0.41701627
0.0,0.40644845
0.105820105820106,0.43077213
0.196172248803828,0.46237803
0.1818181818181834,0.39227512
0.1770334928229662,0.4548658
0.2200956937799052,0.4962111
0.3397129186602878,0.35010582
0.5406698564593295,0.3288098
0.6889952153110048,0.3605994
0.794258373205742,0.37141806
0.8660287081339719,0.38978955
0.7820512820512846,0.37731153
0.7692307692307736,0.35259923
0.7692307692307736,0.44815448
0.8125,0.48402876
0.8313253012048278,0.4027735
0.8674698795180831,0.45867246
0.855421686746979,0.43331274
0.819277108433738,0.42425627
0.7951807228915868,0.46316803
0.783132530120497,0.42957038
1.015873015873016,0.39403293
1.0158730158730158,0.34998846
1.0158730158730158,0.3521725
1.0158730158730158,0.40616983
0.9047619047619048,0.30501938
0.6507936507936507,0.46080172
0.4126984126984125,0.44052267
0.3650793650793651,0.39014506
0.2063492063492065,0.41064197
0.25,0.35133725
0.0,0.37309772
0.0,0.4087173
0.0,0.4230888
0.0,0.38705403
0.0,0.25019068
0.0,0.4634115
0.0,0.4200637
0.0624999999999928,0.4211794
0.0,0.41370004
0.0,0.40544808
0.1111111111111107,0.43492523
0.1818181818181834,0.4635753
0.1770334928229662,0.39150387
0.2200956937799034,0.4555438
0.3397129186602861,0.49241444
0.5406698564593313,0.35174465
0.6889952153110048,0.33165053
0.7942583732057411,0.36205712
0.8660287081339701,0.36783057
0.8086124401913883,0.39105892
0.7692307692307736,0.3815747
0.7692307692307736,0.3543027
0.8333333333333286,0.45542452
0.8624999999999972,0.48669904
0.8674698795180831,0.40248376
0.8554216867470075,0.46077105
0.819277108433738,0.43570012
0.7951807228915726,0.42760575
0.783132530120497,0.4637136
0.7590361445783174,0.4263683
1.015873015873016,0.39776233
1.0158730158730158,0.34055755
1.0158730158730158,0.353525
0.9047619047619048,0.40629342
0.6507936507936509,0.30817795
0.4126984126984125,0.46116674
0.3650793650793651,0.44302937
0.206349206349206,0.39267147
0.1904761904761907,0.413676
0.191176470588235,0.35859552
0.0,0.37378305
0.0,0.40608114
0.0,0.42068905
0.0,0.39275634
0.0,0.25327483
0.0,0.46355757
0.0624999999999928,0.4276573
0.0,0.42126808
0.0,0.4150938
0.0,0.40820757
0.0952380952380966,0.43097684
0.1770334928229662,0.45466137
0.2200956937799034,0.38216087
0.3397129186602878,0.4608975
0.5406698564593295,0.48777583
0.6889952153110057,0.34986827
0.7942583732057429,0.3326974
0.866028708133971,0.36321962
0.8086124401913874,0.36735427
0.9665071770334928,0.39016876
0.7692307692307736,0.37963516
0.8333333333333428,0.35060373
0.8846153846153584,0.4508779
0.9000000000000057,0.48957318
0.8554216867469933,0.39954758
0.819277108433738,0.459538
0.7951807228915584,0.4340728
0.7831325301204828,0.4268562
0.7590361445783174,0.45977184
0.6987951807228967,0.4188278
1.015873015873016,0.3934393
1.0158730158730158,0.35108283
0.9047619047619052,0.35442424
0.6507936507936507,0.40968648
0.412698412698413,0.30251896
0.3650793650793651,0.457802
0.206349206349206,0.44417447
0.1904761904761902,0.38144323
0.1269841269841269,0.4095416
0.1764705882352939,0.36170974
0.0,0.3754869
0.0,0.4129285
0.0,0.4239763
0.0,0.39211634
0.0,0.24557158
0.0625,0.46187547
0.0,0.4201885
0.0,0.42053324
0.0,0.4127306
0.0,0.41078174
0.0899470899470902,0.42568672
0.2200956937799052,0.45726904
0.3397129186602878,0.3856379
0.5406698564593295,0.45054922
0.6889952153110057,0.4968133
0.7942583732057411,0.34334368
0.866028708133971,0.33276838
0.8086124401913874,0.3610095
0.966507177033492,0.37067217
0.9569377990430628,0.39166427
0.8333333333333428,0.38151765
0.884615384615401,0.3592682
0.9230769230769198,0.44957584
0.8875000000000028,0.4837067
0.819277108433738,0.40103936
0.7951807228915868,0.46319166
0.783132530120497,0.44545653
0.7590361445783032,0.4318831
0.6987951807228967,0.46142966
0.6265060240964004,0.43205696
1.015873015873016,0.40810826
0.9047619047619048,0.35873413
0.6507936507936507,0.3610899
0.4126984126984125,0.40694487
0.3650793650793651,0.31334043
0.206349206349206,0.45808858
0.1904761904761902,0.43893436
0.1269841269841265,0.3930558
0.1111111111111111,0.4120152
0.1176470588235294,0.37014046
0.0,0.37169728
0.0,0.41678056
0.0,0.41485846
0.0,0.38896513
0.0625,0.25481236
0.0,0.46085143
0.0,0.43465912
0.0,0.4177232
0.0,0.41143343
0.0,0.40756586
0.1375661375661376,0.42892927
0.3397129186602878,0.44409907
0.5406698564593295,0.38452938
0.6889952153110048,0.46416727
0.794258373205742,0.4760998
0.8660287081339719,0.34738275
0.8086124401913892,0.33447057
0.966507177033492,0.36608142
0.956937799043062,0.36740106
0.8660287081339719,0.39130566
0.8846153846153726,0.3870747
0.923076923076934,0.36793488
0.9102564102563946,0.44576263
0.8499999999999943,0.47616726
0.7951807228915868,0.41300163
0.783132530120497,0.45797387
0.7590361445783174,0.43657205
0.6987951807228825,0.42507374
0.6265060240963862,0.46594366
0.602409638554235,0.42883846
0.9047619047619048,0.40847477
0.6507936507936507,0.35491726
0.4126984126984125,0.36052233
0.3650793650793651,0.40176475
0.2063492063492065,0.31147516
0.1904761904761902,0.46036997
0.1269841269841269,0.43387392
0.1111111111111107,0.3885973
0.0476190476190478,0.42141166
0.3970588235294117,0.367742
0.0,0.36883387
0.0,0.4106423
0.0,0.41394222
0.0624999999999928,0.39059585
0.0,0.25395387
0.0,0.45837903
0.0,0.44097933
0.0,0.42456695
0.0,0.41906175
0.0,0.40814137
0.2698412698412689,0.43536907
0.5406698564593313,0.44804654
0.6889952153110048,0.38384217
0.7942583732057411,0.46528128
0.8660287081339701,0.4725572
0.8086124401913883,0.3555413
0.966507177033492,0.32475495
0.956937799043061,0.36372572
0.8660287081339701,0.36618856
0.7894736842105265,0.39031354
0.9230769230769198,0.38755295
0.9102564102564372,0.36133823
0.8717948717948616,0.4444026
0.8250000000000028,0.4845695
0.783132530120497,0.40345392
0.7590361445783174,0.46000695
0.6987951807228967,0.43951613
0.6265060240964004,0.4208119
0.6024096385542208,0.46456584
0.6144578313253248,0.42225063
0.6507936507936509,0.4018097
0.4126984126984125,0.35163254
0.3650793650793651,0.3622771
0.206349206349206,0.4026375
0.1904761904761907,0.31869525
0.1269841269841269,0.45695084
0.1111111111111111,0.43180078
0.0476190476190474,0.39149132
0.3492063492063493,0.413316
0.5147058823529411,0.35890615
0.0,0.37188363
0.0,0.40726584
0.0624999999999928,0.4225915
0.0,0.38852698
0.0,0.25141364
0.0,0.46056244
0.0,0.42828628
0.0,0.4226325
0.0,0.41011688
0.0,0.41005036
0.4920634920634921,0.43371877
0.6889952153110057,0.46104303
0.7942583732057429,0.3805757
0.866028708133971,0.45983016
0.8086124401913874,0.4803998
0.9665071770334928,0.35146278
0.956937799043061,0.34355736
0.866028708133971,0.36637378
0.7894736842105265,0.36365223
0.7703349282296648,0.39625943
0.9102564102564088,0.3835685
0.8717948717948758,0.35910684
0.8461538461538254,0.44898298
0.8125,0.4777329
0.7590361445783174,0.40154704
0.6987951807228967,0.45206025
0.6265060240964004,0.44585055
0.6024096385542208,0.43091112
0.6144578313253106,0.4577814
0.6746987951807455,0.42808118
0.412698412698413,0.39983767
0.3650793650793651,0.3638943
0.206349206349206,0.36086285
0.1904761904761902,0.40448022
0.1269841269841269,0.32141238
0.1111111111111111,0.4603021
0.0476190476190474,0.4324286
0.3492063492063488,0.39237303
0.4761904761904763,0.4081458
0.3529411764705883,0.3653699
0.0,0.37551674
0.0625,0.41915792
0.0,0.41879505
0.0,0.38710743
0.0,0.2568314
0.0,0.4628818
0.0,0.42122474
0.0,0.41688794
0.0,0.41002604
0.0,0.40665773
0.6560846560846567,0.42225593
0.7942583732057411,0.4436547
0.866028708133971,0.38311586
0.8086124401913874,0.45631516
0.966507177033492,0.47979283
0.9569377990430628,0.35333654
0.866028708133971,0.34167546
0.7894736842105257,0.36980817
0.7703349282296639,0.37999257
0.7703349282296648,0.38949564
0.8717948717948616,0.38395566
0.846153846153868,0.36203003
0.8333333333333286,0.44373518
0.7874999999999943,0.4771868
0.6987951807228967,0.3969654
0.6265060240964004,0.45352912
0.6024096385542208,0.44496688
0.6144578313252964,0.4349117
0.6746987951807313,0.44976646
0.7710843373494214,0.42407447
0.3650793650793651,0.40275642
0.206349206349206,0.3610812
0.1904761904761902,0.36792704
0.1269841269841265,0.4062358
0.1111111111111111,0.32293594
0.0476190476190474,0.45586658
0.3492063492063493,0.43419927
0.4761904761904754,0.38868487
0.3015873015873018,0.40630352
0.6764705882352939,0.36706477
0.0625,0.3796416
0.0,0.41593105
0.0,0.41675773
0.0,0.38868365
0.0,0.2633412
0.0,0.46165517
0.0,0.4240355
0.0,0.416646
0.0,0.4085854
0.0,0.41003436
0.7724867724867721,0.42188504
0.8660287081339719,0.44077712
0.8086124401913892,0.385499
0.966507177033492,0.45597783
0.956937799043062,0.47362882
0.8660287081339719,0.3526347
0.7894736842105257,0.34697267
0.7703349282296639,0.37118182
0.7703349282296639,0.3764485
0.5645933014354085,0.39223358
0.8461538461538538,0.38669917
0.8333333333333428,0.36498106
0.8076923076922924,0.44093907
0.7249999999999943,0.4701838
0.6265060240963862,0.4025208
0.602409638554235,0.4469941
0.6144578313252964,0.44197467
0.6746987951807313,0.43179774
0.7710843373494072,0.44980437
0.819277108433738,0.42525008
0.2063492063492065,0.40378535
0.1904761904761902,0.36421752
0.1269841269841269,0.3668333
0.1111111111111107,0.4007709
0.0476190476190478,0.32755834
0.3492063492063493,0.4585116
0.4761904761904763,0.43048584
0.3015873015873009,0.38792774
0.6507936507936509,0.40936518
0.7794117647058822,0.37070394
0.0,0.38062507
0.0,0.41800538
0.0,0.41629574
0.0,0.38858524
0.0,0.2659201
0.0,0.45836273
0.0,0.4268484
0.0,0.42028028
0.0,0.4096656
0.0,0.40791324
0.8518518518518512,0.42111793
0.8086124401913883,0.4438079
0.966507177033492,0.3867604
0.956937799043061,0.45807138
0.8660287081339701,0.47070894
0.7894736842105265,0.35939452
0.7703349282296639,0.34484172
0.7703349282296639,0.3708104
0.5645933014354068,0.37454608
0.4784688995215322,0.3941952
0.8333333333333428,0.39084977
0.8076923076923066,0.35971996
0.7435897435897374,0.44220242
0.6500000000000057,0.4767986
0.6024096385542208,0.40117764
0.6144578313253248,0.44484472
0.6746987951807171,0.44497976
0.771084337349393,0.42692378
0.819277108433738,0.4544546
0.8674698795180831,0.43032143
0.1904761904761907,0.39520743
0.1269841269841269,0.36739886
0.1111111111111111,0.36062607
0.0476190476190474,0.4026302
0.3492063492063493,0.32527286
0.4761904761904763,0.46235767
0.3015873015873014,0.42979187
0.6507936507936507,0.39036208
0.7619047619047621,0.40236586
0.8088235294117647,0.3638389
0.0,0.37785497
0.0,0.42028323
0.0,0.41869628
0.0,0.3868389
0.0,0.2560342
0.0,0.46373752
0.0,0.4151711
0.0,0.41955587
0.0,0.40749854
0.0,0.4104584
0.7883597883597897,0.4200495
0.9665071770334928,0.4475489
0.956937799043061,0.38523453
0.866028708133971,0.45210513
0.7894736842105265,0.47653955
0.7703349282296648,0.35382172
0.7703349282296639,0.34630087
0.5645933014354085,0.36587498
0.4784688995215305,0.3745736
0.4354066985645932,0.39179277
0.8076923076923066,0.38566032
0.7435897435897516,0.35374078
0.6666666666666714,0.44552642
0.625,0.4787277
0.6144578313253106,0.39509898
0.6746987951807455,0.44646165
0.7710843373493788,0.45026836
0.819277108433738,0.43004885
0.8674698795180831,0.44550693
0.9036144578313384,0.43056893
0.1269841269841269,0.3919471
0.1111111111111111,0.3674198
0.0476190476190474,0.36013097
0.3492063492063488,0.40197313
0.4761904761904763,0.32266352
0.3015873015873014,0.4598397
0.6507936507936507,0.43328378
0.7619047619047619,0.3880162
0.7936507936507937,0.39486712
0.8235294117647058,0.36066592
0.0,0.3834504
0.0,0.42400274
0.0,0.42312065
0.0,0.38668835
0.0,0.25855315
0.0,0.46740872
0.0,0.4073284
0.0,0.41385478
0.0,0.40759587
0.0,0.40726298
0.962962962962962,0.4186773
0.9569377990430628,0.44605395
0.866028708133971,0.38311496
0.7894736842105257,0.4483574
0.7703349282296639,0.48056865
0.7703349282296648,0.3552638
0.5645933014354085,0.34676027
0.4784688995215322,0.36231023
0.4354066985645932,0.38008273
0.4066985645933023,0.38872433
0.7435897435897374,0.3813047
0.6666666666666714,0.35215795
0.6410256410256352,0.44541898
0.6374999999999886,0.47775075
0.6746987951807313,0.39277303
0.7710843373494214,0.4498609
0.819277108433738,0.44903857
0.8674698795180831,0.43385985
0.9036144578313384,0.4423797
0.927710843373518,0.42813364
0.1111111111111111,0.3943238
0.0476190476190474,0.368519
0.3492063492063493,0.36096466
0.4761904761904754,0.4048797
0.3015873015873018,0.31921804
0.6507936507936507,0.4580819
0.7619047619047619,0.4364436
0.793650793650793,0.38667056
0.8095238095238098,0.395971
0.8088235294117647,0.36426243
0.0,0.3843788
0.0,0.42601117
0.0,0.42148408
0.0,0.38586065
0.0,0.25830775
0.0,0.46672487
0.0,0.41159818
0.0,0.41291058
0.0,0.4068765
0.0,0.40624705
0.9523809523809526,0.41837144
0.8660287081339719,0.44166642
0.7894736842105257,0.3854527
0.7703349282296639,0.4495435
0.7703349282296639,0.4819302
0.5645933014354085,0.3531993
0.4784688995215322,0.34332514
0.4354066985645932,0.36314583
0.4066985645933023,0.37873957
0.3779904306220096,0.38842478
0.6666666666666714,0.38215977
0.6410256410256494,0.34875634
0.653846153846132,0.4474949
0.7000000000000028,0.47830114
0.7710843373494072,0.39202246
0.819277108433738,0.4508477
0.8674698795180831,0.4504818
0.903614457831324,0.43442988
0.9277108433735036,0.44522467
0.927710843373518,0.4326228
0.0476190476190478,0.39808682
0.3492063492063493,0.37056792
0.4761904761904763,0.35795593
0.3015873015873009,0.40461197
0.6507936507936509,0.3178981
0.7619047619047619,0.45977604
0.7936507936507939,0.43941838
0.8095238095238093,0.39113984
0.7936507936507937,0.3963105
0.8529411764705881,0.3697933
0.0,0.38254485
0.0,0.42577374
0.0,0.42096978
0.0,0.3851531
0.0,0.25592875
0.0,0.4681006
0.0,0.41221523
0.0,0.41543406
0.0,0.40563163
0.0,0.4036059
0.8518518518518512,0.41618147
0.7894736842105265,0.4375648
0.7703349282296639,0.38512814
0.7703349282296639,0.45335707
0.5645933014354068,0.4830875
0.4784688995215322,0.34972435
0.4354066985645932,0.3392357
0.4066985645933023,0.36298573
0.3779904306220096,0.37574145
0.3732057416267942,0.38849136
0.6410256410256352,0.38361025
0.6538461538461746,0.34522197
0.7179487179487012,0.45111737
0.7999999999999972,0.4818592
0.819277108433738,0.39118233
0.8674698795180831,0.45394096
0.903614457831324,0.4542183
0.9277108433735036,0.43522793
0.9277108433735036,0.4486833
0.927710843373518,0.43740904
0.3492063492063493,0.39890185
0.4761904761904763,0.372545
0.3015873015873014,0.35586035
0.6507936507936507,0.40514502
0.7619047619047621,0.31280866
0.7936507936507937,0.46294987
0.8095238095238093,0.44268358
0.793650793650793,0.39444876
0.8412698412698414,0.39409232
0.8088235294117647,0.3730734
0.0,0.38030446
0.0,0.42679697
0.0,0.42203245
0.0,0.38406157
0.0,0.24879988
0.0,0.47279945
0.0,0.41088623
0.0,0.41631502
0.0,0.40562013
0.0,0.4014481
0.7671957671957674,0.4153776
0.7703349282296648,0.43507904
0.7703349282296639,0.38391316
0.5645933014354085,0.4562459
0.4784688995215305,0.48596373
0.4354066985645932,0.34422234
0.4066985645933005,0.33292636
0.3779904306220096,0.3615154
0.373205741626796,0.3767919
0.3779904306220096,0.38529414
0.6538461538461462,0.38227013
0.7179487179487438,0.341581
0.8205128205127892,0.45272815
0.8499999999999943,0.48627645
0.8674698795180831,0.3866097
0.9036144578313384,0.4598543
0.9277108433735036,0.45743614
0.9277108433735036,0.43629327
0.9277108433735036,0.44723
0.8554216867470075,0.4381736
0.4761904761904763,0.3994452
0.3015873015873014,0.37120172
0.6507936507936507,0.35609332
0.7619047619047619,0.40509328
0.7936507936507937,0.3105153
0.8095238095238095,0.46263394
0.7936507936507939,0.4462976
0.841269841269841,0.39588812
0.7936507936507937,0.39074522
0.8529411764705881,0.3747871
0.0,0.38143873
0.0,0.4258994
0.0,0.4241179
0.0,0.3836761
0.0,0.245687
0.0,0.4742007
0.0,0.40915784
0.0,0.41504866
0.0,0.4040906
0.0,0.39872655
0.7460317460317452,0.416733
0.7703349282296648,0.43542665
0.5645933014354085,0.38262033
0.4784688995215322,0.4582137
0.4354066985645932,0.48800814
0.4066985645933023,0.34105134
0.3779904306220114,0.33237556
0.3732057416267942,0.35992855
0.3779904306220096,0.37618798
0.3684210526315805,0.38468495
0.7179487179487154,0.38121778
0.8205128205128318,0.3418256
0.8717948717948616,0.45514944
0.9000000000000057,0.488052
0.9036144578313384,0.38406155
0.927710843373518,0.46395975
0.9277108433735036,0.4608214
0.9277108433735036,0.43946034
0.8554216867469933,0.4474604
0.7951807228915868,0.43880287
0.3015873015873018,0.40278018
0.6507936507936507,0.37115106
0.7619047619047619,0.35697415
0.793650793650793,0.40586597
0.8095238095238098,0.30925193
0.7936507936507937,0.46362597
0.8412698412698414,0.44730985
0.793650793650793,0.3978199
0.8412698412698414,0.39170152
0.8529411764705881,0.37752393
0.0,0.37938985
0.0,0.42724636
0.0,0.42364392
0.0,0.38353372
0.0,0.24392301
0.0,0.47470576
0.0,0.4118879
0.0,0.4142723
0.0,0.40283033
0.0,0.39872554
0.7460317460317452,0.41551012
0.5645933014354085,0.43134582
0.4784688995215322,0.38255224
0.4354066985645932,0.4615112
0.4066985645933023,0.48800093
0.3779904306220096,0.33865437
0.3732057416267942,0.3296882
0.3779904306220096,0.36227614
0.3684210526315787,0.37827948
0.3492822966507205,0.3834501
0.8205128205128176,0.38122797
0.8717948717948758,0.34054253
0.9230769230769198,0.45692122
0.9375,0.4909333
0.9277108433735036,0.3831165
0.927710843373518,0.4667167
0.9277108433735036,0.4622015
0.8554216867469933,0.44056472
0.7951807228915868,0.44846404
0.7108433734940007,0.44038898
0.6507936507936509,0.4037317
0.7619047619047619,0.369894
0.7936507936507939,0.3566246
0.8095238095238093,0.40542614
0.7936507936507937,0.3085835
0.8412698412698412,0.46473414
0.7936507936507939,0.44895357
0.841269841269841,0.39959204
0.8412698412698414,0.39176875
0.9411764705882352,0.37890807
0.0,0.37840953
0.0,0.42686924
0.0,0.4249341
0.0,0.38370615
0.0,0.24208888
0.0,0.47532547
0.0,0.4115767
0.0,0.41462106
0.0,0.40232587
0.0,0.3986927
0.518518518518519,0.4148112
0.4784688995215322,0.43122745
0.4354066985645932,0.3820685
0.4066985645933023,0.46332255
0.3779904306220096,0.4894953
0.3732057416267942,0.33619624
0.3779904306220114,0.32861018
0.3684210526315787,0.36230567
0.349282296650717,0.37858897
0.3157894736842106,0.38383958
0.8717948717948616,0.38201442
0.923076923076934,0.34042168
0.9615384615384528,0.45822942
0.9625000000000056,0.49452248
0.9277108433735036,0.38134736
0.927710843373518,0.46887594
0.855421686746979,0.46289116
0.7951807228915726,0.44025552
0.7108433734939865,0.4486013
0.8072289156626624,0.4395901
0.7619047619047621,0.40368602
0.7936507936507937,0.36601678
0.8095238095238093,0.35762447
0.793650793650793,0.40580675
0.8412698412698414,0.3076823
0.7936507936507937,0.46462017
0.8412698412698414,0.45003223
0.841269841269841,0.39987147
0.9365079365079368,0.39092085
0.8529411764705881,0.37765548
0.0,0.3786741
0.0,0.42502898
0.0,0.42654538
0.0,0.38460484
0.0,0.24108091
0.0,0.47593784
0.0,0.41068187
0.0,0.41449058
0.0,0.40201846
0.0,0.39984462
0.4232804232804241,0.41372713
0.4354066985645932,0.4331765
0.4066985645933005,0.38146803
0.3779904306220096,0.46307665
0.373205741626796,0.4915465
0.3779904306220096,0.33411983
0.3684210526315787,0.32976687
0.3492822966507187,0.3628103
0.3157894736842106,0.37947047
0.3301435406698569,0.38422278
0.9230769230769198,0.3825703
0.961538461538467,0.34071076
0.987179487179489,0.45921847
0.9625000000000056,0.49674726
0.9277108433735036,0.38058203
0.8554216867470075,0.46968022
0.7951807228915584,0.46395105
0.7108433734939723,0.43976027
0.8072289156626624,0.44880414
0.8554216867470075,0.43985116
0.7936507936507937,0.40219322
0.8095238095238095,0.36383536
0.7936507936507939,0.35784867
0.841269841269841,0.40577474
0.7936507936507937,0.30708483
0.8412698412698412,0.4658242
0.8412698412698414,0.45053965
0.9365079365079364,0.39966825
0.8412698412698414,0.39035514
0.6764705882352939,0.37590837
0.0,0.37895092
0.0,0.42410204
0.0,0.42741075
0.0,0.38518962
0.0,0.239723
0.0,0.47628647
0.0,0.4092778
0.0,0.4144558
0.0,0.40176955
0.0,0.40090993
0.3756613756613749,0.41255477
0.4066985645933023,0.4350709
0.3779904306220114,0.3809628
0.3732057416267942,0.4630167
0.3779904306220096,0.49398363
0.3684210526315805,0.3334772
0.3492822966507187,0.33010873
0.3157894736842106,0.3625392
0.3301435406698569,0.3806153
0.3732057416267942,0.38436535
0.961538461538467,0.38200104
0.9871794871795032,0.3404878
0.987179487179489,0.45984703
0.9625000000000056,0.49835816
0.8554216867469933,0.38013396
0.7951807228915868,0.4704945
0.7108433734939723,0.4632227
0.8072289156626624,0.43886843
0.8554216867469933,0.44813886
0.9036144578313384,0.4385853
0.8095238095238098,0.40129164
0.7936507936507937,0.36036757
0.8412698412698414,0.35819516
0.793650793650793,0.40644482
0.8412698412698414,0.3062173
0.8412698412698412,0.46539137
0.9365079365079368,0.4506288
0.841269841269841,0.39899492
0.6507936507936509,0.38989934
0.6470588235294117,0.37265182
0.0,0.3804794
0.0,0.4227997
0.0,0.42807817
0.0,0.38549495
0.0,0.23996924
0.0,0.47588333
0.0,0.40932748
0.0,0.41410008
0.0,0.4014943
0.0,0.40118104
0.343915343915345,0.41257447
0.3779904306220096,0.43852165
0.3732057416267942,0.3814002
0.3779904306220096,0.46249896
0.3684210526315787,0.49664322
0.3492822966507205,0.3339991
0.3157894736842106,0.33158377
0.3301435406698569,0.36221606
0.373205741626796,0.37962633
0.4641148325358859,0.38527653
0.987179487179489,0.38078398
0.9871794871795032,0.3417481
0.987179487179489,0.4593322
0.8875000000000028,0.4984858
0.7951807228915868,0.37969396
0.7108433734940007,0.4703266
0.8072289156626624,0.46197617
0.8554216867469933,0.4369293
0.9036144578313384,0.44765407
0.9397590361445792,0.43524808
0.7936507936507937,0.4001703
0.8412698412698412,0.35749462
0.7936507936507939,0.35916415
0.841269841269841,0.408276
0.8412698412698414,0.30443752
0.9365079365079364,0.46348917
0.8412698412698414,0.44879857
0.6507936507936507,0.39729923
0.6190476190476193,0.3899967
0.4852941176470586,0.3676757
0.0,0.3839892
0.0,0.42300418
0.0,0.42760083
0.0,0.38480622
0.0,0.23989297
0.0,0.4755966
0.0,0.4119502
0.0,0.4129888
0.0,0.4017062
0.0,0.40173283
0.3121693121693134,0.41455847
0.3732057416267942,0.44364625
0.3779904306220114,0.382709
0.3684210526315787,0.46067318
0.349282296650717,0.49800655
0.3157894736842106,0.33725312
0.3301435406698569,0.3330402
0.3732057416267942,0.36297542
0.4641148325358841,0.37809733
0.6411483253588521,0.38555428
0.987179487179489,0.379547
0.9871794871795032,0.34192476
0.9102564102563946,0.45989838
0.8250000000000028,0.49823064
0.7108433734939865,0.3823887
0.8072289156626624,0.46763074
0.855421686746979,0.45887607
0.903614457831324,0.43272138
0.9397590361445792,0.45146534
0.9518072289156834,0.43266764
0.8412698412698414,0.40010792
0.7936507936507937,0.35446295
0.8412698412698414,0.35722002
0.841269841269841,0.41047168
0.9365079365079368,0.30354303
0.8412698412698412,0.4615669
0.6507936507936507,0.44720477
0.6190476190476186,0.39726225
0.4444444444444446,0.39225045
0.2352941176470588,0.36190224
0.0,0.38609925
0.0,0.42151737
0.0,0.42702007
0.0,0.38483575
0.0,0.23979488
0.0,0.47534212
0.0,0.4152868
0.0,0.41271755
0.0,0.4033176
0.0,0.4013641
0.3068783068783087,0.4178679
0.3779904306220096,0.44900417
0.3684210526315787,0.38244238
0.3492822966507187,0.45912167
0.3157894736842106,0.49965268
0.3301435406698569,0.34080088
0.3732057416267942,0.33524126
0.4641148325358841,0.36434466
0.641148325358853,0.3750075
0.7799043062200965,0.38455027
0.987179487179489,0.37864682
0.9102564102564372,0.3425003
0.8461538461538254,0.4610381
0.7374999999999972,0.49688205
0.8072289156626624,0.38896886
0.8554216867470075,0.46617678
0.903614457831324,0.4557588
0.9397590361445792,0.42775756
0.9518072289156692,0.45672345
0.9036144578313384,0.4309442
0.7936507936507937,0.4016047
0.8412698412698412,0.3499883
0.8412698412698414,0.35482225
0.9365079365079364,0.41242152
0.8412698412698414,0.304983
0.6507936507936507,0.46038634
0.6190476190476191,0.44690996
0.4444444444444442,0.3978004
0.1746031746031748,0.39579675
0.1176470588235294,0.35587117
0.0,0.38502333
0.0,0.41825345
0.0,0.42647678
0.0,0.38605744
0.0,0.24010925
0.0,0.47524017
0.0,0.41942787
0.0,0.41204235
0.0,0.40714824
0.0,0.40124238
0.3121693121693134,0.42325392
0.3684210526315805,0.45417458
0.3492822966507187,0.37954342
0.3157894736842106,0.46005175
0.3301435406698569,0.49826515
0.3732057416267942,0.34563136
0.4641148325358841,0.33793312
0.6411483253588504,0.3645419
0.7799043062200957,0.37088984
0.9090909090909092,0.3823229
0.9102564102564088,0.38041067
0.846153846153868,0.34501305
0.7564102564102342,0.46122342
0.8375000000000057,0.49474597
0.8554216867469933,0.3939675
0.9036144578313384,0.46639463
0.9397590361445792,0.45502457
0.9518072289156692,0.4242471
0.9036144578313384,0.45821646
0.8915662650602627,0.42701912
0.8412698412698414,0.40254956
0.8412698412698412,0.34660417
0.9365079365079368,0.35448912
0.841269841269841,0.4137254
0.6507936507936509,0.304653
0.6190476190476191,0.46042988
0.4444444444444442,0.4472211
0.1746031746031744,0.39726812
0.0476190476190478,0.3986642
0.0,0.35263655
0.0,0.3844293
0.0,0.416032
0.0,0.42518902
0.0,0.38766116
0.0,0.2379032
0.0,0.47630984
0.0,0.42451626
0.0,0.4111173
0.0,0.41049853
0.0,0.4019197
0.3015873015873023,0.42686293
0.3492822966507205,0.45741704
0.3157894736842106,0.37645227
0.3301435406698569,0.46236715
0.373205741626796,0.49544114
0.4641148325358859,0.35023814
0.6411483253588521,0.33711076
0.7799043062200965,0.36293024
0.9090909090909084,0.3675362
0.9521531100478472,0.37872434
0.8461538461538538,0.38135305
0.7564102564102768,0.3485166
0.8589743589743648,0.46074253
0.8875000000000028,0.4925682
0.9036144578313384,0.39825606
0.9397590361445792,0.46793696
0.951807228915655,0.4563367
0.903614457831324,0.4219128
0.8915662650602485,0.4610464
0.8795180722891587,0.4253692
0.8412698412698414,0.40904415
0.9365079365079364,0.34463257
0.8412698412698414,0.3562258
0.6507936507936507,0.4138733
0.6190476190476193,0.30548725
0.4444444444444442,0.45832723
0.1746031746031744,0.4470893
0.0476190476190474,0.39726248
-0.079365079365079,0.40280828
-0.0294117647058822,0.35288957
0.0,0.38219345
0.0,0.41345155
0.0,0.42283756
0.0,0.38994867
0.0,0.23784563
0.0,0.47553226
0.0,0.43127313
0.0,0.41059017
0.0,0.4124707
0.0,0.40245453
0.28042328042328,0.43030894
0.3157894736842106,0.4546858
0.3301435406698569,0.3729896
0.3732057416267942,0.46623784
0.4641148325358841,0.48950797
0.6411483253588521,0.35164192
0.7799043062200965,0.3347575
0.90909090909091,0.36250904
0.9521531100478472,0.3643387
1.0287081339712918,0.37586734
0.7564102564102626,0.3838006
0.8589743589743648,0.35600266
0.9102564102563946,0.45899507
0.9375,0.4883543
0.9397590361445792,0.40422407
0.9518072289156834,0.47043902
0.903614457831324,0.45841354
0.8915662650602485,0.42224357
0.8795180722891587,0.4636343
0.8072289156626624,0.4245783
0.9365079365079368,0.41794062
0.8412698412698412,0.34241706
0.6507936507936507,0.3609364
0.6190476190476186,0.41149268
0.4444444444444446,0.30833638
0.1746031746031744,0.4576227
0.0476190476190474,0.44677725
-0.0793650793650799,0.3960509
-0.1111111111111107,0.41041756
0.0441176470588233,0.35593933
0.0,0.37839076
0.0,0.41110742
0.0,0.419083
0.0,0.39323714
0.0,0.23967585
0.0,0.4710058
0.0,0.44251764
0.0,0.41150245
0.0,0.413466
0.0,0.40385517
0.2433862433862437,0.43549794
0.3301435406698569,0.4476629
0.3732057416267942,0.37032068
0.4641148325358841,0.47258577
0.641148325358853,0.4777225
0.7799043062200965,0.35379732
0.90909090909091,0.32985294
0.9521531100478472,0.36295396
1.0287081339712918,0.36104918
0.9234449760765556,0.37387395
