Actual,Predicted
0.1684210526315865,-0.004660631
0.257894736842104,0.03683099
0.3526315789473742,0.010729166
0.3736842105263207,0.008499021
0.4157894736842209,-0.0034273993
0.473684210526315,-0.0022786101
0.4842105263157918,-0.021323841
0.4947368421052616,0.03731345
0.5052631578947384,0.003317331
0.5,-4.4452492e-05
0.380952380952381,0.0078115384
0.6386554621848739,0.014949043
0.6750700280112045,0.07018056
0.803921568627451,0.068900384
0.3529411764705883,0.011609633
0.3949579831932773,0.0036611701
0.0,-0.026552707
0.3277310924369747,-0.005591009
0.0,0.010647497
0.0,0.0036961867
0.1632653061224545,0.0036668293
0.1326530612244916,0.0068853544
0.2551020408163253,0.0134496
0.1224489795918355,0.041285176
0.1224489795918337,0.03628657
0.112244897959183,-0.010727074
0.0,-0.002177374
0.1122448979591794,-0.0022309485
0.0,-0.03597305
0.0,0.022958064
0.619718309859155,0.006202678
0.6901408450704225,-0.025798218
0.943661971830986,0.010053592
0.957746478873239,0.022094192
0.971830985915493,0.026030352
0.9859154929577466,-0.020113628
0.9859154929577468,0.0564158
0.9859154929577464,0.010684341
0.9718309859154928,0.04638749
0.9859154929577464,0.013273346
0.0,0.03637252
0.0,0.027680723
1.0454545454545467,-0.0040298854
0.2272727272727266,0.020256577
0.0909090909090934,0.013971384
0.0,-0.029673846
0.0,0.023580577
0.0909090909090934,0.006417231
0.3636363636363597,-0.035442565
0.2272727272727266,0.0071162367
0.4347826086956523,0.0026954985
0.4243697478991581,0.01790101
0.3562753036437245,0.017172797
0.3441295546558702,0.0022406708
0.336032388663968,-0.031010713
0.344129554655872,0.054059353
0.3400809716599191,0.04008273
0.3198380566801635,-0.029790426
0.3117408906882595,-0.021470739
0.2995951417004043,0.012509349
0.257894736842104,-0.008261859
0.3526315789473742,0.029069789
0.3736842105263207,0.006227986
0.4157894736842138,0.013991106
0.4736842105263221,-0.008952915
0.4842105263157918,-0.0027699447
0.4947368421052616,-0.02401859
0.5052631578947384,0.04873383
0.5,0.0081766965
0.5052631578947455,0.0007873914
0.638655462184874,0.016632397
0.6750700280112045,0.018844236
0.803921568627451,0.057067417
0.3529411764705882,0.06514869
0.3949579831932774,0.0073031913
0.0,0.0016223557
0.3277310924369748,-0.012185844
0.0,-0.006676539
0.0,0.013729001
0.0,0.004244078
0.1326530612244916,-0.0028143893
0.2551020408163218,0.011709351
0.1224489795918355,0.014765273
0.1224489795918355,0.054454323
0.1122448979591794,0.029118713
0.0,-0.015828094
0.112244897959183,-0.011980349
0.0,0.002842191
0.0,-0.024714721
0.0,0.023191717
0.690140845070423,0.017494055
0.943661971830986,-0.021274198
0.9577464788732392,0.014830278
0.9718309859154928,0.021341478
0.9859154929577464,0.029313494
0.9859154929577466,-0.023838134
0.9859154929577468,0.04356687
0.971830985915493,0.0096648885
0.9859154929577464,0.03997775
0.9859154929577464,0.031435777
0.0,0.029537931
1.0454545454545396,0.034635514
0.2272727272727266,-0.008781007
0.0909090909090934,0.020226456
0.0,0.020106386
0.0,-0.018085014
0.0909090909090899,0.024377396
0.3636363636363597,0.016308967
0.2272727272727266,-0.03338963
0.3636363636363597,0.015204465
0.4043478260869566,0.002010147
0.3319327731092443,0.01554445
0.3441295546558702,0.020358756
0.336032388663968,-0.004844402
0.344129554655872,-0.021012655
0.3400809716599191,0.050556358
0.3198380566801617,0.04005019
0.3117408906882595,-0.024619447
0.2995951417004052,-0.013963653
0.283400809716599,0.019757636
0.3526315789473742,-0.009530272
0.3736842105263136,0.026233826
0.4157894736842138,0.0047782017
0.473684210526315,0.008488313
0.4842105263157918,0.0026886056
0.4947368421052687,0.002150341
0.5052631578947384,-0.020032343
0.5,0.0490331
0.5052631578947384,0.010706922
0.5157894736842152,-0.010658734
0.6750700280112045,0.020147454
0.8039215686274509,0.022874318
0.3529411764705883,0.05499199
0.3949579831932773,0.06276203
0.0,0.014978104
0.3277310924369747,0.004297995
0.0,-0.01214146
0.0,-0.0042578997
0.0,0.013595504
0.350140056022409,0.011985112
0.2551020408163253,0.00090120087
0.1224489795918302,0.023967357
0.1224489795918355,0.017192457
0.112244897959183,0.04944821
0.0,0.030527227
0.112244897959183,-0.012341775
0.0,-0.010610258
0.0,-0.0038751
0.0,-0.029008996
0.1530612244897966,0.02736268
0.943661971830986,0.017982908
0.9577464788732396,-0.026645185
0.9718309859154928,0.013924848
0.9859154929577464,0.029170489
0.9859154929577464,0.032098744
0.9859154929577466,-0.024727905
0.971830985915493,0.045557544
0.9859154929577464,0.007880481
0.9859154929577464,0.04590915
0.9859154929577464,0.024838122
1.0454545454545432,0.024602469
0.2272727272727266,0.028922688
0.0909090909090863,-0.0038775448
0.0,0.021607077
0.0,0.024668898
0.0909090909090863,-0.031241788
0.3636363636363633,0.029184882
0.2272727272727266,0.011845056
0.3636363636363597,-0.042930376
0.1818181818181798,0.018798878
0.3086956521739132,0.0027806126
0.3193277310924358,0.020071749
0.3360323886639671,0.021272615
0.3441295546558702,-0.0062377444
0.3400809716599191,-0.020175869
0.3198380566801617,0.046146065
0.3117408906882577,0.036920052
0.2995951417004061,-0.01847428
0.283400809716599,-0.017619245
0.2712550607287447,0.008303865
0.3736842105263207,-0.013536223
0.4157894736842067,0.022990271
0.4736842105263221,0.008416241
0.484210526315799,0.0047149174
0.4947368421052687,0.013837989
0.5052631578947455,-0.0017335139
0.5000000000000071,-0.01589274
0.5052631578947384,0.04399437
0.5157894736842152,0.005620615
0.5368421052631618,-0.009388423
0.803921568627451,0.013172375
0.3529411764705882,0.017022308
0.3949579831932773,0.047952324
0.0,0.067253955
0.3277310924369749,0.025289714
0.0,0.004229123
0.0,-0.015575696
0.0,-0.009543488
0.350140056022409,0.013145161
0.3921568627450981,0.0017577333
0.1224489795918373,0.013692391
0.1224489795918302,0.027139088
0.112244897959183,0.023267942
0.0,0.039788313
0.1122448979591794,0.03538374
0.0,-0.006261004
0.0,-0.017037041
0.0,-0.00076884776
0.1530612244897948,-0.030200865
0.1224489795918355,0.029563246
0.95774647887324,0.01708876
0.971830985915493,-0.025340253
0.9859154929577464,-0.0017204192
0.9859154929577464,0.027393125
0.9859154929577464,0.024696957
0.971830985915493,-0.020937555
0.9859154929577468,0.055205766
0.9859154929577464,0.002336375
0.9859154929577464,0.03689594
0.9859154929577464,0.013223683
0.2272727272727266,0.014821923
0.0909090909090934,0.025114765
0.0,-0.0010159286
0.0,0.020927822
0.0909090909090934,0.026637884
0.3636363636363597,-0.030600434
0.2272727272727266,0.032825977
0.3636363636363597,0.004611063
0.1818181818181869,-0.036707763
0.0454545454545396,0.015099443
0.2956521739130444,0.0007376957
0.3109243697478998,0.026512444
0.3441295546558702,0.012650745
0.3400809716599191,-0.00063824863
0.3198380566801617,-0.02689066
0.3117408906882595,0.039210666
0.2995951417004043,0.039867964
0.2834008097165998,-0.016928157
0.2712550607287447,-0.005479622
0.2469635627530362,0.00287408
0.4157894736842138,-0.018427737
0.473684210526315,0.024570022
0.4842105263157918,0.011232654
0.4947368421052616,0.004026179
0.5052631578947455,0.0014743862
0.5000000000000071,-0.0058128685
0.5052631578947384,-0.009757235
0.5157894736842081,0.039134476
0.5368421052631618,0.0031104935
0.5578947368421083,0.002203043
0.3529411764705882,0.022489099
0.3949579831932773,0.026225753
0.0,0.04063351
0.3277310924369748,0.06618471
0.0,0.020528013
0.0,-0.0009060651
0.0,1.0836637e-05
0.3501400560224089,-0.00810998
0.3921568627450981,0.009833077
0.0,-0.002922624
0.1224489795918373,0.018552316
0.1122448979591794,0.008163625
0.0,0.029968746
0.112244897959183,0.041490603
0.0,0.037612736
0.0,-0.0032045003
0.0,-0.04090999
0.1530612244897895,0.009855341
0.1224489795918355,-0.01620746
0.0,0.028615355
0.971830985915493,0.016572231
0.9859154929577464,-0.027458172
0.9859154929577464,0.018672768
0.9859154929577464,0.03191152
0.971830985915493,0.03331402
0.9859154929577466,-0.02585957
0.9859154929577468,0.048793945
0.9859154929577464,-0.008452644
0.9859154929577464,0.030885944
0.9859154929577464,0.037753955
0.0909090909090899,0.012718736
0.0,0.033015635
0.0,-0.0003649944
0.0909090909090934,0.027579643
0.3636363636363668,0.044271737
0.2272727272727266,-0.032476097
0.3636363636363633,0.041715823
0.1818181818181869,-0.0047488837
0.0454545454545396,-0.03615665
0.0,0.02230819
0.2869565217391319,0.0018920903
0.3193277310924358,0.018112706
0.3400809716599191,0.016974963
0.3198380566801617,-0.013050396
0.3117408906882595,-0.025408743
0.2995951417004043,0.039619833
0.2834008097165981,0.045095135
0.2712550607287465,-0.025901603
0.2469635627530362,-0.0008308309
0.2510121457489882,0.017299792
0.4736842105263221,-0.014720643
0.4842105263157918,0.019643579
0.4947368421052616,0.019194223
0.5052631578947455,-0.015448007
0.5,0.015521228
0.5052631578947455,0.0035299975
0.5157894736842223,-0.005653709
0.5368421052631618,0.029605186
0.5578947368421083,0.014467637
0.6157894736842167,-0.010801978
0.3949579831932773,0.023095625
0.0,0.039424654
0.3277310924369748,0.04077773
0.0,0.057633426
0.0,0.035991885
0.0,0.0057911808
0.3501400560224089,0.00056098856
0.392156862745098,-0.0110092405
0.0,0.00973075
0.0,0.010114295
0.112244897959183,0.020628368
0.0,0.018870156
0.112244897959183,0.030269595
0.0,0.025871864
0.0,0.030835878
0.0,0.022035034
0.1530612244897966,-0.037386976
0.1224489795918302,0.0032269983
0.0,-0.023177505
0.0,0.01759444
0.9859154929577468,0.016048653
0.9859154929577464,-0.027162585
0.9859154929577464,0.01960719
0.9718309859154928,0.047449794
0.9859154929577464,0.035814714
0.9859154929577466,-0.020325994
0.9859154929577468,0.05903554
0.9859154929577464,-0.0059525194
0.9859154929577464,0.033953026
0.957746478873239,0.021226987
0.0,0.01264011
0.0,0.026054038
0.0909090909090863,0.011546077
0.3636363636363597,0.03426816
0.2272727272727266,0.041108523
0.3636363636363597,-0.028969498
0.1818181818181834,0.058372717
0.0454545454545431,-0.026611311
0.0,-0.04854594
0.0454545454545396,0.034115054
0.2956521739130444,-0.006999721
0.3151260504201669,0.012546485
0.3198380566801617,0.01129912
0.3117408906882595,-0.012834846
0.2995951417004043,-0.03410234
0.2834008097165998,0.036431573
0.2712550607287447,0.045863748
0.2469635627530362,-0.013724783
0.2510121457489873,0.0050832434
0.2550607287449393,0.0071910247
0.4842105263157918,-0.020481262
0.4947368421052616,0.027854497
0.5052631578947384,0.010281488
0.5,-0.010736021
0.5052631578947455,0.02895679
0.5157894736842223,0.0062136413
0.5368421052631618,-0.0115959495
0.5578947368421083,0.031641714
0.6157894736842167,0.0020060777
0.6368421052631632,-0.0007471135
0.0,0.0035567335
0.3277310924369747,0.04013226
0.0,0.032737333
0.0,0.056774817
0.0,0.042312868
0.3501400560224089,0.011958885
0.392156862745098,-0.0005279179
0.0,-0.0074056685
0.0,0.0090547325
0.0,-0.0017218408
0.0,0.040412616
0.1122448979591794,0.02850132
0.0,0.029351152
0.0,0.034181558
0.0,0.036052883
0.1530612244897931,0.019829413
0.1224489795918373,-0.034052752
0.0,0.0006145509
0.0,-0.020482466
0.0,0.032380734
0.9859154929577468,0.008004489
0.9859154929577464,-0.02244574
0.9718309859154928,0.0071157347
0.9859154929577464,0.036695097
0.9859154929577464,0.030862993
0.9859154929577466,-0.01799079
0.9859154929577468,0.06055512
0.9859154929577464,-0.0021188261
0.9577464788732392,0.02236577
0.8732394366197185,0.025983319
0.0,0.009281054
0.0909090909090934,0.02266191
0.3636363636363597,0.025306826
0.2272727272727266,0.036995802
0.3636363636363668,0.03920897
0.1818181818181869,-0.024693733
0.0454545454545396,0.046982426
0.0,-0.022810299
0.0454545454545396,-0.039307024
0.0,0.030665295
0.2913043478260864,-0.0061334264
0.2941176470588225,0.030845013
0.3117408906882595,0.009232702
0.2995951417004043,-0.00744869
0.2834008097165998,-0.052958872
0.2712550607287447,0.027563093
0.2469635627530344,0.041630927
0.2510121457489891,-0.008050541
0.2550607287449393,0.018507132
0.2874493927125501,0.011685252
0.4947368421052616,-0.0066733505
0.5052631578947384,0.025316862
0.5,0.012906076
0.5052631578947455,-0.0005610023
0.5157894736842223,0.020982258
0.5368421052631618,-0.0045369957
0.5578947368421083,0.0033319634
0.6157894736842096,0.035748914
0.6368421052631632,-0.0037224204
0.6684210526315866,0.010579728
0.3277310924369748,0.011481729
0.0,0.046362624
0.0,0.026907988
0.0,0.056442406
0.350140056022409,0.037770186
0.392156862745098,0.00438469
0.0,0.00916222
0.0,0.0059559187
0.0,0.007997084
0.6022408963585434,-0.009883071
0.112244897959183,0.028790567
0.0,0.007112397
0.0,0.036534317
0.0,0.029761078
0.1530612244897966,0.044938315
0.1224489795918337,0.014179492
0.0,-0.05902318
0.0,0.00016624632
0.0,-0.012875495
0.2551020408163253,0.04115507
0.9859154929577468,0.007802259
0.971830985915493,-0.017390136
0.9859154929577464,0.016766
0.9859154929577464,0.0389055
0.9859154929577464,0.027134432
0.9859154929577466,-0.01639473
0.9859154929577468,0.049627006
0.9577464788732396,-0.017311228
0.873239436619718,0.029179381
0.8591549295774645,0.03728225
0.0909090909090899,-0.0029869794
0.3636363636363597,0.033091962
0.2272727272727266,0.020698017
0.3636363636363597,0.03436522
0.1818181818181869,0.047425993
0.0454545454545467,-0.0293823
0.0,0.054769438
0.0454545454545431,-0.026381617
0.0,-0.030450718
0.0,0.036797117
0.269565217391305,-0.004825386
0.2857142857142847,0.029769706
0.2995951417004052,0.005452726
0.283400809716599,-0.026793458
0.2712550607287447,-0.034622453
0.2469635627530362,0.02671044
0.2510121457489873,0.045522366
0.2550607287449402,-0.023501558
0.2874493927125501,0.021890372
0.2793522267206478,0.0053197136
0.5052631578947384,-0.01685149
0.5,0.009429304
0.5052631578947384,0.018234165
0.5157894736842152,-0.017921591
0.5368421052631618,0.025608309
0.5578947368421154,0.0022762534
0.6157894736842167,0.014613192
0.6368421052631632,0.026601225
0.6684210526315795,0.00014839286
0.70000000000001,0.0077257906
0.0,0.03352802
0.0,0.05356775
0.0,0.032931477
0.350140056022409,0.055945434
0.3921568627450981,0.047778323
0.0,-0.001686167
0.0,0.023404442
0.0,-0.008842415
0.6022408963585435,0.004753431
0.6246498599439776,0.007201159
0.0,0.013657057
0.0,0.026086936
0.0,0.024952566
0.1530612244897966,0.017804746
0.1224489795918337,0.030142631
0.0,0.022766797
0.0,-0.038588498
0.0,0.0028825714
0.2551020408163253,-0.010854458
0.3571428571428576,0.01694735
0.971830985915493,0.005105803
0.9859154929577464,-8.219399e-05
0.9859154929577464,0.03080776
0.9859154929577464,0.03931861
0.9859154929577464,0.022525758
0.9859154929577466,-0.023290101
0.95774647887324,0.061592314
0.873239436619718,-0.016830442
0.8591549295774645,0.03784568
0.788732394366197,0.030012814
0.3636363636363633,0.0038010378
0.2272727272727266,0.028202793
0.3636363636363597,0.0329543
0.1818181818181798,0.04352164
0.0454545454545396,0.059467096
0.0,-0.032276593
0.0454545454545396,0.06246544
0.0,-0.041214693
0.0,-0.044934176
0.0,0.045854285
0.2608695652173907,-0.0055448366
0.273109243697478,0.006075492
0.283400809716599,0.004638184
0.2712550607287447,-0.021974718
0.2469635627530362,-0.027191894
0.2510121457489873,0.027365781
0.2550607287449402,0.06537776
0.287449392712551,0.010202182
0.2793522267206478,0.020427484
0.2914979757085021,0.0084818145
0.5000000000000071,-0.015661186
0.5052631578947384,0.01389881
0.5157894736842152,0.030290382
0.5368421052631618,-0.02201512
0.5578947368421154,0.028503224
0.6157894736842167,-0.009234465
0.6368421052631632,0.0048246565
0.6684210526315795,0.03196178
0.70000000000001,-0.0029386142
0.70000000000001,0.007193851
0.0,0.018772574
0.0,0.06403004
0.350140056022409,0.02585483
0.3921568627450981,0.07140298
0.0,0.06108798
0.0,0.0036845847
0.0,0.013891293
0.6022408963585434,-0.017692955
0.6246498599439777,0.01771899
0.6106442577030813,-0.0012910867
0.0,0.041001998
0.0,0.02858197
0.1530612244897948,0.021002026
0.1224489795918355,0.021857435
0.0,0.036497004
0.0,0.027520271
0.0,-0.036362424
0.2551020408163218,0.008938057
0.3571428571428559,-0.015005114
0.3367346938775526,0.031770036
0.9859154929577468,0.013453536
0.9859154929577464,-0.0054362444
0.9859154929577464,0.022619192
0.9859154929577464,0.04522676
0.9859154929577464,0.026517704
0.9577464788732396,-0.013774147
0.8732394366197185,0.06564755
0.859154929577465,-0.01807057
0.788732394366197,0.03434934
0.7183098591549291,0.037892945
0.2272727272727266,-0.007342099
0.3636363636363597,0.0321232
0.1818181818181869,0.04314792
0.0454545454545396,0.03971192
0.0,0.066263005
0.0454545454545467,-0.019151285
0.0,0.063355125
0.0,-0.038566682
0.0,-0.035888486
0.0,0.052573908
0.2478260869565218,-0.012726669
0.2563025210084024,0.021340057
0.2712550607287447,0.0042364737
0.2469635627530362,-0.015943682
0.2510121457489891,-0.04608118
0.2550607287449402,0.016976548
0.287449392712551,0.068405785
0.2793522267206487,0.006220271
0.2914979757085021,0.030968817
0.3198380566801617,0.019426294
0.5052631578947384,-0.0066777756
0.5157894736842081,0.019766562
0.5368421052631618,0.042489067
0.5578947368421083,-0.029877745
0.6157894736842167,0.027790576
0.6368421052631632,-0.01266694
0.6684210526315866,0.011350685
0.7000000000000028,0.04069704
0.70000000000001,-0.0152052045
0.7052631578947341,-0.0010411555
0.0,0.021803077
0.3501400560224089,0.07020668
0.3921568627450981,0.026249982
0.0,0.079611726
0.0,0.066963226
0.0,-0.0012521336
0.6022408963585435,0.014773889
0.6246498599439776,-0.0015468055
0.6106442577030813,0.019270433
0.6358543417366946,-0.0049620746
0.0,0.05128685
0.1530612244897895,0.026084764
0.1224489795918355,0.033049658
0.0,0.026348315
0.0,0.035651702
0.0,0.018385245
0.2551020408163253,-0.037166756
0.3571428571428541,0.0010759365
0.3367346938775526,-0.018738814
0.3061224489795915,0.031535637
0.9859154929577468,0.018322831
0.9859154929577464,-0.0041243993
0.9859154929577464,0.023059253
0.9859154929577464,0.053343546
0.9577464788732396,0.023453979
0.8732394366197185,-0.012751465
0.859154929577465,0.068631776
0.788732394366197,-0.013954307
0.7183098591549295,0.042105034
0.605633802816901,0.041814722
0.3636363636363633,-0.012039893
0.1818181818181869,0.03419153
0.0454545454545396,0.043614253
0.0,0.03614606
0.0454545454545396,0.07802168
0.0,-0.024756387
0.0,0.070355445
0.0,-0.02527833
0.0,-0.02520248
0.0,0.042691667
0.230434782608695,-0.012558113
0.2436974789915957,0.02973771
0.2469635627530362,-0.0013082519
0.2510121457489882,-0.025628356
0.2550607287449402,-0.049622465
0.287449392712551,0.008838313
0.2793522267206487,0.084435076
0.2914979757085039,-0.006770919
0.3198380566801617,0.027300976
0.3927125506072872,0.014123569
0.5157894736842223,-0.01874595
0.5368421052631618,0.030857313
0.5578947368421083,0.039551005
0.6157894736842167,-0.03178142
0.6368421052631632,0.017898563
0.6684210526315866,-0.013003254
0.7000000000000028,0.000502697
0.7000000000000028,0.030918136
0.7052631578947413,-0.010815333
0.6842105263157876,0.0125408545
0.3501400560224089,0.017929131
0.392156862745098,0.06804954
0.0,0.027894903
0.0,0.08444531
0.0,0.06059595
0.6022408963585434,-0.0040521445
0.6246498599439776,0.011106613
0.6106442577030812,-0.023662183
0.6358543417366948,0.021477673
0.6554621848739496,-0.0020358004
0.1530612244897966,0.060394946
0.1224489795918302,0.02376235
0.0,0.025702585
0.0,0.011971132
0.0,0.03876808
0.2551020408163289,0.032644738
0.3571428571428576,-0.03826085
0.336734693877549,0.011857346
0.3061224489795915,-0.0129935015
0.2959183673469407,0.023762643
0.9859154929577468,0.012304399
0.9859154929577464,0.006058365
0.9859154929577464,0.03194704
0.957746478873239,0.057700645
0.8732394366197184,0.035244394
0.8591549295774649,-0.009559042
0.7887323943661975,0.07924636
0.7183098591549295,-0.021580141
0.6056338028169015,0.036334783
0.5070422535211265,0.036406785
0.1818181818181834,0.0021496485
0.0454545454545431,0.031257007
0.0,0.051348962
0.0454545454545396,0.043850843
0.0,0.06919308
0.0,-0.018739786
0.0,0.081677295
0.0,-0.045946725
0.0,-0.03876482
0.0,0.05370332
0.2173913043478261,-0.011096548
0.2184873949579806,0.013443476
0.2510121457489873,0.0054536676
0.2550607287449393,-0.013782467
0.287449392712551,-0.064270474
0.2793522267206487,0.021461174
0.2914979757085003,0.088765986
0.3198380566801635,-0.00074967684
0.3927125506072872,0.029425899
0.4615384615384617,0.027125996
0.5368421052631618,-0.026367433
0.5578947368421083,0.038100194
0.6157894736842167,0.032516982
0.6368421052631632,-0.039413426
0.6684210526315795,0.010959226
0.70000000000001,-0.0039614625
0.7000000000000028,-0.009555063
0.7052631578947341,0.040023062
0.6842105263157947,-0.0048380326
0.673684210526325,0.00045352778
0.392156862745098,0.010921038
0.0,0.06399594
0.0,0.033829454
0.0,0.08855865
0.6022408963585435,0.058726538
0.6246498599439776,0.001073022
0.6106442577030813,0.0026438686
0.6358543417366946,-0.03126469
0.6554621848739497,0.035114262
0.5826330532212886,-0.0079277335
0.1224489795918373,0.06831107
0.0,0.01665927
0.0,0.031812318
0.0,0.027392786
0.2551020408163253,0.02385762
0.3571428571428576,0.033003412
0.3367346938775526,-0.03965289
0.3061224489795862,0.020224463
0.295918367346939,-0.010465692
0.3061224489795915,0.029072061
0.9859154929577468,0.025688885
0.9859154929577464,-0.0003889558
0.9577464788732392,0.034093216
0.8732394366197185,0.058388118
0.8591549295774648,0.032465223
0.7887323943661972,-0.016195012
0.71830985915493,0.086568005
0.6056338028169015,-0.018219428
0.507042253521127,0.036923815
0.5352112676056335,0.04159635
0.0454545454545396,-0.0009779804
0.0,0.03490187
0.0454545454545396,0.04206553
0.0,0.056860235
0.0,0.07756686
0.0,0.004611319
0.0,0.07233315
0.0,-0.02998225
0.0,-0.025334857
0.0,0.053873613
0.1913043478260867,-0.020731464
0.2226890756302513,0.018777538
0.2550607287449393,0.0005215653
0.2874493927125501,0.002283188
0.2793522267206469,-0.070675634
0.2914979757085021,0.028562602
0.3198380566801617,0.087341025
0.392712550607289,-0.0035355927
0.4615384615384617,0.043150976
0.4453441295546554,0.04629401
0.5578947368421083,-0.015876599
0.6157894736842096,0.06341857
0.6368421052631632,0.033823702
0.6684210526315866,-0.045333765
0.70000000000001,0.0043886774
0.70000000000001,0.0002661412
0.7052631578947341,-0.015560144
0.6842105263157876,0.038420632
0.673684210526325,-0.017862255
0.6421052631578945,0.0041534808
0.0,0.0032723532
0.0,0.062133357
0.0,0.042662088
0.6022408963585434,0.077957936
0.6246498599439777,0.0461054
0.6106442577030812,0.0004696208
0.6358543417366948,-0.010579738
0.6554621848739495,-0.035445623
0.5826330532212886,0.0045486083
0.5462184873949579,0.0034094285
0.0,0.06916964
0.0,-0.0048824092
0.0,0.029174535
0.2551020408163253,0.008264543
0.3571428571428576,0.04650829
0.3367346938775526,0.03520098
0.3061224489795933,-0.05325304
0.2959183673469354,-0.014173133
0.3061224489795915,-0.024032746
0.2755102040816322,0.021274783
0.9859154929577468,0.013067089
0.9577464788732396,-0.008693843
0.873239436619718,0.029785668
0.8591549295774645,0.05943314
0.7887323943661972,0.03962585
0.7183098591549297,-0.012717456
0.6056338028169019,0.08868447
0.5070422535211265,-0.03479713
0.535211267605634,0.029213814
0.436619718309859,0.015034185
0.0,-0.003546654
0.0454545454545431,0.028415058
0.0,0.026298815
0.0,0.050560936
0.0,0.0730782
0.0,-0.013006955
0.0,0.06271018
0.0,-0.036162265
0.0,-0.031228518
0.0,0.03566666
0.195652173913043,-0.010208785
0.2268907563025202,0.033251114
0.2874493927125501,0.011831224
0.2793522267206478,0.004438264
0.2914979757085021,-0.06451264
0.3198380566801617,0.05902729
0.3927125506072855,0.07410912
0.4615384615384634,-0.012432566
0.4453441295546554,0.0061349114
0.5020242914979756,0.03261196
0.6157894736842167,-0.027290815
0.6368421052631632,0.06618128
0.6684210526315795,0.024841217
0.70000000000001,-0.029788801
0.70000000000001,0.004008157
0.7052631578947484,0.00090764626
0.6842105263157947,-0.011280901
0.6736842105263179,0.025537604
0.6421052631579016,-0.019779027
0.6421052631578945,0.014514539
0.0,0.014289007
0.0,0.03914364
0.6022408963585435,0.060139548
0.6246498599439776,0.078659445
0.6106442577030813,0.035495576
0.6358543417366946,-0.006274808
0.6554621848739496,-0.0109832315
0.5826330532212884,-0.031911507
0.546218487394958,0.007777669
0.4705882352941176,0.0009128232
0.0,0.04557832
0.0,-0.0036156492
0.2551020408163253,0.027977446
0.3571428571428576,0.0046725348
0.3367346938775526,0.036564052
0.3061224489795933,0.034285896
0.295918367346939,-0.03731275
0.3061224489795862,0.0028709066
0.2755102040816322,-0.020338327
0.408163265306122,0.007924161
0.95774647887324,0.0067842714
0.873239436619718,-0.00089155755
0.8591549295774645,0.023982728
0.788732394366197,0.04681413
0.7183098591549296,0.035232536
0.6056338028169015,-0.023941899
0.507042253521127,0.08851167
0.5352112676056335,-0.020756368
0.4366197183098594,0.032437664
0.436619718309859,0.012613626
0.0454545454545396,0.018127602
0.0,0.022739412
0.0,0.027749024
0.0,0.04494875
0.0,0.059167095
0.0,-0.014423028
0.0,0.054215178
0.0,-0.043176755
0.0,-0.032892562
0.0,0.029161135
0.200000000000001,-0.009670318
0.2605042016806713,0.0015338067
0.2793522267206478,0.005238764
0.2914979757085021,0.011510237
0.3198380566801617,-0.060723107
0.3927125506072872,0.058261175
0.4615384615384617,0.08032251
0.4453441295546554,-0.006769416
0.5020242914979756,0.009559953
0.5182186234817809,0.040953476
0.6368421052631632,-0.004466162
0.6684210526315795,0.041458756
0.70000000000001,0.029917223
0.70000000000001,-0.029676242
0.7052631578947413,-0.004689371
0.6842105263157947,0.0056896904
0.673684210526325,-0.006816075
0.6421052631578945,0.033769365
0.6421052631579016,-0.0073453467
0.6631578947368411,0.01895367
0.0,0.011689247
0.6022408963585434,0.03607512
0.6246498599439777,0.07298146
0.6106442577030813,0.07763354
0.6358543417366948,0.04066446
0.6554621848739496,-0.004047676
0.5826330532212886,-0.02647042
0.5462184873949579,-0.03011658
0.4705882352941177,0.0052967384
0.453781512605042,-0.0004899752
0.0,0.042683106
0.2551020408163218,-0.011407655
0.3571428571428559,0.021433566
0.3367346938775526,0.028571846
0.3061224489795897,0.0410851
0.2959183673469425,0.015940772
0.3061224489795933,-0.041856408
0.2755102040816268,-0.002918107
0.408163265306122,-0.009661652
0.4693877551020389,0.013187789
0.8732394366197185,0.0060316036
0.859154929577465,-0.021644209
0.788732394366197,0.030062903
0.7183098591549291,0.026541619
0.6056338028169015,0.048799887
0.5070422535211268,-0.02328914
0.535211267605634,0.07697548
0.4366197183098594,-0.016005306
0.4366197183098594,0.039171666
0.436619718309859,0.028308354
0.0,0.028092567
0.0,0.03435335
0.0,0.0317154
0.0,0.024822963
0.0,0.0586234
0.0,0.010712386
0.0,0.045854498
0.0,-0.028344011
0.0,-0.011579923
0.0,0.014231905
0.234782608695653,-0.02986771
0.2521008403361335,0.0025185193
0.2914979757085021,0.011900952
0.3198380566801617,0.0045596557
0.3927125506072872,-0.051282257
0.4615384615384617,0.06890707
0.4453441295546554,0.06934993
0.5020242914979764,-0.018998522
0.5182186234817809,0.00059230137
0.4696356275303639,0.04783409
0.6684210526315866,0.0038798274
0.7000000000000028,0.050737564
0.70000000000001,0.034557074
0.7052631578947341,-0.019033656
0.6842105263157876,0.00037917076
0.673684210526325,0.01161532
0.6421052631579016,0.0070947814
0.6421052631578945,0.039701954
0.6631578947368482,-0.025333082
0.6894736842105331,0.018156448
0.6022408963585435,0.019606348
0.6246498599439776,0.02691481
0.6106442577030813,0.081794046
0.6358543417366946,0.07941856
0.6554621848739497,0.03807776
0.5826330532212884,-0.018698232
0.546218487394958,-0.030743277
0.4705882352941176,-0.0060288347
0.453781512605042,0.0014917979
0.4397759103641456,0.003700954
0.2551020408163253,0.02110644
0.3571428571428541,-0.020694178
0.3367346938775526,0.018602276
0.3061224489795915,0.025160914
0.295918367346939,0.052600916
0.3061224489795933,0.006108825
0.2755102040816339,-0.0258431
0.4081632653061184,-0.023734368
0.4693877551020406,-0.027483251
0.408163265306122,0.0064738193
0.859154929577465,-0.007463135
0.788732394366197,-0.009353625
0.7183098591549295,0.016773522
0.605633802816901,0.027175758
0.5070422535211268,0.05423653
0.535211267605634,-0.0280229
0.4366197183098594,0.06141111
0.4366197183098594,-0.007120261
0.4366197183098594,0.039563455
0.5070422535211265,0.020247163
0.0,0.039199214
0.0,0.022209868
0.0,0.026001805
0.0,0.015028832
0.0,0.05182461
0.0,-0.014546695
0.0,0.027831344
0.0,-0.022528175
0.0,-0.014291413
0.0,-0.0018899046
0.2260869565217405,-0.016676188
0.2647058823529402,-0.0019754786
0.3198380566801617,0.020916417
0.3927125506072872,0.009795535
0.4615384615384617,-0.02517004
0.4453441295546554,0.06552717
0.5020242914979764,0.07680823
0.5182186234817827,-0.007031057
0.4696356275303639,-0.02339244
0.4210526315789469,0.03461478
0.7000000000000028,0.0069724414
0.7000000000000028,0.02516186
0.7052631578947413,0.03947389
0.6842105263157876,-0.0093596075
0.673684210526325,0.0009258364
0.6421052631579016,-0.0016079919
0.6421052631579016,0.014128064
0.6631578947368411,0.037694033
0.689473684210526,-0.0029955674
0.7105263157894797,0.023290928
0.6246498599439776,0.017136686
0.6106442577030812,0.035966795
0.6358543417366948,0.09441718
0.6554621848739496,0.08529059
0.5826330532212887,0.05907699
0.5462184873949579,-0.017327867
0.4705882352941176,-0.029717773
0.4537815126050419,-0.023520904
0.4397759103641457,0.002213921
0.4425770308123249,0.008290337
0.3571428571428576,-0.0046311356
0.336734693877549,-0.020623302
0.3061224489795915,-0.0045878156
0.2959183673469407,0.021861456
0.3061224489795897,0.055550348
0.2755102040816339,0.0066076764
0.408163265306122,-0.014822759
0.4693877551020371,-0.0056389417
0.408163265306122,-0.041282378
0.3775510204081609,0.011346552
0.7887323943661975,-0.014582523
0.7183098591549295,-0.018888824
0.6056338028169015,0.017408382
0.5070422535211265,0.023237202
0.5352112676056338,0.041845836
0.4366197183098592,-0.023194285
0.4366197183098594,0.06306848
0.4366197183098594,0.00051317184
0.507042253521127,0.052044276
0.605633802816901,0.028496807
0.0,0.0407291
0.0,0.026692893
0.0,0.03483948
0.0,0.010899425
0.0,0.050506014
0.0,-0.03290734
0.0,0.028190786
0.0,-0.039326925
0.0,-0.021030946
0.0,0.0069978843
0.2391304347826075,-0.025577208
0.2941176470588225,-0.01130346
0.3927125506072872,0.01567543
0.4615384615384617,0.0025511256
0.4453441295546572,-0.016612308
0.5020242914979764,0.050735544
0.5182186234817827,0.079383686
0.4696356275303657,-0.013555955
0.4210526315789469,-0.020634074
0.3603238866396756,0.045473035
0.7000000000000028,0.022243872
0.7052631578947341,0.021661945
0.6842105263157947,0.03645815
0.673684210526325,0.008301987
0.6421052631578945,0.0019569397
0.6421052631579016,-0.013390892
0.6631578947368482,0.015021862
0.689473684210526,0.041153852
0.7105263157894726,-0.011920462
0.7315789473684262,0.011788115
0.6106442577030813,0.0316229
0.6358543417366946,0.020954566
0.6554621848739497,0.107045814
0.5826330532212886,0.0898548
0.546218487394958,0.04063387
0.4705882352941176,-0.009581378
0.453781512605042,-0.0364977
0.4397759103641456,-0.0042577675
0.442577030812325,0.01669591
0.4565826330532213,0.010049087
0.3367346938775526,-0.02153943
0.3061224489795862,-0.01826443
0.295918367346939,0.0005164166
0.3061224489795915,0.05178123
0.2755102040816339,0.04697922
0.408163265306122,-0.012231197
0.4693877551020406,0.01290963
0.4081632653061184,0.006995003
0.3775510204081627,-0.049119256
0.1938775510204085,0.012356101
0.71830985915493,0.010651476
0.6056338028169015,-0.023562526
0.507042253521127,0.020377006
0.5352112676056335,0.027738476
0.4366197183098592,0.04318968
0.4366197183098592,-0.0357876
0.4366197183098594,0.05026435
0.5070422535211265,0.027472798
0.6056338028169015,0.06661233
0.732394366197183,0.045082413
0.0,0.05125112
0.0,0.027146246
0.0,0.026854966
0.0,-0.0045372294
0.0,0.044486564
0.0,-0.03179521
0.0,0.01033147
0.0,-0.004547555
0.0,-0.010863121
0.0,-0.0009681083
0.269565217391305,-0.029249417
0.3697478991596625,-0.028699998
0.4615384615384617,0.0112622455
0.4453441295546554,0.0042044045
0.5020242914979764,-0.0015092801
0.5182186234817827,0.05191484
0.4696356275303639,0.07624293
0.4210526315789487,-0.022135425
0.3603238866396765,-0.024760636
0.2914979757085021,0.045144532
0.7052631578947341,0.015654732
0.6842105263157876,0.03115356
0.673684210526325,0.03644251
0.6421052631578945,-0.0045879274
0.6421052631578945,-0.016801883
0.6631578947368482,-0.0076637142
0.6894736842105331,-0.004075419
0.7105263157894726,0.031269
0.7315789473684191,-0.001234464
0.7789473684210577,0.024897883
0.6358543417366948,0.021020342
0.6554621848739495,0.015334024
0.5826330532212886,0.116290726
0.5462184873949579,0.078360274
0.4705882352941177,0.032845125
0.4537815126050419,-0.03172949
0.4397759103641456,-0.029726975
0.4425770308123249,-0.023922738
0.4565826330532213,-0.0058328155
0.0,0.024224497
0.3061224489795933,-0.026429452
0.2959183673469354,-0.00082128576
0.3061224489795915,-0.010571499
0.2755102040816322,0.043478295
0.408163265306122,0.03943241
0.4693877551020406,-0.0076054805
0.408163265306122,-0.0052750222
0.3775510204081591,-0.014579907
0.1938775510204085,-0.0292052
0.0,0.010301869
0.6056338028169019,-0.009830229
0.5070422535211265,-0.02263351
0.535211267605634,0.035441067
0.436619718309859,0.027290478
0.4366197183098592,0.058375966
0.4366197183098592,-0.013337692
0.507042253521127,0.059267566
0.6056338028169015,0.0034523648
0.732394366197183,0.0764663
0.816901408450704,0.044908244
0.0,0.052430466
0.0,0.02227561
0.0,0.022691641
0.0,-0.0025629287
0.0,0.033074662
0.0,-0.04408127
0.0,0.013831097
0.0,-0.014145741
0.0,-0.037525713
0.0,0.0032886826
0.3478260869565215,-0.031676404
0.4411764705882337,-0.009705122
0.4453441295546554,0.03245021
0.5020242914979756,-0.001619721
0.5182186234817827,-0.0046148263
0.4696356275303639,0.06325614
0.4210526315789469,0.075593166
0.3603238866396765,-0.019047027
0.2914979757085021,-0.050488997
0.2388663967611339,0.04452795
0.6842105263157947,0.012699781
0.6736842105263179,0.040352926
0.6421052631579016,0.020500712
0.6421052631578945,0.011702628
0.6631578947368553,0.0012083736
0.6894736842105331,-0.0026878738
0.7105263157894797,-0.00022504688
0.7315789473684191,0.035630427
0.7789473684210577,-0.008451741
0.7789473684210577,0.008869704
0.6554621848739496,0.0077264393
0.5826330532212884,-0.003131698
0.546218487394958,0.11891923
0.4705882352941176,0.08253514
0.4537815126050421,0.044518735
0.4397759103641456,-0.023767328
0.4425770308123249,-0.02163464
0.4565826330532213,-0.02346382
0.0,0.022784073
0.3081232492997199,0.013962171
0.295918367346939,-0.024036119
0.3061224489795862,-0.01315478
0.2755102040816322,-0.014671046
0.408163265306122,0.07988886
0.4693877551020406,0.027998656
0.408163265306122,-0.0076979124
0.3775510204081627,1.1047814e-06
0.1938775510204067,0.014985574
0.0,-0.039125875
0.1326530612244898,0.006935078
0.507042253521127,0.0017949671
0.5352112676056335,-0.00916239
0.4366197183098594,0.026737979
0.436619718309859,0.027065273
0.4366197183098592,0.05308103
0.5070422535211268,-0.010642628
0.6056338028169019,0.05291579
0.732394366197183,0.023135224
0.8169014084507045,0.051128794
0.8873239436619715,0.058633607
0.0,0.05137684
0.0,0.001155596
0.0,0.019962123
0.0,0.004387981
0.0,0.030310972
0.0,-0.02970941
0.0,0.022096137
0.0,-0.0038459762
0.0,-0.036125995
0.0,0.0066095497
0.4217391304347835,-0.04629998
0.4243697478991581,-0.035564583
0.5020242914979756,0.021084694
0.5182186234817809,0.0096376985
0.4696356275303657,0.008965954
0.4210526315789487,0.050175004
0.3603238866396747,0.08340984
0.2914979757085039,-0.01317861
0.2388663967611339,-0.014980528
0.2024291497975712,0.048721887
0.673684210526325,-0.011023724
0.6421052631578945,0.07464784
0.6421052631579016,0.010229168
0.6631578947368411,0.0059741875
0.6894736842105331,-0.020007864
0.7105263157894726,0.004226135
0.7315789473684191,-0.015387594
0.7789473684210577,0.024426417
0.7789473684210577,-0.013838941
0.7894736842105274,-0.0072840876
0.5826330532212886,0.004334622
0.5462184873949579,6.600394e-05
0.4705882352941177,0.0997504
0.453781512605042,0.08733279
0.4397759103641457,0.02482701
0.4425770308123249,-0.0011721789
0.4565826330532213,-0.0086759245
0.0,-0.010426513
0.3081232492997199,0.023291763
0.2969187675070028,0.008716425
0.3061224489795933,-0.004827184
0.2755102040816268,-0.008982561
0.408163265306122,0.00061998726
0.4693877551020389,0.05762251
0.408163265306122,0.022326432
0.3775510204081627,-0.009755194
0.1938775510204138,-0.013304913
0.0,-0.0002671196
0.1326530612244916,-0.040389396
0.112244897959183,0.027844697
0.535211267605634,0.011416346
0.4366197183098594,-0.016737623
0.4366197183098594,0.032348793
0.436619718309859,0.022976654
0.5070422535211268,0.053021323
0.6056338028169015,-0.011921731
0.732394366197183,0.052558456
0.816901408450704,0.005137764
0.887323943661972,0.0498956
0.9295774647887324,0.056180324
0.0,0.007829838
0.0,0.025111021
0.0,0.00027197762
0.0,0.008971008
0.0,0.02938198
0.0,-0.009085319
0.0,0.027852297
0.0,0.010729661
0.0,-0.052083377
0.0,0.024993377
0.4043478260869566,-0.031381976
0.4831932773109244,0.006642559
0.5182186234817809,0.017607091
0.4696356275303639,0.0001995347
0.4210526315789487,-0.043779157
0.3603238866396765,0.052608825
0.2914979757085003,0.07432237
0.2388663967611339,-0.02652917
0.2024291497975703,0.004439948
0.1740890688259107,0.027697897
0.6421052631579016,-0.021710249
0.6421052631578945,0.090472445
0.6631578947368482,-0.014407262
0.6894736842105331,0.021490034
0.7105263157894726,-0.02677901
0.7315789473684333,0.021380894
0.7789473684210577,-0.048220232
0.7789473684210577,0.03303992
0.7894736842105274,0.009484318
0.7684210526315809,-0.019010527
0.546218487394958,-0.00018253794
0.4705882352941176,-0.012111765
0.453781512605042,0.08721567
0.4397759103641456,0.057586044
0.442577030812325,-0.0015781282
0.4565826330532212,-0.020871483
0.0,-0.008859753
0.3081232492997198,-0.022183053
0.2969187675070028,0.029714983
0.0,0.02269832
0.2755102040816339,0.006819246
0.4081632653061184,-0.0033464467
0.4693877551020406,0.0077903606
0.408163265306122,0.042957373
0.3775510204081627,0.016541226
0.1938775510204067,0.0046483222
0.0,-0.026883632
0.1326530612244916,0.0036308058
0.112244897959183,-0.044104468
0.0,0.030374777
0.4366197183098594,-0.014989698
0.4366197183098594,-0.03255282
0.4366197183098594,0.02430918
0.5070422535211265,0.016769307
0.6056338028169015,0.0514828
0.7323943661971831,0.00902438
0.8169014084507045,0.05831474
0.887323943661972,-0.026196875
0.9295774647887324,0.040640753
0.9718309859154928,0.022770919
0.0,0.028456353
0.0,0.027359985
0.0,-0.0148971025
0.0,0.028331669
0.0,0.032200802
0.0,-0.015277547
0.0,0.03109847
0.0,-0.004563033
0.0,-0.06716191
0.0,0.028231066
0.465217391304348,-0.01238613
0.4999999999999982,-0.0054848683
0.4696356275303639,0.014148813
0.4210526315789469,-0.003138984
0.3603238866396765,-0.057320196
0.2914979757085021,0.08163324
0.2388663967611322,0.053215742
0.2024291497975721,-0.010689529
0.1740890688259107,0.0041760085
0.1659919028340075,0.014226287
0.6421052631579016,-0.017520867
0.6631578947368411,0.032587744
0.689473684210526,0.0030942175
0.7105263157894797,0.018449523
0.7315789473684262,-0.003849639
0.7789473684210648,-0.003349498
0.7789473684210577,-0.029925287
0.7894736842105274,0.042944442
0.7684210526315809,0.022453032
0.7263157894736878,0.0017141283
0.4705882352941176,0.0054603447
0.4537815126050419,-0.013714685
0.4397759103641457,0.06159943
0.4425770308123249,0.062697805
0.4565826330532214,0.02114887
0.0,-0.0014454136
0.3081232492997199,-0.012955236
0.2969187675070027,-0.03474787
0.0,0.022649545
0.0,0.012165547
0.408163265306122,-0.001432994
0.4693877551020371,0.01869224
0.408163265306122,0.0014374511
0.3775510204081609,0.04576918
0.1938775510204102,0.030323926
0.0,-0.0038675861
0.1326530612244916,-0.026746772
0.1122448979591794,0.0072546327
0.0,-0.036811333
0.0,0.0139478855
0.4366197183098594,0.008029059
0.4366197183098594,-0.037560824
0.507042253521127,-0.004417603
0.605633802816901,-0.0042044185
0.7323943661971831,0.012741994
0.8169014084507042,0.010066646
0.887323943661972,0.045263164
0.9295774647887324,-0.010734735
0.9718309859154928,0.019668566
0.9718309859154928,0.02132941
0.0,0.012017208
0.0,0.01799034
0.0,-0.017144034
0.0,0.01475011
0.0,0.013854654
0.0,-0.008867109
0.0,0.04272171
0.0,-0.00317168
0.0,-0.049192637
0.0,0.021469057
0.4826086956521749,-0.0043241354
0.4495798319327715,0.00470886
0.4210526315789469,0.011323974
0.3603238866396756,-0.004726526
0.2914979757085021,-0.029170044
0.2388663967611339,0.052213155
0.2024291497975703,0.04478843
0.1740890688259124,-0.009334371
0.1659919028340075,0.007231527
0.1659919028340075,0.008533822
0.6631578947368482,-0.025062665
0.689473684210526,0.030002723
0.7105263157894726,0.0036832218
0.7315789473684262,0.014681266
0.7789473684210648,-0.010521049
0.7789473684210648,0.012153456
0.7894736842105274,-0.007891043
0.7684210526315809,0.039394505
0.7263157894736878,0.018473411
0.6947368421052644,-0.008248514
0.453781512605042,0.022548622
0.4397759103641456,-0.000117378775
0.442577030812325,0.039624847
0.4565826330532213,0.065548256
0.0,0.004577716
0.3081232492997198,-0.01234466
0.2969187675070028,-0.012740124
0.0,-0.010370793
0.0,0.019389087
0.0,-0.0007677517
0.4693877551020406,-0.0039080763
0.4081632653061184,0.01679081
0.3775510204081627,0.02209007
0.1938775510204085,0.04107078
0.0,0.031313337
0.1326530612244916,-0.014136946
0.112244897959183,-0.02332484
0.0,0.009629138
0.0,-0.0328239
0.0,0.027336087
0.4366197183098594,0.014235584
0.5070422535211265,-0.035335865
0.6056338028169015,0.013902608
0.732394366197183,0.015673338
0.8169014084507044,0.025739232
0.8873239436619719,-0.030559286
0.9295774647887324,0.05260103
0.971830985915493,0.0015084734
0.9718309859154928,0.035118185
0.9859154929577464,0.0024736323
0.0,0.009194009
0.0,0.04409963
0.0,-0.016316438
0.0,0.028298572
0.0,0.022544043
0.0,-0.025779806
0.0,0.041650474
0.0,0.0048539834
0.0,-0.05414248
0.0,0.023176644
0.430434782608696,0.02378857
0.3991596638655448,0.0147376
0.3603238866396765,0.008815488
0.2914979757085021,-0.013691014
0.2388663967611339,-0.016789002
0.2024291497975721,0.047423225
0.1740890688259107,0.041997753
0.1659919028340102,-0.021171438
0.1659919028340075,-0.0100896545
0.1376518218623479,-0.004356376
0.6894736842105331,-0.013677749
0.7105263157894726,0.002692677
0.7315789473684191,0.012529025
0.7789473684210577,-0.0029523983
0.7789473684210648,-0.00082016876
0.7894736842105274,-0.0001674447
0.768421052631588,-0.0052289614
0.7263157894736878,0.029330082
0.6947368421052715,0.02063473
0.6789473684210563,0.0004109951
0.4397759103641456,0.02684235
0.4425770308123249,0.014484741
0.4565826330532213,0.05057941
0.0,0.062785596
0.30812324929972,0.025720635
0.2969187675070027,-0.022551728
0.0,-0.007438199
0.0,-0.025341298
0.0,0.009202978
0.0,0.01267237
0.408163265306122,-0.009723372
0.3775510204081591,0.017242901
0.1938775510204085,0.014528826
0.0,0.02439863
0.132653061224488,0.023150902
0.112244897959183,0.0027378076
0.0,-0.045545395
0.0,-0.0035668965
0.0,-0.036527563
0.0,0.024972893
0.507042253521127,0.016354673
0.6056338028169015,-0.045098737
0.732394366197183,0.006360765
0.816901408450704,0.02524869
0.8873239436619719,0.025517562
0.9295774647887324,-0.013105588
0.971830985915493,0.08381589
0.971830985915493,-0.017776677
0.9859154929577464,0.04761404
0.9999999999999998,0.008198566
0.0,0.0072472384
0.0,0.057799336
0.0,0.0008510709
0.0,0.026876144
0.0,0.03900868
0.0,-0.039235033
0.0,0.03267998
0.0,-0.026567686
0.0,-0.039571304
0.0,0.040051147
0.3782608695652172,-0.010746078
0.3361344537815114,0.027220597
0.2914979757085021,-0.0019995715
0.2388663967611339,-0.013584129
0.2024291497975721,-0.013944111
0.1740890688259107,0.048413534
0.1659919028340066,0.059605032
0.1659919028340102,-0.029998355
0.1376518218623488,-0.0110611245
0.1133603238866394,-0.004613756
0.7105263157894797,-0.017648382
0.7315789473684191,-0.0015933265
0.7789473684210577,0.0091694
0.7789473684210577,0.00844107
0.7894736842105274,0.020867627
0.7684210526315951,-0.0027352641
0.7263157894736878,0.000559572
0.6947368421052644,0.04165133
0.6789473684210563,0.027369197
0.6842105263157876,0.031945553
0.4425770308123249,0.03505385
0.4565826330532213,0.04449407
0.0,0.052370206
0.3081232492997199,0.06892954
0.2969187675070028,0.0433001
0.0,0.0063618375
0.0,-0.006955261
0.0,-0.03506172
0.0,0.004337027
0.0,0.013028978
0.3775510204081627,-0.016333114
0.1938775510204067,0.041681472
0.0,0.002667299
0.1326530612244898,0.054702632
0.1122448979591794,0.035714973
0.0,0.009257821
0.0,-0.039821055
0.0,0.005821536
0.0,-0.020895034
0.0,0.041323956
0.6056338028169019,0.0104476195
0.732394366197183,-0.048386216
0.8169014084507045,0.027789561
0.8873239436619715,0.038363535
0.9295774647887324,0.036703058
0.971830985915493,-0.033208977
0.971830985915493,0.06176163
0.9859154929577464,0.0037633972
1.0,0.0652831
0.9999999999999998,0.051242203
0.0,0.014603882
0.0,0.04927805
0.0,0.018658692
0.0,0.023458203
0.0,0.0441401
0.0,-0.053297494
0.0,0.04176727
0.0,-0.028395938
0.0,-0.050613012
0.0,0.040777497
0.3130434782608695,-0.008732909
0.2647058823529402,0.022014538
0.2388663967611339,0.012916133
0.2024291497975712,-0.016323375
0.1740890688259107,-0.023555072
0.1659919028340102,0.04038505
0.1659919028340066,0.056289684
0.1376518218623506,-0.023368655
0.1133603238866394,-0.01424042
0.1214574898785425,0.02247663
0.7315789473684191,-0.029871529
0.7789473684210577,0.00063566054
0.7789473684210577,0.021921955
0.7894736842105274,-0.025547786
0.768421052631588,0.0058921124
0.7263157894736949,-0.017815543
0.6947368421052644,-0.0057034674
0.6789473684210492,0.053644054
0.6842105263157947,0.03671999
0.7052631578947341,-0.003630633
0.4565826330532213,0.032899875
0.0,0.045805845
0.3081232492997199,0.028866801
0.2969187675070028,0.09463407
0.0,0.06894969
0.0,-0.01677293
0.0,0.003731092
0.0,-0.03243048
0.0,0.010869349
0.0,0.028099839
0.1938775510204138,0.017861856
0.0,0.04178143
0.1326530612244916,-0.000945534
0.112244897959183,0.01921981
0.0,0.03126451
0.0,0.009948291
0.0,-0.07501835
0.0,-0.0037346943
0.0,-0.02391473
0.0,0.031092193
0.732394366197183,0.01580518
0.816901408450704,-0.07295571
0.887323943661972,0.00939556
0.9295774647887324,0.0510622
0.971830985915493,0.034104854
0.971830985915493,-0.009626802
0.9859154929577468,0.08990369
1.0,-0.0010386715
1.0,0.0615767
1.0140845070422535,0.030689517
0.0,-0.008184637
0.0,0.078529455
0.0,0.016612666
0.0,0.027353255
0.0,0.06132107
0.0,-0.036941152
0.0,0.03997573
0.0,-0.019915547
0.0,-0.03097002
0.0,0.062165868
0.2391304347826075,-0.023476567
0.2100840336134446,0.035334636
0.2024291497975703,0.0056247413
0.1740890688259107,0.0020751634
0.1659919028340066,-0.034551654
0.1659919028340102,0.03987672
0.137651821862347,0.082957745
0.1133603238866403,-0.027397467
0.1214574898785425,0.00053673226
0.1093117408906882,0.021702256
0.7789473684210577,-0.028622365
0.7789473684210577,-0.005217674
0.7894736842105274,0.02404178
0.7684210526315809,-0.01668978
0.7263157894736949,0.04319034
0.6947368421052715,-0.017248685
0.6789473684210492,0.0064181685
0.6842105263157876,0.03188994
0.7052631578947413,0.024036475
0.6789473684210563,-0.005641883
0.0,0.014950809
0.3081232492997198,0.054714613
0.2969187675070028,0.013318833
0.0,0.061965086
0.0,0.06351735
0.0,0.004008916
0.0,0.016952049
0.0,-0.030152908
0.0,0.007852113
0.0,-0.011584671
0.0,0.030546352
0.1326530612244916,0.04693486
0.112244897959183,0.027158584
0.0,0.01930275
0.0,0.02782723
0.0,0.02865558
0.0,-0.05335516
0.0,0.0032958984
0.0,-0.0059704203
0.0,0.024297755
0.8169014084507045,0.0064499825
0.887323943661972,-0.032113995
0.9295774647887324,-0.002462091
0.9718309859154928,0.053812068
0.971830985915493,0.015358923
0.9859154929577466,-0.024334213
1.0,0.07659969
1.0,-0.011206297
1.0140845070422535,0.03892225
1.0140845070422535,0.015239849
0.0,-0.003463873
0.0,0.03965429
0.0,0.026268711
0.0,0.051869236
0.0,0.04809491
0.0,-0.045886785
0.0,0.05229133
0.0,-0.030355465
0.0,-0.03905692
0.0,0.052835856
0.1826086956521742,-0.014846432
0.1722689075630246,0.03860395
0.1740890688259107,0.012943005
0.1659919028340075,0.0019183325
0.1659919028340066,-0.023330742
0.1376518218623488,0.0306136
0.1133603238866385,0.058127508
0.1214574898785443,-0.0073103635
0.1093117408906882,0.029406844
0.1376518218623479,0.015574263
0.7789473684210577,-0.023743344
0.7894736842105274,0.026701272
0.7684210526315809,0.018713823
0.7263157894736878,-0.016836563
0.6947368421052715,0.040140763
0.6789473684210634,-0.022465385
0.6842105263157947,-0.009155084
0.7052631578947341,0.02036128
0.6789473684210563,0.013170725
0.6842105263157876,0.012829887
0.3081232492997199,0.004108202
0.2969187675070027,0.07204729
0.0,0.017350089
0.0,0.05516578
0.0,0.05306294
0.0,0.043454193
0.0,0.0048485734
0.0,-0.021144042
0.0,0.021996593
0.0,-0.00110838
0.1326530612244916,0.06297213
0.1122448979591794,0.03920891
0.0,0.027966956
0.0,0.009999238
0.0,0.034887787
0.0,0.05021968
0.0,-0.06580109
0.0,0.005388413
0.0,0.0049932348
0.0,0.04763969
0.887323943661972,-0.001344796
0.9295774647887324,-0.035809077
0.9718309859154928,0.033072714
0.9718309859154928,0.06633856
0.9859154929577464,0.026716927
1.0,-0.0060190493
1.0,0.06324949
1.0140845070422535,-0.021099674
1.0140845070422535,0.050044674
0.957746478873239,0.04555264
0.0,-0.0064844033
0.0,0.023030609
0.0,0.033962026
0.0,0.07236884
0.0,0.03996864
0.0,-0.03239603
0.0,0.08026294
0.0,-0.05688315
0.0,-0.05281178
0.0,0.076709434
0.1434782608695659,-0.012287887
0.1428571428571423,0.026852645
0.1659919028340075,0.020949125
0.1659919028340075,-0.00070109824
0.1376518218623488,-0.0729255
0.1133603238866403,0.043146245
0.1214574898785407,0.043198455
0.1093117408906891,0.0035817868
0.1376518218623488,0.04968886
0.2550607287449393,0.033893432
0.7894736842105274,-0.023000361
0.7684210526315809,0.016627675
0.7263157894736878,0.024973394
0.6947368421052644,-0.017064534
0.6789473684210634,0.027228408
0.6842105263157947,-0.016356142
0.7052631578947341,0.009883077
0.6789473684210492,0.025616175
0.6842105263157947,0.0045738765
0.6842105263157876,0.019719504
0.2969187675070028,0.017121349
0.0,0.06633168
0.0,0.009886301
0.0,0.05428482
0.0,0.038646247
0.0,0.01613296
0.0,0.005850797
0.0,-0.030854212
0.0,0.0047036693
0.2464985994397759,-0.0028362328
0.112244897959183,0.046381593
0.0,0.028045988
0.0,0.02478984
0.0,0.0075849714
0.0,0.03688427
0.0,0.040478934
0.0,-0.05398797
0.0,0.012929194
0.0,-0.0053500086
0.3265306122448965,0.035185255
0.9295774647887324,-0.0040129498
0.971830985915493,-0.03142439
0.9718309859154928,0.044400424
0.9859154929577464,0.059734453
1.0,0.03921384
1.0,-0.01998913
1.014084507042254,0.07048568
1.0140845070422535,-0.023958644
0.9577464788732392,0.04648229
0.605633802816901,0.030696934
0.0,0.00119124
0.0,0.025620302
0.0,0.030090485
0.0,0.061647054
0.0,0.06664077
0.0,-0.04200859
0.0,0.07108788
0.0,-0.049479358
0.0,-0.045997497
0.0,0.06417392
0.1130434782608702,0.0048598675
0.1344537815126045,0.017945757
0.1659919028340075,0.017301347
0.1376518218623479,-0.01104837
0.1133603238866403,-0.05804234
0.1214574898785425,0.04387787
0.1093117408906874,0.04842629
0.1376518218623506,-0.0062186914
0.2550607287449393,0.022641208
0.4412955465587043,0.04565518
0.768421052631588,-0.015498923
0.7263157894736878,0.018665383
0.6947368421052715,0.019460546
0.6789473684210563,-0.026028644
0.6842105263157876,0.014454357
0.7052631578947484,-0.006493781
0.6789473684210492,0.0042381138
0.6842105263157876,0.032151274
0.6842105263157947,-0.0072698276
0.6684210526315866,0.018552233
0.0,-0.0024500084
0.0,0.09203486
0.0,0.018598922
0.0,0.065550484
0.0,0.061856575
0.0,0.018192507
0.0,0.016811077
0.0,-0.02388385
0.2464985994397759,-0.01510543
0.1680672268907563,-0.0012008543
0.0,0.06382927
0.0,0.014650237
0.0,0.026006253
0.0,0.0009450242
0.0,0.055766262
0.0,0.048530936
0.0,-0.0708857
0.0,0.0039462456
0.3265306122448965,-0.014117342
0.3469387755102033,0.030893961
0.971830985915493,0.003218491
0.971830985915493,-0.010321364
0.9859154929577464,0.051515903
0.9999999999999998,0.07171896
1.0,0.042505205
1.0140845070422535,-0.01423603
1.014084507042254,0.09572586
0.9577464788732396,-0.042748272
0.6056338028169015,0.028212339
0.5070422535211265,0.037964128
0.0,-0.009123077
0.0,0.046099696
0.0,0.051806882
0.0,0.06796894
0.0,0.076759584
0.0,-0.038894076
0.0,0.08321791
0.0,-0.065109186
0.0,-0.048078503
0.0,0.06562812
0.1043478260869559,-0.016029652
0.1344537815126045,0.04372787
0.1376518218623488,0.011670334
0.1133603238866394,-0.025232611
0.1214574898785425,-0.07111394
0.1093117408906891,0.04138121
0.137651821862347,0.056416046
0.2550607287449402,-0.031751104
0.4412955465587043,0.037179425
0.4898785425101213,0.04272673
0.7263157894736878,-0.02373948
0.6947368421052644,0.028242525
0.6789473684210563,0.014896752
0.6842105263157876,-0.035232913
0.7052631578947413,0.021855518
0.6789473684210634,-0.018891068
0.6842105263157947,-0.0029092627
0.6842105263157876,0.039035745
0.6684210526315795,-0.00025335094
0.6315789473684248,-0.00075579353
0.0,0.008831794
0.0,0.09202877
0.0,0.02931938
0.0,0.07541139
0.0,0.068222776
0.0,0.021550637
0.0,0.01951594
0.2464985994397759,-0.02371486
0.1680672268907563,-0.0026237746
0.1176470588235294,0.0014518821
0.0,0.051588837
0.0,0.01009577
0.0,0.025792643
0.0,-0.0008297814
0.0,0.038952757
0.0,0.03580198
0.0,-0.05852749
0.3265306122448912,0.018118396
0.3469387755102033,-0.0140916
0.2857142857142865,0.029283578
0.971830985915493,0.013559362
0.9859154929577464,-0.0024489458
1.0,0.04770872
0.9999999999999998,0.07814186
1.0140845070422535,0.026630001
1.0140845070422535,-0.019683043
0.95774647887324,0.08738548
0.6056338028169015,-0.020806601
0.507042253521127,0.047855396
0.3661971830985915,0.037104737
0.0,-0.008745109
0.0,0.045743838
0.0,0.04257124
0.0,0.068522595
0.0,0.083985575
0.0,-0.04245862
0.0,0.07896365
0.0,-0.049867354
0.0,-0.04900312
0.0,0.06722706
0.1043478260869559,-0.00891038
0.1050420168067223,0.030717282
0.1133603238866394,0.00096485845
0.1214574898785425,-0.01522516
0.1093117408906874,-0.058714382
0.1376518218623488,0.033885002
0.2550607287449402,0.07140226
0.441295546558706,-0.022397885
0.4898785425101204,0.040064313
0.6072874493927118,0.04637855
0.6947368421052644,-0.018070823
0.6789473684210492,0.013589671
0.6842105263157947,0.01186762
0.7052631578947341,-0.02379342
0.6789473684210634,0.018226635
0.6842105263157947,-0.01909132
0.6842105263157947,-0.007721278
0.6684210526315795,0.04456348
0.6315789473684248,0.0047489805
0.6210526315789551,0.017105846
0.0,0.0013769977
0.0,0.08831876
0.0,0.026995566
0.0,0.08751785
0.0,0.0639943
0.0,0.01333525
0.2464985994397759,0.01411722
0.1680672268907562,-0.033864733
0.1176470588235294,-0.00222262
0.2212885154061624,0.0006257593
0.0,0.03993426
0.0,0.025440695
0.0,0.020207217
0.0,0.0067442823
0.0,0.048832107
0.0,0.025786413
0.3265306122448983,-0.059414864
0.3469387755102033,0.0058953366
0.2857142857142882,-0.01846981
0.2448979591836746,0.035317317
0.9859154929577468,0.010115849
1.0,-0.002185845
1.0,0.0454816
1.0140845070422535,0.07432271
1.0140845070422535,0.032242097
0.9577464788732396,-0.014551301
0.6056338028169019,0.091584206
0.5070422535211265,-0.023894504
0.3661971830985919,0.055152528
0.28169014084507,0.03241636
0.0,-0.0040751062
0.0,0.05002385
0.0,0.047024593
0.0,0.054564815
0.0,0.07357608
0.0,-0.03747968
0.0,0.07177506
0.0,-0.048021078
0.0,-0.03579069
0.0,0.06988066
0.073913043478262,-0.011259025
0.0798319327731089,0.038333446
0.1214574898785425,0.0020456589
0.1093117408906882,-0.0067260806
0.1376518218623488,-0.057394218
0.2550607287449402,0.04454399
0.4412955465587043,0.07559593
0.4898785425101231,-0.029727366
0.6072874493927118,0.034608193
0.6599190283400809,0.03501887
0.6789473684210492,-0.017628618
0.6842105263157876,0.003744937
0.7052631578947413,0.013736
0.6789473684210563,-0.023604795
0.6842105263157876,0.034333196
0.6842105263157947,-0.027063685
0.6684210526315866,0.0036151167
0.6315789473684177,0.041754823
0.6210526315789551,0.0064234277
0.6105263157894782,0.009777781
0.0,0.011240576
0.0,0.0783653
0.0,0.022207312
0.0,0.08281867
0.0,0.06805756
0.2464985994397758,0.0029153256
0.1680672268907563,0.019261803
0.1176470588235294,-0.035730537
0.2212885154061625,0.011515966
0.3977591036414566,0.005630563
0.0,0.03193555
0.0,0.039742973
0.0,0.014921406
0.0,0.009334643
0.0,0.039309736
0.3265306122448983,0.02783321
0.3469387755102033,-0.046070155
0.2857142857142811,0.01863745
0.2448979591836728,-0.011785615
0.2346938775510221,0.026840523
1.0,0.010170479
1.0,4.414702e-05
1.0140845070422535,0.042758945
1.0140845070422535,0.069798514
0.9577464788732396,0.02830997
0.6056338028169015,-0.013126939
0.507042253521127,0.083906546
0.366197183098591,-0.018302707
0.2816901408450705,0.06292243
0.225352112676056,0.028230531
0.0,0.0022368107
0.0,0.04094613
0.0,0.05702463
0.0,0.057331465
0.0,0.07435755
0.0,-0.039320577
0.0,0.071157224
0.0,-0.04502893
0.0,-0.040049262
0.0,0.076417066
0.0478260869565225,-0.012454958
0.0882352941176449,0.0132377865
0.1093117408906882,0.005622044
0.1376518218623479,-0.0023065316
0.2550607287449402,-0.03457741
0.4412955465587043,0.036762774
0.4898785425101213,0.08279515
0.6072874493927127,-0.003923036
0.65991902834008,0.042045794
0.7206477732793521,0.03519603
0.6842105263157947,-0.028141094
0.7052631578947341,0.022479717
0.6789473684210563,0.022510214
0.6842105263157876,-0.038944602
0.6842105263157876,0.01929145
0.6684210526315866,-0.020593321
0.6315789473684248,-0.0086265905
0.6210526315789551,0.037443988
0.6105263157894782,-0.000823561
0.5736842105263165,0.00485178
0.0,0.014735771
0.0,0.093347676
0.0,0.03219602
0.0,0.09106573
0.246498599439776,0.07856688
0.1680672268907562,0.00942781
0.1176470588235293,0.014596621
0.2212885154061624,-0.032482967
0.3977591036414566,0.01323782
0.3249299719887955,0.010415816
0.0,0.057298884
0.0,0.029190283
0.0,0.0221818
0.0,0.0053382255
0.3265306122448983,0.033195734
0.3469387755102069,0.04173985
0.2857142857142918,-0.056243427
0.244897959183671,0.016988257
0.2346938775510221,-0.007846532
0.2346938775510221,0.024158312
1.0,0.022454854
1.0140845070422535,-0.013254769
1.0140845070422535,0.053751286
0.957746478873239,0.08034719
0.6056338028169015,0.041660294
0.5070422535211268,-0.0185699
0.3661971830985919,0.0956704
0.2816901408450705,-0.020464845
0.2253521126760564,0.055402912
0.1830985915492951,0.044817824
0.0,-0.0040653814
0.0,0.05611681
0.0,0.06261489
0.0,0.06798205
0.0,0.08640288
0.0,-0.03599949
0.0,0.08121942
0.0,-0.0566368
0.0,-0.04855273
0.0,0.078806326
0.0565217391304351,-0.018946216
0.0756302521008382,0.016371064
0.1376518218623488,0.012402577
0.2550607287449393,-0.009056718
0.4412955465587043,-0.055639256
0.4898785425101213,0.030908037
0.6072874493927127,0.08691272
0.6599190283400826,-0.010400015
0.7206477732793521,0.038554728
0.7975708502024288,0.05229423
0.7052631578947341,-0.022897588
0.6789473684210492,0.026583226
0.6842105263157947,0.023528237
0.6842105263157876,-0.05182842
0.6684210526315795,0.012850579
0.6315789473684248,-0.020485597
0.6210526315789551,-0.0091676535
0.6105263157894711,0.04032345
0.5736842105263165,-0.0066967155
0.5736842105263165,0.0007116697
0.0,0.007592944
0.0,0.09985786
0.0,0.027347952
0.2464985994397759,0.083641276
0.1680672268907563,0.0829224
0.1176470588235293,0.0074827243
0.2212885154061624,0.01097698
0.3977591036414565,-0.033588972
0.3249299719887955,0.009878548
0.3025210084033613,0.0196902
0.0,0.07341248
0.0,0.020910542
0.0,0.019945987
0.3265306122448965,0.00714726
0.3469387755102069,0.03567827
0.2857142857142882,0.045516036
0.2448979591836746,-0.061183307
0.2346938775510167,0.019486783
0.2346938775510221,-0.0069782156
0.6224489795918355,0.015266338
1.014084507042254,0.029374002
1.0140845070422535,-0.017537458
0.9577464788732392,0.06328235
0.605633802816901,0.084348194
0.5070422535211268,0.046537094
0.3661971830985915,-0.015633987
0.2816901408450709,0.0947806
0.2253521126760564,-0.027075961
0.1830985915492959,0.048110243
0.28169014084507,0.04847976
0.0,-0.0059521208
0.0,0.056175
0.0,0.066659935
0.0,0.07418773
0.0,0.09831896
0.0,-0.03466881
0.0,0.08368845
0.0,-0.0573916
0.0,-0.048215285
0.0,0.072291814
0.0434782608695645,-0.020366706
0.1050420168067223,0.0204319
0.2550607287449393,0.012038941
0.4412955465587043,-0.01315595
0.4898785425101213,-0.052224506
0.6072874493927127,0.029769938
0.6599190283400809,0.08743963
0.720647773279353,-0.015293995
0.7975708502024288,0.034656882
0.7327935222672064,0.064076446
0.6789473684210492,-0.02750835
0.6842105263157876,0.042707544
0.6842105263157947,0.01579791
0.6684210526315866,-0.04388592
0.6315789473684248,0.01604458
0.6210526315789622,-0.010564506
0.6105263157894782,-0.0086395405
0.5736842105263165,0.033343103
0.5736842105263165,-0.009982274
0.5631578947368467,0.01036698
0.0,-0.00027951878
0.0,0.09692657
0.2464985994397759,0.035631504
0.1680672268907563,0.08090183
0.1176470588235295,0.07922996
0.2212885154061624,0.02779817
0.3977591036414566,0.01191653
0.3249299719887955,-0.02108178
0.3025210084033614,0.006447143
0.3249299719887955,0.013573399
0.0,0.06830394
0.0,0.015477566
0.3265306122448965,0.019395249
0.3469387755102033,0.0010691194
0.2857142857142882,0.036566682
0.2448979591836746,0.049457513
0.2346938775510203,-0.062753156
0.2346938775510167,0.0030495443
0.6224489795918355,-0.009176327
0.724489795918366,0.022699239
1.014084507042254,0.018217197
0.9577464788732396,-0.011952876
0.6056338028169015,0.06473121
0.5070422535211265,0.074264415
0.3661971830985915,0.037426528
0.2816901408450705,-0.01620398
0.2253521126760569,0.093569405
0.1830985915492955,-0.026243083
0.2816901408450705,0.04446201
0.309859154929577,0.045558456
0.0,-0.01395685
0.0,0.049715713
0.0,0.061082177
0.0,0.079658
0.0,0.074764766
0.0,-0.032804925
0.0,0.08895187
0.0,-0.06492446
0.0,-0.052444585
0.0,0.07123441
0.073913043478262,-0.015722375
0.2268907563025202,0.025390603
0.4412955465587043,0.0143597275
0.4898785425101213,-0.013400022
0.6072874493927127,-0.064738885
0.6599190283400809,0.031774838
0.720647773279353,0.0784002
0.7975708502024297,-0.011564846
0.7327935222672055,0.039184585
0.7004048582995948,0.051800843
0.6842105263157947,-0.015546259
0.6842105263157876,0.031147541
0.6684210526315795,0.011831358
0.6315789473684248,-0.030881358
0.6210526315789551,0.011770338
0.6105263157894854,-0.014378994
0.5736842105263165,-0.004217517
0.5736842105263165,0.04180429
0.5631578947368467,-0.013980282
0.5736842105263165,0.02735399
0.0,0.012160826
0.2464985994397759,0.08819246
0.1680672268907563,0.03688002
0.1176470588235294,0.0710682
0.2212885154061625,0.062347315
0.3977591036414565,0.021915061
0.3249299719887955,0.007498645
0.3025210084033613,-0.023445511
0.3249299719887955,0.0029257536
0.3193277310924369,0.015862651
0.0,0.05630015
0.3265306122448912,0.009761369
0.3469387755102033,0.0132322665
0.2857142857142865,0.01444291
0.2448979591836746,0.047349263
0.2346938775510203,0.03472473
0.2346938775510203,-0.058296606
0.6224489795918338,0.00097019103
0.724489795918366,0.0019054299
0.6836734693877524,0.02471346
0.95774647887324,0.018230328
0.6056338028169015,-0.003519785
0.507042253521127,0.063756146
0.3661971830985915,0.05662745
0.2816901408450702,0.038390376
0.2253521126760564,-0.021282323
0.1830985915492959,0.076741084
0.2816901408450705,-0.029453902
0.3098591549295775,0.03962378
0.309859154929577,0.054107968
0.0,-0.0025731244
0.0,0.042375773
0.0,0.052312374
0.0,0.06741799
0.0,0.07483713
0.0,-0.03177425
0.0,0.07402451
0.0,-0.05250253
0.0,-0.04603948
0.0,0.05713532
0.200000000000001,-0.010812068
0.4201680672268892,0.018750733
0.4898785425101204,0.020193638
0.6072874493927118,-0.019943504
0.6599190283400809,-0.04398541
0.720647773279353,0.039496586
0.7975708502024297,0.06652546
0.7327935222672064,-0.0022400043
0.7004048582995948,0.019831788
0.6801619433198374,0.054004632
0.6842105263157947,-0.015868435
0.6684210526315795,0.025767397
0.6315789473684248,0.019094782
0.6210526315789551,-0.034360897
0.6105263157894782,0.0077520497
0.5736842105263236,-0.013020757
0.5736842105263165,-0.0016464092
0.5631578947368396,0.048487198
0.5736842105263165,-0.012226692
0.5684210526315852,0.022813177
0.2464985994397759,0.024331436
0.1680672268907562,0.09500528
0.1176470588235294,0.042869598
0.2212885154061624,0.08470468
0.3977591036414566,0.070256315
0.3249299719887955,0.013606482
0.3025210084033613,0.010048303
0.3249299719887955,-0.029570539
0.319327731092437,-0.0020613796
0.3221288515406162,0.019093476
0.3265306122448983,0.04189003
0.3469387755102033,0.0107349325
0.2857142857142882,0.009330782
0.2448979591836746,0.011636183
0.2346938775510203,0.046178237
0.2346938775510203,0.030528467
0.6224489795918338,-0.05811873
0.7244897959183625,-0.0023597167
0.6836734693877542,-0.0034729426
0.6326530612244898,0.025355512
0.6056338028169019,0.020105908
0.5070422535211265,-0.006077568
0.3661971830985919,0.06274639
0.28169014084507,0.0660198
0.2253521126760562,0.032903858
0.1830985915492957,-0.023005519
0.2816901408450709,0.08183932
0.309859154929577,-0.028322648
0.3098591549295775,0.048718486
0.436619718309859,0.05353331
0.0,-0.0121263955
0.0,0.052043222
0.0,0.051228255
0.0,0.059206303
0.0,0.08692993
0.0,-0.034968104
0.0,0.068283446
0.0,-0.049009465
0.0,-0.038404975
0.0,0.06140451
0.4000000000000003,-0.01623316
0.470588235294116,0.01647314
0.6072874493927118,0.018842576
0.6599190283400809,-0.015082846
0.720647773279353,-0.037446734
0.7975708502024297,0.040362943
0.7327935222672046,0.0741507
0.7004048582995956,-0.004157711
0.6801619433198374,0.014602457
0.5506072874493926,0.05105489
0.6684210526315866,-0.016942915
0.6315789473684177,0.033119828
0.6210526315789551,0.020720072
0.6105263157894782,-0.037853803
0.5736842105263236,0.006968258
0.5736842105263236,-0.015672462
0.5631578947368467,-0.0051125186
0.5736842105263165,0.04564571
0.5684210526315852,-0.016786335
0.6263157894736864,0.022161268
0.1680672268907563,0.027052449
0.1176470588235294,0.098548345
0.2212885154061625,0.059112687
0.3977591036414566,0.10046509
0.3249299719887956,0.08286139
0.3025210084033613,0.011450605
0.3249299719887955,0.0048168506
0.3193277310924369,-0.03363364
0.3221288515406163,-0.00785003
0.3277310924369748,0.025659379
0.3469387755102033,0.039792396
0.2857142857142811,0.009597999
0.2448979591836728,0.0041972934
0.2346938775510221,0.017791476
0.2346938775510203,0.054956805
0.6224489795918373,0.03383227
0.724489795918366,-0.053133883
0.6836734693877524,-0.00026034063
0.6326530612244881,-0.010269986
0.6530612244897966,0.023480272
0.507042253521127,0.024208417
0.366197183098591,-0.0149594955
0.2816901408450705,0.062016316
0.225352112676056,0.07457298
0.1830985915492957,0.039779857
0.2816901408450705,-0.031097818
0.3098591549295779,0.0860313
0.309859154929577,-0.02461059
0.4366197183098594,0.050950862
0.5633802816901405,0.06201258
0.0,-0.009575473
0.0,0.060206626
0.0,0.05573056
0.0,0.05286412
0.0,0.09289249
0.0,-0.042003248
0.0,0.06220835
0.0,-0.04517137
0.0,-0.04648603
0.0,0.059386
0.4521739130434792,-0.02068076
0.5924369747899139,0.018306063
0.65991902834008,0.02716781
0.7206477732793521,-0.01209453
0.7975708502024297,-0.035349738
0.7327935222672064,0.036496338
0.7004048582995956,0.07536831
0.6801619433198383,-0.009484912
0.5506072874493926,0.0034521269
0.4372469635627531,0.054729663
0.6315789473684248,-0.01493869
0.6210526315789551,0.04483374
0.6105263157894782,0.027181393
0.5736842105263165,-0.035728347
0.5736842105263236,0.009321168
0.5631578947368467,-0.013849192
0.5736842105263165,-0.009087048
0.5684210526315852,0.050656527
0.6263157894736864,-0.014285992
0.70000000000001,0.010577671
0.1176470588235293,0.02470388
0.2212885154061624,0.09006361
0.3977591036414566,0.066169836
0.3249299719887955,0.1092238
0.3025210084033614,0.08533445
0.3249299719887955,0.012402768
0.3193277310924369,-0.00077458157
0.3221288515406162,-0.026763437
0.3277310924369748,0.000243688
0.3025210084033613,0.017900918
0.2857142857142918,0.03336719
0.244897959183671,0.012723723
0.2346938775510221,0.008322682
0.2346938775510221,0.021772971
0.6224489795918338,0.044782847
0.724489795918366,0.028271116
0.6836734693877524,-0.054217216
0.6326530612244845,-0.0014713588
0.6530612244897949,-0.014434359
0.5816326530612237,0.028048458
0.3661971830985919,0.024356123
0.2816901408450705,-0.01950722
0.2253521126760564,0.04814414
0.1830985915492951,0.08107523
0.2816901408450702,0.04374066
0.3098591549295775,-0.027019905
0.3098591549295779,0.08437594
0.4366197183098594,-0.007881536
0.563380281690141,0.06330664
0.619718309859155,0.05655013
0.0,-0.012729595
0.0,0.06327738
0.0,0.047915723
0.0,0.04116502
0.0,0.083204426
0.0,-0.03213519
0.0,0.061112624
0.0,-0.035754923
0.0,-0.041323617
0.0,0.059422866
0.5782608695652183,-0.030647432
0.6470588235294112,0.019760417
0.7206477732793521,0.018994462
0.7975708502024288,-0.0036393031
0.7327935222672064,-0.04530361
0.7004048582995956,0.03950585
0.6801619433198383,0.085845634
0.5506072874493935,-0.018252473
0.4372469635627531,0.012500687
0.3967611336032384,0.04946106
0.6210526315789551,-0.018908184
0.6105263157894711,0.04377939
0.5736842105263165,0.02578028
0.5736842105263165,-0.02997758
0.5631578947368467,0.0034925
0.5736842105263236,-0.0019036435
0.5684210526315852,-0.0055632964
0.6263157894736864,0.051636428
0.70000000000001,-0.012122278
0.6947368421052644,0.020870373
0.2212885154061624,0.017047575
0.3977591036414565,0.07518628
0.3249299719887955,0.06090675
0.3025210084033613,0.0976497
0.3249299719887956,0.07630981
0.3193277310924369,0.012679643
0.3221288515406162,0.0018901365
0.3277310924369747,-0.033958867
0.3025210084033614,-0.0042224578
0.3109243697478991,0.009385272
0.2448979591836746,0.028312854
0.2346938775510167,0.015441698
0.2346938775510221,-0.0031213006
0.6224489795918355,0.03275828
0.724489795918366,0.041614424
0.683673469387756,0.025172208
0.6326530612244881,-0.047615692
0.6530612244897966,-0.007914668
0.5816326530612237,-0.007873612
0.5,0.021045802
0.2816901408450709,0.014551927
0.2253521126760564,-0.013004689
0.1830985915492959,0.045363534
0.28169014084507,0.06546907
0.3098591549295775,0.04044089
0.3098591549295775,-0.027766306
0.4366197183098594,0.0816623
0.563380281690141,-0.0070153475
0.619718309859155,0.049172055
0.661971830985915,0.052964676
0.0,-0.0076867417
0.0,0.05198024
0.0,0.039145768
0.0,0.042031184
0.0,0.061379842
0.0,-0.02669014
0.0,0.058699828
0.0,-0.027086973
0.0,-0.041244786
0.0,0.04722691
0.6347826086956534,-0.027811633
0.7100840336134446,0.02233948
0.7975708502024288,0.028891396
0.7327935222672064,0.0026411342
0.7004048582995956,-0.039756745
0.6801619433198383,0.041141625
0.5506072874493917,0.080886625
0.4372469635627549,-0.012237419
0.3967611336032384,0.004237049
0.3643724696356276,0.048699465
0.6105263157894782,-0.018363064
0.5736842105263165,0.046543006
0.5736842105263165,0.017047754
0.5631578947368467,-0.017518457
0.5736842105263236,0.00446086
0.5684210526315923,0.0017063372
0.6263157894736864,-0.011046281
0.7000000000000028,0.05143469
0.6947368421052715,-0.009685817
0.7315789473684262,0.019947719
0.3977591036414566,0.015846638
0.3249299719887955,0.06625368
0.3025210084033614,0.06009966
0.3249299719887955,0.08400787
0.319327731092437,0.06168454
0.3221288515406161,0.010377698
0.3277310924369748,0.007289984
0.3025210084033613,-0.027419971
0.3109243697478992,-0.0012508315
0.3221288515406162,0.004414228
0.2346938775510203,0.022367451
0.2346938775510167,0.013481063
0.6224489795918355,0.00094371155
0.724489795918366,0.040953048
0.683673469387756,0.03429556
0.6326530612244916,0.021924363
0.6530612244897966,-0.04575474
0.5816326530612201,-0.0071828677
0.5,-0.0025518057
0.428571428571427,0.02327348
0.2253521126760569,0.010819126
0.1830985915492955,-0.00786895
0.2816901408450705,0.041012317
0.309859154929577,0.057964668
0.3098591549295775,0.039135557
0.4366197183098592,-0.02864378
0.563380281690141,0.0735433
0.619718309859155,-0.0042853896
0.6619718309859155,0.04403226
0.6901408450704225,0.051879402
0.0,-0.00042278378
0.0,0.045317777
0.0,0.031846106
0.0,0.042471845
0.0,0.054031212
0.0,-0.023925701
0.0,0.05125024
0.0,-0.021091903
0.0,-0.039626196
0.0,0.04238053
0.7000000000000011,-0.024039097
0.7899159663865536,0.016771423
0.7327935222672055,0.028249841
0.7004048582995948,-0.0010565467
0.6801619433198383,-0.032103848
0.5506072874493917,0.042417575
0.4372469635627531,0.0709126
0.3967611336032401,-0.008093787
0.3643724696356276,0.0032844027
0.3441295546558702,0.04604674
0.5736842105263165,-0.013507316
0.5736842105263165,0.047286604
0.5631578947368467,0.016383708
0.5736842105263165,-0.011153871
0.5684210526315923,0.0008381167
0.6263157894736864,0.0028715224
0.7000000000000028,-0.019182952
0.6947368421052644,0.04952607
0.7315789473684191,-0.0075007416
0.7105263157894797,0.023785403
0.3249299719887955,0.015843619
0.3025210084033613,0.073080696
0.3249299719887955,0.06200197
0.3193277310924369,0.07531182
0.3221288515406163,0.053880353
0.3277310924369747,0.015759442
0.3025210084033613,0.0021563054
0.3109243697478991,-0.022933105
0.3221288515406163,-0.0054047387
0.2969187675070028,0.008293961
0.2346938775510203,0.027243664
0.6224489795918338,0.014815735
0.724489795918366,0.00024679227
0.6836734693877524,0.042284228
0.6326530612244881,0.035263985
0.6530612244898002,0.023774141
0.5816326530612237,-0.040500537
0.5,-0.011925297
0.428571428571427,-0.0014487715
0.4693877551020389,0.025040975
0.1830985915492959,0.0047181966
0.2816901408450705,-0.018178321
0.3098591549295775,0.043590344
0.309859154929577,0.058488015
0.4366197183098592,0.040206123
0.5633802816901408,-0.028010108
0.619718309859155,0.07130749
0.6619718309859155,-0.0030371377
0.6901408450704225,0.044953622
0.7183098591549291,0.054605957
0.0,0.009813627
0.0,0.04826054
0.0,0.031278346
0.0,0.043326996
0.0,0.049844228
0.0,-0.030765953
0.0,0.048394013
0.0,-0.0234068
0.0,-0.043602593
0.0,0.04097644
0.7826086956521756,-0.019429646
0.7226890756302495,0.019686215
0.7004048582995948,0.034420393
0.6801619433198374,-0.00802313
0.5506072874493935,-0.03951579
0.4372469635627531,0.047495738
0.3967611336032384,0.056849204
0.3643724696356294,-0.014499276
0.3441295546558702,-0.0086392695
0.331983805668016,0.048147526
0.5736842105263165,-0.011491185
0.5631578947368396,0.045842856
0.5736842105263165,0.010095939
0.5684210526315852,-0.0009455688
0.6263157894736864,0.0064734453
0.70000000000001,-0.00801759
0.6947368421052644,-0.014992074
0.7315789473684191,0.0517026
0.7105263157894726,-0.015515814
0.7578947368421041,0.02839534
0.3025210084033613,0.013384065
0.3249299719887955,0.069882266
0.319327731092437,0.06016569
0.3221288515406162,0.07563996
0.3277310924369749,0.05319184
0.3025210084033613,0.013881668
0.3109243697478991,0.003287939
0.3221288515406162,-0.017716039
0.2969187675070028,-0.010925156
0.3277310924369748,0.006436016
0.6224489795918338,0.022206685
0.7244897959183625,0.014958709
0.6836734693877542,0.00042267615
0.6326530612244898,0.038827237
0.6530612244897966,0.044568744
0.5816326530612237,0.018296836
0.5,-0.039169483
0.4285714285714235,-0.010596627
0.4693877551020406,-0.0032566434
0.3673469387755101,0.02536925
0.2816901408450709,0.0046086432
0.309859154929577,-0.011781104
0.3098591549295775,0.03768436
0.436619718309859,0.054166738
0.5633802816901408,0.043442156
0.619718309859155,-0.03359083
0.6619718309859159,0.06435547
0.6901408450704225,-0.004574001
0.7183098591549295,0.04530928
0.732394366197183,0.054222543
0.0,0.011519088
0.0,0.046562195
0.0,0.034572806
0.0,0.036979433
0.0,0.05142523
0.0,-0.038967535
0.0,0.039759375
0.0,-0.019779867
0.0,-0.040636912
0.0,0.03281491
0.7130434782608699,-0.014909041
0.6890756302521002,0.019942628
0.6801619433198374,0.03470867
0.5506072874493926,-0.009913509
0.4372469635627549,-0.027366895
0.3967611336032401,0.043835457
0.3643724696356276,0.05694748
0.344129554655872,-0.015737046
0.331983805668016,-0.010710662
0.3036437246963563,0.051840644
0.5631578947368467,-0.018257864
0.5736842105263165,0.042534202
0.5684210526315852,0.00503994
0.6263157894736864,0.00429921
0.70000000000001,-0.001609345
0.6947368421052715,-0.00877376
0.7315789473684191,-0.010584394
0.7105263157894726,0.049835965
0.7578947368421041,-0.0074575013
0.7578947368421041,0.024497315
0.3249299719887955,0.020727174
0.3193277310924369,0.06842739
0.3221288515406163,0.060008768
0.3277310924369748,0.07817169
0.3025210084033614,0.048654653
0.3109243697478991,0.017641103
0.3221288515406162,0.015187611
0.2969187675070027,-0.012183999
0.3277310924369748,-0.010981259
0.3333333333333333,0.005085578
0.724489795918366,0.0104883965
0.6836734693877524,0.016655523
0.6326530612244881,0.004072982
0.6530612244897966,0.035629407
0.5816326530612237,0.041998193
0.5,0.013141461
0.428571428571427,-0.042042315
0.4693877551020371,-0.012839481
0.3673469387755101,0.00025763846
0.3469387755102033,0.02262675
0.3098591549295779,0.009019443
0.309859154929577,-0.011684423
0.4366197183098594,0.043795917
0.5633802816901405,0.047058955
0.619718309859155,0.040927246
0.6619718309859155,-0.042711034
0.690140845070423,0.05923665
0.7183098591549295,-0.004572794
0.732394366197183,0.051885057
0.76056338028169,0.05775731
0.0,0.004769025
0.0,0.0541563
0.0,0.029520318
0.0,0.034515977
0.0,0.05099579
0.0,-0.03618111
0.0,0.041996848
0.0,-0.013780366
0.0,-0.045702487
0.0,0.033136
0.6782608695652197,-0.012090354
0.6680672268907557,0.01897869
0.5506072874493926,0.035454996
0.4372469635627531,-0.018218542
0.3967611336032401,-0.021543026
0.3643724696356276,0.043244537
0.3441295546558702,0.061309595
0.3319838056680169,-0.022233149
0.3036437246963563,-0.008073848
0.2995951417004043,0.048353553
0.5736842105263165,-0.016912552
0.5684210526315852,0.03242733
0.6263157894736864,0.0066141197
0.70000000000001,-0.00017074158
0.6947368421052715,0.006991222
0.7315789473684333,-0.012566466
0.7105263157894797,-0.010938459
0.7578947368421041,0.04722092
0.7578947368421041,-0.0012239964
0.7736842105263193,0.014096921
0.3193277310924369,0.01923812
0.3221288515406162,0.067092724
0.3277310924369748,0.05167107
0.3025210084033613,0.07328043
0.3109243697478992,0.04733389
0.3221288515406161,0.016955571
0.2969187675070028,0.008202513
0.3277310924369747,-0.013470647
0.3333333333333333,-0.0077947155
0.3697478991596638,0.008856824
0.6836734693877524,0.010799373
0.6326530612244845,0.025124788
0.6530612244897949,0.006345364
0.5816326530612237,0.024679106
0.5,0.038834598
0.428571428571427,0.016452018
0.4693877551020406,-0.032301586
0.3673469387755084,-0.007218409
0.3469387755102033,-0.0063601565
0.3265306122448965,0.019961549
0.3098591549295779,0.01285925
0.4366197183098594,-0.014016892
0.563380281690141,0.034858886
0.619718309859155,0.050952457
0.6619718309859155,0.03341575
0.6901408450704226,-0.03824815
0.71830985915493,0.06014381
0.732394366197183,-0.003408496
0.76056338028169,0.05520373
0.7464788732394365,0.04106462
0.0,0.0077989027
0.0,0.049346093
0.0,0.03086325
0.0,0.036903024
0.0,0.045600653
0.0,-0.038527757
0.0,0.04190741
0.0,-0.017162586
0.0,-0.045146465
0.0,0.036954366
0.6565217391304348,-0.008257745
0.5336134453781511,0.019421834
0.4372469635627531,0.030928036
0.3967611336032384,-0.011844485
0.3643724696356294,-0.019612854
0.344129554655872,0.039174203
0.3319838056680151,0.05442752
0.3036437246963572,-0.020034298
0.2995951417004052,-0.0057216906
0.3076923076923075,0.041936964
0.5684210526315852,-0.022858415
0.6263157894736864,0.034699153
0.70000000000001,-0.00088551675
0.6947368421052644,0.0068939556
0.7315789473684262,0.004417601
0.7105263157894726,-0.013266223
0.7578947368421041,-0.016945744
0.7578947368421041,0.05148801
0.7736842105263193,-9.370013e-05
0.7578947368421041,0.02320063
0.3221288515406162,0.013989806
0.3277310924369747,0.06490216
0.3025210084033614,0.044046577
0.3109243697478991,0.0770401
0.3221288515406163,0.04379996
0.2969187675070027,0.018449793
0.3277310924369748,0.004288771
0.3333333333333333,-0.014758422
0.3697478991596639,-0.0027445648
0.3585434173669468,0.006018047
0.6326530612244881,0.018536866
0.6530612244897966,0.025652919
0.5816326530612237,0.008822619
0.5,0.035425354
0.428571428571427,0.043350987
0.4693877551020406,0.010979962
0.3673469387755084,-0.036050886
0.3469387755102033,-0.0011570072
0.3265306122448965,-0.0043331124
0.3367346938775526,0.02836058
0.4366197183098594,0.012473197
0.563380281690141,-0.017303428
0.619718309859155,0.037738062
0.661971830985915,0.04579995
0.6901408450704226,0.03273191
0.7183098591549297,-0.03972105
0.732394366197183,0.054945525
0.76056338028169,-0.0016758305
0.746478873239437,0.047451302
0.76056338028169,0.049637638
0.0,0.00839692
0.0,0.05108022
0.0,0.027934538
0.0,0.041056115
0.0,0.044586916
0.0,-0.036815096
0.0,0.04020754
0.0,-0.010472681
0.0,-0.04099406
0.0,0.032709718
0.5173913043478251,0.0004616102
0.4159663865546221,0.02194658
0.3967611336032384,0.031494327
0.3643724696356276,-0.0100442255
0.344129554655872,-0.026126267
0.3319838056680169,0.038111303
0.3036437246963555,0.049600918
0.2995951417004061,-0.019786917
0.3076923076923075,-0.0020186645
0.3076923076923075,0.046868514
0.6263157894736864,-0.019551357
0.7000000000000028,0.034386396
0.6947368421052715,0.0034460037
0.7315789473684262,0.0030613085
0.7105263157894726,0.00022432063
0.7578947368421112,-0.009509595
0.7578947368421041,-0.013350839
0.7736842105263193,0.051390905
0.7578947368421041,5.210779e-05
0.742105263157903,0.015387829
0.3277310924369748,0.017115632
0.3025210084033613,0.066178836
0.3109243697478992,0.044263013
0.3221288515406162,0.076520845
0.2969187675070028,0.04490089
0.3277310924369747,0.01437811
0.3333333333333333,0.0059480015
0.3697478991596638,-0.0025807628
0.3585434173669468,-0.0034512975
0.3221288515406162,0.0067187734
0.6530612244897966,0.018707722
0.5816326530612201,0.014574069
0.5,0.018247927
0.428571428571427,0.032323964
0.4693877551020406,0.04481438
0.3673469387755084,0.013240663
0.3469387755102033,-0.05061839
0.3265306122448912,0.0014955932
0.3367346938775526,-0.008252471
0.3469387755102033,0.026435517
0.563380281690141,0.011811045
0.619718309859155,-0.02416034
0.6619718309859155,0.043715667
0.6901408450704225,0.052006498
0.7183098591549296,0.039821375
0.7323943661971831,-0.037695475
0.7605633802816905,0.054806232
0.7464788732394365,-0.010091853
0.76056338028169,0.047719337
0.76056338028169,0.04890333
0.0,0.008643653
0.0,0.057134397
0.0,0.02135188
0.0,0.047735788
0.0,0.049268983
0.0,-0.040282644
0.0,0.052371394
0.0,-0.01841094
0.0,-0.045575414
0.0,0.034637395
0.3956521739130441,0.0026421743
0.3739495798319332,0.02125653
0.3643724696356276,0.031519435
0.3441295546558702,-0.017606331
0.3319838056680169,-0.022327174
0.3036437246963555,0.03963879
0.2995951417004043,0.050397493
0.3076923076923084,-0.025617277
0.3076923076923075,-0.0005082616
0.3036437246963563,0.040166825
0.7000000000000028,-0.026515309
0.6947368421052644,0.031735756
0.7315789473684191,0.005164282
0.7105263157894797,-0.004667084
0.7578947368421112,0.01023587
0.7578947368421112,-0.0057987426
0.7736842105263193,-0.0175564
0.7578947368421041,0.04968571
0.742105263157903,0.009098815
0.742105263157903,0.005434388
0.3025210084033613,0.019457668
0.3109243697478991,0.07566605
0.3221288515406163,0.036780026
0.2969187675070028,0.06802712
0.3277310924369749,0.051280025
0.3333333333333333,0.016238607
0.3697478991596639,0.016222207
0.3585434173669467,-0.005669282
0.3221288515406163,0.00034846168
0.3193277310924369,0.0058486047
0.5816326530612237,0.025801558
0.5,0.03081725
0.428571428571427,0.024479905
0.4693877551020389,0.024837926
0.3673469387755119,0.0372292
0.3469387755102069,0.024787676
0.3265306122448983,-0.0467399
0.336734693877549,0.0028240334
0.3469387755102033,-0.0010578157
0.3775510204081609,0.022388149
0.619718309859155,0.010285873
0.6619718309859155,-0.01610651
0.6901408450704225,0.033011965
0.7183098591549291,0.052656945
0.7323943661971831,0.032419663
0.7605633802816902,-0.040628973
0.746478873239437,0.058037423
0.76056338028169,-0.009239289
0.76056338028169,0.047862902
0.76056338028169,0.037550177
0.0,0.0090855975
0.0,0.054450884
0.0,0.027577702
0.0,0.055253904
0.0,0.052981857
0.0,-0.031947125
0.0,0.0563861
0.0,-0.025472252
0.0,-0.050640307
0.0,0.0366771
0.3521739130434778,0.0016558978
0.3403361344537803,0.021816935
0.3441295546558702,0.024927706
0.331983805668016,-0.017672649
0.3036437246963572,-0.029821848
0.2995951417004043,0.035248347
0.3076923076923066,0.05349675
0.3076923076923084,-0.00952001
0.3036437246963563,0.010974924
0.2955465587044532,0.037199873
0.6947368421052644,-0.021994459
0.7315789473684191,0.025482515
0.7105263157894726,-0.00031118386
0.7578947368421041,0.00036979665
0.7578947368421112,0.019638892
0.7736842105263193,-0.011019168
0.7578947368421041,-0.013845607
0.7421052631578959,0.04800718
0.742105263157903,0.0076039387
0.7684210526315809,0.014285395
0.3109243697478991,0.015576789
0.3221288515406162,0.07562511
0.2969187675070028,0.0301476
0.3277310924369748,0.06329507
0.3333333333333334,0.049981494
0.3697478991596638,0.024037635
0.3585434173669468,0.01458011
0.3221288515406162,-0.0044017145
0.319327731092437,0.0018764365
0.3025210084033613,-0.00040767877
0.5,0.027882587
0.4285714285714235,0.03143787
0.4693877551020406,0.02439817
0.3673469387755101,0.03070864
0.3469387755102069,0.046573695
0.3265306122448983,0.018708229
0.3367346938775526,-0.05539097
0.3469387755102033,-0.0017358649
0.3775510204081627,0.0034564089
0.4183673469387745,0.039814495
0.6619718309859159,0.00416593
0.6901408450704225,-0.024559943
0.7183098591549295,0.029489234
0.732394366197183,0.047571693
0.7605633802816902,0.031083576
0.7464788732394367,-0.040784474
0.7605633802816905,0.050636105
0.76056338028169,-0.008693363
0.76056338028169,0.049737196
0.7464788732394365,0.040832456
0.0,0.0038924902
0.0,0.053172145
0.0,0.028021514
0.0,0.05359575
0.0,0.05428594
0.0,-0.03519616
0.0,0.04625289
0.0,-0.022943586
0.0,-0.04488084
0.0,0.037711665
0.3173913043478258,0.002754094
0.3193277310924358,0.032717217
0.331983805668016,0.022380205
0.3036437246963563,-0.017170435
0.2995951417004043,-0.028637731
0.3076923076923066,0.039265476
0.3076923076923066,0.045639742
0.3036437246963572,-0.0069752783
0.2955465587044532,0.015129604
0.2874493927125501,0.03164679
0.7315789473684191,-0.015891334
0.7105263157894726,0.018216271
0.7578947368421041,0.006481312
0.7578947368421041,0.0035072486
0.7736842105263193,0.023880009
0.7578947368421112,-0.011918376
0.742105263157903,0.006809662
0.7421052631578959,0.04332945
0.7684210526315809,-0.00021779013
0.7736842105263193,0.0222489
0.3221288515406162,0.020822858
0.2969187675070027,0.07940437
0.3277310924369748,0.027684443
0.3333333333333333,0.05998329
0.3697478991596639,0.048008293
0.3585434173669467,0.023911318
0.3221288515406162,0.023360886
0.3193277310924369,0.003360496
0.3025210084033614,-0.005498937
0.288515406162465,-0.013053206
0.428571428571427,0.016998952
0.4693877551020371,0.027956672
0.3673469387755101,0.027591279
0.3469387755102033,0.020620458
0.3265306122448983,0.048520092
0.3367346938775526,0.024634272
0.3469387755102033,-0.063961506
0.3775510204081591,-0.0032083867
0.4183673469387745,0.008012648
0.4183673469387745,0.04068298
0.690140845070423,0.0013458949
0.7183098591549295,-0.012782449
0.732394366197183,0.03178766
0.76056338028169,0.051410686
0.7464788732394367,0.016755033
0.7605633802816902,-0.04296646
0.7605633802816905,0.059992082
0.76056338028169,-0.016634446
0.746478873239437,0.0538797
0.732394366197183,0.03254128
0.0,-0.0012197187
0.0,0.047936242
0.0,0.028030675
0.0,0.061640784
0.0,0.04721066
0.0,-0.042076208
0.0,0.0577709
0.0,-0.031418964
0.0,-0.04036412
0.0,0.043219708
0.2956521739130444,-0.0014429452
0.3067226890756291,0.033001114
0.3036437246963563,0.018674709
0.2995951417004043,-0.022674166
0.3076923076923084,-0.023047894
0.3076923076923066,0.03740928
0.3036437246963555,0.046995476
0.295546558704455,-0.014145292
0.2874493927125501,0.021646041
0.2793522267206478,0.026938643
0.7105263157894797,-0.021340828
0.7578947368421041,0.01434912
0.7578947368421041,0.007570425
0.7736842105263193,-0.012114894
0.7578947368421112,0.02437814
0.742105263157903,-0.013652846
0.742105263157903,0.007278812
0.7684210526315809,0.04157806
0.7736842105263193,0.00021686393
0.8000000000000043,0.019060193
0.2969187675070028,0.026248967
0.3277310924369747,0.09150504
0.3333333333333333,0.02291052
0.3697478991596638,0.0636046
0.3585434173669469,0.059992675
0.3221288515406161,0.021149766
0.3193277310924369,0.030745408
0.3025210084033613,-0.0056901155
0.288515406162465,-0.0033313315
0.2913165266106443,-0.0023537
0.4693877551020406,0.030566145
0.3673469387755084,0.027478157
0.3469387755102033,0.02565091
0.3265306122448965,0.01753806
0.3367346938775526,0.0467666
0.3469387755102069,0.032924518
0.3775510204081627,-0.064311676
0.4183673469387727,0.0024808599
0.4183673469387745,0.011380845
0.408163265306122,0.035872
0.71830985915493,0.0017389823
0.732394366197183,-0.010217987
0.76056338028169,0.045464266
0.7464788732394365,0.054195873
0.7605633802816902,0.025281208
0.7605633802816902,-0.041634522
0.7605633802816905,0.062890396
0.7464788732394365,-0.022315692
0.732394366197183,0.048751105
0.7183098591549291,0.043661088
0.0,-0.005454503
0.0,0.052479718
0.0,0.04231602
0.0,0.06889279
0.0,0.07358369
0.0,-0.033923626
0.0,0.062188815
0.0,-0.03909529
0.0,-0.047471985
0.0,0.054632086
0.2826086956521738,-0.0018486717
0.2773109243697469,0.025498334
0.2995951417004052,0.02171387
0.3076923076923075,-0.026049668
0.3076923076923084,-0.024218047
0.3036437246963555,0.0352687
0.2955465587044532,0.054792896
0.287449392712551,0.0040150653
0.2793522267206478,0.029147288
0.2914979757085021,0.03791196
0.7578947368421041,-0.021686908
0.7578947368421041,0.020501198
0.7736842105263193,0.016979793
0.7578947368421041,-0.027699007
0.742105263157903,0.033915468
0.742105263157903,-0.014978258
0.768421052631588,0.0059700883
0.7736842105263193,0.042878564
0.8000000000000043,-0.00065817486
0.810526315789474,0.005830744
0.3277310924369748,0.01812432
0.3333333333333333,0.100209065
0.3697478991596639,0.018643424
0.3585434173669468,0.07341786
0.3221288515406163,0.07503941
0.3193277310924369,0.022349207
0.3025210084033613,0.029968763
0.2885154061624649,-0.0075753676
0.2913165266106443,-0.0008960578
0.2969187675070028,-0.0033640512
0.3673469387755084,0.046414766
0.3469387755102033,0.025654078
0.3265306122448965,0.02840943
0.3367346938775526,0.013223305
0.3469387755102069,0.04396549
0.3775510204081627,0.04114896
0.4183673469387763,-0.069564015
0.4183673469387727,0.004208989
0.408163265306122,0.0059525743
0.4387755102040831,0.041155983
0.732394366197183,0.008718527
0.76056338028169,-0.015143719
0.746478873239437,0.046410356
0.76056338028169,0.06823193
0.7605633802816902,0.025777705
0.7605633802816902,-0.029738678
0.746478873239437,0.07339762
0.732394366197183,-0.022256652
0.7183098591549295,0.050180078
0.676056338028169,0.043971762
0.0,-0.023744404
0.0,0.056083072
0.0,0.04947699
0.0,0.07012751
0.0,0.08395342
0.0,-0.033432063
0.0,0.0705381
0.0,-0.04032174
0.0,-0.04227615
0.0,0.06621799
0.2521739130434781,-0.009007678
0.273109243697478,0.031154862
0.3076923076923075,0.01725368
0.3076923076923075,-0.023980372
0.3036437246963572,-0.039596368
0.295546558704455,0.023395287
0.287449392712551,0.058022395
0.2793522267206487,0.00019096502
0.2914979757085021,0.040161535
0.336032388663968,0.034823623
0.7578947368421041,-0.023382312
0.7736842105263193,0.030283576
0.7578947368421041,0.014873724
0.742105263157903,-0.031570528
0.742105263157903,0.029099815
0.7684210526315951,-0.015170366
0.7736842105263193,0.012224718
0.8000000000000043,0.03927017
0.810526315789474,-0.013498114
0.8000000000000043,0.009222081
0.3333333333333333,0.012189598
0.3697478991596638,0.102912255
0.3585434173669468,0.013415566
0.3221288515406162,0.074635334
0.319327731092437,0.081398785
0.3025210084033613,0.025029272
0.2885154061624649,0.03334601
0.2913165266106442,-0.00082865346
0.2969187675070028,-0.0056527653
0.2773109243697479,-0.0033884975
0.3469387755102033,0.05450106
0.3265306122448912,0.025870271
0.3367346938775526,0.029976988
0.3469387755102033,0.005090257
0.3775510204081627,0.04844997
0.4183673469387727,0.04148891
0.4183673469387763,-0.07006549
0.4081632653061184,0.0007553345
0.4387755102040831,0.0054769106
0.5,0.03884437
0.7605633802816905,0.007597157
0.7464788732394365,-0.0032480916
0.76056338028169,0.051581018
0.76056338028169,0.06596345
0.7605633802816902,0.019419737
0.7464788732394367,-0.028163722
0.732394366197183,0.07639207
0.7183098591549295,-0.031433918
0.676056338028169,0.04807435
0.549295774647887,0.044559862
0.0,-0.03331752
0.0,0.053530738
0.0,0.051540524
0.0,0.07525017
0.0,0.082118
0.0,-0.037984487
0.0,0.07974744
0.0,-0.04133527
0.0,-0.04675008
0.0,0.05808538
0.2478260869565218,-0.004287129
0.2815126050420158,0.041823618
0.3076923076923075,0.014415506
0.3036437246963563,-0.025685908
0.295546558704455,-0.04792217
0.287449392712551,0.017541183
0.2793522267206487,0.06653371
0.2914979757085039,-0.0025411504
0.3360323886639671,0.04423571
0.4453441295546554,0.030657964
0.7736842105263193,-0.026968984
0.7578947368421041,0.025164286
0.742105263157903,0.009769291
0.742105263157903,-0.03387772
0.768421052631588,0.026779596
0.7736842105263193,-0.024912992
0.8000000000000043,0.008255112
0.810526315789474,0.038597986
0.8000000000000043,-0.008328263
0.7578947368421041,0.008886222
0.3697478991596639,0.017190685
0.3585434173669467,0.10162127
0.3221288515406163,0.018808287
0.3193277310924369,0.07957465
0.3025210084033614,0.07787067
0.2885154061624649,0.02732497
0.2913165266106443,0.037514277
0.2969187675070027,-0.010784487
0.2773109243697479,0.010394395
0.2521008403361344,0.002666845
0.3265306122448983,0.053316824
0.336734693877549,0.023367856
0.3469387755102033,0.029310359
0.3775510204081609,0.0012862042
0.4183673469387763,0.0447201
0.4183673469387727,0.036456738
0.408163265306122,-0.06720407
0.4387755102040778,0.0064985603
0.5,0.007107719
0.5,0.03618796
0.746478873239437,0.015353497
0.76056338028169,0.0048970897
0.76056338028169,0.060408425
0.76056338028169,0.062253404
0.7464788732394367,0.019617163
0.7323943661971831,-0.029018115
0.71830985915493,0.07030676
0.676056338028169,-0.035409473
0.5492957746478875,0.054796
0.464788732394366,0.050348744
0.0,-0.030815898
0.0,0.04953715
0.0,0.053296678
0.0,0.07543757
0.0,0.094153956
0.0,-0.029765237
0.0,0.07929659
0.0,-0.043732
0.0,-0.041734032
0.0,0.06539232
0.2565217391304344,-0.00543987
0.2815126050420158,0.026374301
0.3036437246963563,0.007618619
0.2955465587044532,-0.022897832
0.287449392712551,-0.04331887
0.2793522267206487,0.021876704
0.2914979757085003,0.07881296
0.3360323886639698,0.008915422
0.4453441295546554,0.053779118
0.5384615384615383,0.03777043
0.7578947368421041,-0.025511092
0.7421052631578959,0.02923526
0.742105263157903,0.015214205
0.7684210526315809,-0.046346866
0.7736842105263193,0.023808446
0.8000000000000043,-0.019525869
0.810526315789474,0.0030026413
0.8000000000000043,0.034649577
0.7578947368421041,-0.011152635
0.7052631578947341,0.0027303204
0.3585434173669468,0.016270526
0.3221288515406162,0.1036466
0.319327731092437,0.020929322
0.3025210084033613,0.076008484
0.2885154061624651,0.07223377
0.2913165266106441,0.026487265
0.2969187675070028,0.030235713
0.2773109243697478,-0.015546787
0.2521008403361345,0.008417737
0.257703081232493,0.0064545427
0.3367346938775526,0.061845217
0.3469387755102033,0.018064747
0.3775510204081627,0.031091142
0.4183673469387745,0.0035242513
0.4183673469387763,0.039255798
0.408163265306122,0.041142892
0.4387755102040813,-0.060190223
0.5,0.010103285
0.5,0.0026805913
0.4183673469387745,0.0323818
0.7605633802816905,0.027384814
0.76056338028169,0.005506444
0.76056338028169,0.059066292
0.7464788732394365,0.06871697
0.7323943661971831,0.016049951
0.7183098591549297,-0.026759591
0.676056338028169,0.07925929
0.5492957746478875,-0.032905348
0.4647887323943664,0.045157768
0.4225352112676055,0.04749945
0.0,-0.030046044
0.0,0.045972314
0.0,0.052401043
0.0,0.07866731
0.0,0.09419015
0.0,-0.023754142
0.0,0.07980703
0.0,-0.045373805
0.0,-0.043407544
0.0,0.06987293
0.2565217391304344,-0.008210622
0.2773109243697469,0.03297978
0.2955465587044532,0.004491779
0.2874493927125501,-0.022385962
0.2793522267206469,-0.052019138
0.2914979757085021,0.020407148
0.336032388663968,0.0708442
0.4453441295546554,0.0015608285
0.5384615384615374,0.049040426
0.57085020242915,0.039869126
0.742105263157903,-0.027571889
0.7421052631578959,0.040098887
0.7684210526315809,0.015469195
0.7736842105263193,-0.050241888
0.8000000000000043,0.020039551
0.8105263157894811,-0.01792099
0.8000000000000043,0.0034286822
0.7578947368421041,0.03863299
0.7052631578947413,-0.02293343
0.6578947368421098,0.011229314
0.3221288515406162,0.012272816
0.3193277310924369,0.10807013
0.3025210084033614,0.018371474
0.288515406162465,0.08183795
0.2913165266106443,0.078115426
0.2969187675070027,0.016833467
0.2773109243697479,0.02975445
0.2521008403361344,-0.019369556
0.257703081232493,0.00041083246
0.238095238095238,0.006233324
0.3469387755102033,0.065548025
0.3775510204081591,0.015223222
0.4183673469387745,0.027273959
0.4183673469387745,0.006687794
0.408163265306122,0.043957803
0.4387755102040813,0.04131162
0.5,-0.06281765
0.5,0.008712652
0.4183673469387745,0.0012635218
0.3775510204081609,0.03077568
0.7605633802816905,0.026256254
0.76056338028169,0.00952276
0.746478873239437,0.06348515
0.732394366197183,0.07004602
0.7183098591549296,0.016778557
0.6760563380281691,-0.03094785
0.5492957746478875,0.089101166
0.4647887323943664,-0.037125632
0.4225352112676055,0.04300528
0.309859154929577,0.04525927
0.0,-0.03277738
0.0,0.05174237
0.0,0.056225285
0.0,0.08394101
0.0,0.09885311
0.0,-0.032420527
0.0,0.07605641
0.0,-0.043694116
0.0,-0.042120907
0.0,0.062602274
0.2521739130434781,-0.0056138956
0.2689075630252091,0.041727602
0.2874493927125501,0.0056037433
0.2793522267206478,-0.019933987
0.2914979757085021,-0.051092055
0.336032388663968,0.01863731
0.4453441295546554,0.07830019
0.5384615384615383,0.00068517966
0.5708502024291491,0.041162897
0.6882591093117405,0.042158652
0.742105263157903,-0.025970474
0.7684210526315809,0.03824364
0.7736842105263193,0.019764824
0.8000000000000043,-0.051703997
0.810526315789474,0.0155312875
0.8000000000000043,-0.020990666
0.7578947368421041,-0.002890597
0.7052631578947341,0.042487185
0.6578947368421098,-0.016007654
0.6157894736842167,0.010298209
0.3193277310924369,0.015897276
0.3025210084033613,0.112263314
0.288515406162465,0.024281114
0.2913165266106443,0.09009367
0.2969187675070028,0.079869054
0.2773109243697478,0.018648384
0.2521008403361344,0.029230418
0.2577030812324929,-0.020964904
0.2380952380952382,0.010567687
0.2100840336134453,0.006501953
0.3775510204081627,0.06734979
0.4183673469387727,0.011119183
0.4183673469387745,0.028374992
0.408163265306122,0.0068595074
0.4387755102040849,0.04592253
0.5,0.041454405
0.5,-0.071589336
0.4183673469387727,0.011883315
0.3775510204081627,0.0026862975
0.3673469387755101,0.036202792
0.7605633802816905,0.030370707
0.7464788732394365,0.0039814524
0.732394366197183,0.0654682
0.7183098591549291,0.07579202
0.6760563380281691,0.024254842
0.5492957746478875,-0.026276492
0.4647887323943664,0.089768186
0.4225352112676055,-0.034162894
0.3098591549295775,0.048898518
0.28169014084507,0.050509803
0.0,-0.032737125
0.0,0.060763773
0.0,0.058914788
0.0,0.078381404
0.0,0.10446432
0.0,-0.023971502
0.0,0.08037798
0.0,-0.04804163
0.0,-0.036756974
0.0,0.067704126
0.2434782608695656,-0.01231859
0.2605042016806713,0.03251621
0.2793522267206478,0.00064602075
0.2914979757085021,-0.021249043
0.336032388663968,-0.056333486
0.4453441295546554,0.022457045
0.5384615384615383,0.08675995
0.5708502024291509,-0.0033443996
0.6882591093117405,0.04586126
0.7327935222672064,0.04262641
