Actual,Predicted
0.5641025641025692,0.4044494
0.5512820512820582,0.4277524
0.551282051282044,0.48560983
0.5499999999999972,0.4122515
0.5783132530120412,0.3349819
0.6265060240964004,0.39731055
0.6265060240964004,0.40758395
0.6024096385542208,0.40682998
0.6024096385542208,0.43749878
0.5301204819277245,0.34109348
0.6825396825396828,0.3696432
0.9206349206349208,0.4486135
0.9047619047619052,0.40046078
0.8571428571428568,0.3474535
0.8095238095238098,0.37856418
0.7301587301587302,0.39093852
0.5079365079365084,0.42362666
0.3650793650793651,0.45561674
0.3174603174603176,0.4487682
0.3088235294117645,0.41592655
0.0,0.439412
0.25,0.42014134
0.0,0.4159418
0.0,0.43046394
0.0,0.37563345
0.0,0.38902473
0.0,0.34040868
0.0624999999999928,0.36824432
0.0,0.42510107
0.0,0.3588097
0.3650793650793655,0.35490513
0.3875598086124405,0.4454293
0.392344497607656,0.3873576
0.3971291866028714,0.4423247
0.4258373205741623,0.42947
0.4880382775119631,0.3933206
0.6363636363636367,0.39406005
0.7559808612440193,0.47132248
0.7320574162679421,0.37619972
0.7799043062200965,0.4407001
0.551282051282044,0.41236064
0.5512820512820582,0.42746255
0.5641025641025408,0.4846513
0.5999999999999943,0.41052654
0.6265060240963862,0.34544155
0.6265060240964004,0.39882684
0.6024096385542208,0.40769905
0.6024096385542208,0.40632448
0.5301204819277103,0.4334189
0.4819277108433795,0.34403616
0.9206349206349208,0.37254098
0.9047619047619048,0.44676107
0.8571428571428572,0.4020557
0.8095238095238093,0.35499728
0.7301587301587302,0.3816161
0.5079365079365079,0.385967
0.3650793650793651,0.4168989
0.3174603174603172,0.45710912
0.2539682539682539,0.45102182
0.2647058823529411,0.41670734
0.25,0.43158224
0.0,0.41800368
0.0,0.41852936
0.0,0.43534195
0.0,0.37838683
0.0,0.39195412
0.0624999999999928,0.34074798
0.0,0.37258583
0.0,0.4233634
0.0,0.35931432
0.3227513227513228,0.35592926
0.3923444976076542,0.44639587
0.3971291866028714,0.39412773
0.4258373205741623,0.44917768
0.4880382775119596,0.42588767
0.6363636363636367,0.39289925
0.7559808612440193,0.39608732
0.7320574162679439,0.47114062
0.7799043062200957,0.38271624
0.8421052631578947,0.44495136
0.551282051282044,0.4144736
0.5641025641025834,0.4273318
0.615384615384599,0.48022097
0.6500000000000057,0.4075442
0.6265060240963862,0.3490341
0.602409638554235,0.40136576
0.6024096385542208,0.40653154
0.5301204819277103,0.40621483
0.4819277108433795,0.4305664
0.3975903614457792,0.3452854
0.9047619047619048,0.3710438
0.8571428571428572,0.44670117
0.8095238095238093,0.4009376
0.7301587301587298,0.36170918
0.5079365079365081,0.38214082
0.3650793650793651,0.38409412
0.3174603174603172,0.41487685
0.2539682539682535,0.4578682
0.2063492063492065,0.45469016
0.3382352941176472,0.41783044
0.0,0.42877832
0.0,0.4157291
0.0,0.42249843
0.0,0.43654248
0.0,0.37980106
0.0625,0.39408106
0.0,0.34257826
0.0,0.37491688
0.0,0.4218251
0.0,0.36251307
0.3280423280423274,0.3555413
0.3971291866028714,0.44759434
0.4258373205741641,0.39719912
0.4880382775119614,0.45312083
0.6363636363636358,0.42576468
0.7559808612440193,0.39411017
0.7320574162679439,0.40275002
0.7799043062200965,0.4725245
0.8421052631578947,0.38423917
0.7894736842105265,0.44681185
0.5641025641025692,0.41627786
0.6153846153846132,0.42831936
0.6666666666666714,0.47965494
0.6500000000000057,0.4065786
0.6024096385542208,0.3501034
0.602409638554235,0.4033922
0.5301204819276961,0.40624678
0.4819277108433653,0.4082094
0.3975903614457792,0.42881778
0.2891566265060419,0.3447103
0.8571428571428572,0.368329
0.8095238095238095,0.44741523
0.7301587301587302,0.40073344
0.5079365079365079,0.3645866
0.3650793650793651,0.3829536
0.3174603174603172,0.3842699
0.2539682539682539,0.4112627
0.206349206349206,0.45790353
0.285714285714286,0.45461527
0.3235294117647056,0.42102093
0.0,0.42812145
0.0,0.4164139
0.0,0.42257783
0.0,0.43876386
0.0625,0.38065997
0.0,0.3926129
0.0,0.34086406
0.0,0.37423596
0.0,0.4216807
0.0,0.36334446
0.3333333333333339,0.35510832
0.4258373205741641,0.44975367
0.4880382775119614,0.39844903
0.6363636363636367,0.45476252
0.7559808612440202,0.42626902
0.7320574162679439,0.39500156
0.7799043062200965,0.40437466
0.8421052631578938,0.47324556
0.7894736842105265,0.38424104
0.7846889952153111,0.45092008
0.6153846153846132,0.4185287
0.6666666666666714,0.43150973
0.6666666666666714,0.47889718
0.625,0.40566906
0.6024096385542208,0.35082424
0.5301204819277245,0.40585017
0.4819277108433795,0.40597844
0.3975903614457792,0.40826374
0.2891566265060277,0.42889473
0.2650602409638622,0.34479922
0.8095238095238098,0.36776614
0.7301587301587302,0.4471485
0.5079365079365084,0.3997373
0.3650793650793651,0.36780277
0.3174603174603176,0.3865559
0.2539682539682539,0.38304418
0.206349206349206,0.41033924
0.2857142857142856,0.45768988
0.2698412698412702,0.45576635
0.3970588235294117,0.42386305
0.0,0.42468897
0.0,0.4144854
0.0,0.4244543
0.0624999999999928,0.439852
0.0,0.3804606
0.0,0.39284554
0.0,0.33741045
0.0,0.37463385
0.0,0.42188326
0.0,0.36520898
0.3650793650793655,0.35404584
0.4880382775119631,0.45171964
0.6363636363636367,0.40196884
0.7559808612440193,0.4586078
0.7320574162679421,0.42377624
0.7799043062200965,0.39427403
0.8421052631578956,0.4063148
0.7894736842105257,0.47464514
0.784688995215312,0.3862633
0.7177033492822975,0.45425916
0.6666666666666714,0.41702288
0.6666666666666714,0.43485978
0.6410256410256352,0.4800865
0.625,0.40364388
0.5301204819277103,0.35152248
0.4819277108433795,0.40877476
0.3975903614457792,0.4058138
0.2891566265060135,0.4073956
0.2650602409638622,0.43214753
0.3855421686747178,0.34547538
0.7301587301587302,0.36846596
0.5079365079365079,0.4492959
0.3650793650793651,0.39926246
0.3174603174603172,0.3662277
0.2539682539682539,0.3905861
0.206349206349206,0.38290504
0.2857142857142851,0.4104538
0.2698412698412697,0.45815858
0.3492063492063493,0.45564798
0.8676470588235294,0.4288203
0.0,0.42373535
0.0,0.4128913
0.0624999999999928,0.42605898
0.0,0.4398071
0.0,0.38093635
0.0,0.39133865
0.0,0.33140802
0.0,0.37451953
0.0,0.41990292
0.0,0.36488456
0.4338624338624335,0.35582352
0.6363636363636367,0.45227745
0.7559808612440193,0.40456036
0.7320574162679439,0.4619829
0.7799043062200957,0.4219171
0.8421052631578947,0.39396688
0.7894736842105257,0.40927547
0.7846889952153102,0.47772884
0.7177033492822966,0.39113474
0.4449760765550259,0.45508948
0.6666666666666714,0.41531563
0.6410256410256494,0.4390114
0.6410256410256352,0.47899914
0.5499999999999972,0.4053185
0.4819277108433795,0.3484362
0.3975903614457792,0.41002327
0.2891566265060135,0.40521887
0.2650602409638622,0.40980357
0.3855421686747178,0.43578357
0.3614457831325381,0.34591082
0.5079365079365081,0.367994
0.3650793650793651,0.44958776
0.3174603174603172,0.39891893
0.2539682539682535,0.36616337
0.2063492063492065,0.39329547
0.2857142857142856,0.38501737
0.2698412698412702,0.4101632
0.3492063492063488,0.456828
0.8571428571428572,0.4529982
0.9558823529411764,0.43078116
0.0,0.42381933
0.0625,0.41272324
0.0,0.42964578
0.0,0.43799347
0.0,0.38174215
0.0,0.38807824
0.0,0.32683033
0.0,0.3726164
0.0,0.4219503
0.5000000000000142,0.3630735
0.5978835978835981,0.35206836
0.7559808612440193,0.45342448
0.7320574162679439,0.40560338
0.7799043062200965,0.4616591
0.8421052631578947,0.4220013
0.7894736842105265,0.3942183
0.784688995215312,0.41005734
0.7177033492822957,0.47952026
0.4449760765550241,0.3910798
0.3588516746411496,0.45662227
0.6410256410256352,0.41893476
0.6410256410256494,0.4417816
0.5641025641025408,0.47953844
0.5,0.40483156
0.3975903614457792,0.34515435
0.2891566265060419,0.40687385
0.2650602409638622,0.40800965
0.3855421686747036,0.41182968
0.3614457831325381,0.4347403
0.3734939759036422,0.34568834
0.3650793650793651,0.369643
0.3174603174603172,0.45018873
0.2539682539682539,0.39865893
0.206349206349206,0.368926
0.285714285714286,0.39138997
0.2698412698412697,0.3860159
0.3492063492063493,0.41037205
0.8571428571428568,0.4616953
0.9523809523809526,0.45666543
0.8529411764705881,0.42965287
0.0625,0.4226145
0.0,0.41336834
0.0,0.43250197
0.0,0.44018826
0.0,0.37803525
0.0,0.38964352
0.0,0.32683176
0.0,0.3722135
0.5,0.42269802
0.1875000000000142,0.36409226
0.7301587301587311,0.34757164
0.7320574162679439,0.45396143
0.7799043062200965,0.40920025
0.8421052631578938,0.46236795
0.7894736842105265,0.42402744
0.7846889952153111,0.3938406
0.7177033492822975,0.41105598
0.4449760765550241,0.48153335
0.3588516746411496,0.38924876
0.411483253588516,0.45759413
0.6410256410256352,0.41736454
0.5641025641025834,0.4463149
0.512820512820511,0.4803634
0.4124999999999943,0.40492934
0.2891566265060277,0.34035057
0.2650602409638622,0.40508667
0.3855421686747036,0.40880173
0.3614457831325239,0.4128547
0.373493975903628,0.43479633
0.4337349397590628,0.34638083
0.3174603174603176,0.37055
0.2539682539682539,0.4504661
0.206349206349206,0.39805725
0.2857142857142856,0.36986446
0.2698412698412702,0.39147234
0.3492063492063493,0.3883631
0.8571428571428572,0.41133764
0.952380952380952,0.46351507
0.8412698412698414,0.45524055
0.911764705882353,0.42853692
0.0,0.4214645
0.0,0.41275385
0.0,0.43563682
0.0,0.43962798
0.0,0.37486008
0.0,0.3891283
0.0,0.3264125
0.4999999999999929,0.37015885
0.1875,0.42139342
0.0,0.36413658
0.7037037037037042,0.3455916
0.7799043062200965,0.45183516
0.8421052631578956,0.41314998
0.7894736842105257,0.46188867
0.784688995215312,0.42636433
0.7177033492822975,0.3926185
0.4449760765550259,0.41505983
0.3588516746411478,0.48550305
0.411483253588516,0.38622072
0.4066985645933023,0.45720038
0.5641025641025692,0.41850388
0.512820512820511,0.44959468
0.4230769230769056,0.48141265
0.2999999999999829,0.40546703
0.2650602409638622,0.3352298
0.3855421686747178,0.39972368
0.3614457831325381,0.4073953
0.3734939759036138,0.413401
0.4337349397590344,0.43688902
0.5783132530120554,0.3446029
0.2539682539682539,0.37003866
0.206349206349206,0.44766444
0.2857142857142851,0.3978651
0.2698412698412697,0.37112758
0.3492063492063493,0.390082
0.8571428571428572,0.39010772
0.9523809523809526,0.41043496
0.841269841269841,0.46634436
0.9047619047619048,0.4546573
0.9411764705882352,0.42496824
0.0,0.42267898
0.0,0.41499895
0.0,0.43810827
0.0,0.43802407
0.0,0.37162995
0.0,0.38759267
0.5000000000000071,0.32710794
0.1874999999999858,0.36767703
0.0,0.42193913
0.0,0.36177403
0.7566137566137563,0.34219372
0.8421052631578947,0.45056698
0.7894736842105257,0.41100132
0.7846889952153102,0.45763493
0.7177033492822966,0.43084165
0.4449760765550259,0.39137822
0.3588516746411496,0.41512054
0.4114832535885178,0.48635933
0.4066985645933023,0.38087898
0.3923444976076542,0.45691088
0.512820512820511,0.4163744
0.4230769230769198,0.4483232
0.3076923076922782,0.48228252
0.2749999999999915,0.40822074
0.3855421686747178,0.33238417
0.3614457831325381,0.39656624
0.3734939759035995,0.40864044
0.4337349397590344,0.41339654
0.5783132530120412,0.43907586
0.5903614457831594,0.34287804
0.2063492063492065,0.37133032
0.2857142857142856,0.44591054
0.2698412698412702,0.39960587
0.3492063492063488,0.36889833
0.8571428571428572,0.39109185
0.9523809523809524,0.38903147
0.8412698412698414,0.41291437
0.9047619047619048,0.4682325
0.9365079365079368,0.45293924
0.9852941176470588,0.4216096
0.0,0.42290857
0.0,0.4143488
0.0,0.43919554
0.0,0.43436253
0.0,0.36949292
0.5000000000000142,0.38855547
0.1875000000000071,0.32568714
0.0,0.3674244
0.0,0.4244048
0.3125,0.3576988
0.825396825396826,0.3421106
0.7894736842105265,0.44912538
0.784688995215312,0.40888554
0.7177033492822957,0.4565594
0.4449760765550241,0.4303218
0.3588516746411496,0.39076313
0.4114832535885178,0.41575745
0.4066985645933023,0.48776436
0.3923444976076542,0.3790851
0.3540669856459342,0.45534652
0.4230769230769198,0.41616142
0.3076923076923208,0.44688505
0.2820512820512704,0.4804637
0.4000000000000057,0.407042
0.3614457831325381,0.32831156
0.3734939759036422,0.39465046
0.4337349397590344,0.40863132
0.5783132530120412,0.41113678
0.590361445783131,0.4403358
0.5662650602409798,0.3408509
0.285714285714286,0.37373498
0.2698412698412697,0.4425003
0.3492063492063493,0.40206584
0.8571428571428568,0.36838776
0.9523809523809526,0.3904923
0.8412698412698412,0.3886599
0.9047619047619052,0.4158996
0.9365079365079364,0.4715748
0.9841269841269842,0.45432764
0.9705882352941178,0.4178949
0.0,0.42022958
0.0,0.41660193
0.0,0.43964332
0.0,0.43111008
0.5,0.36683458
0.1875000000000142,0.38908216
0.0,0.32487053
0.0,0.3688481
0.3125,0.42599913
0.4375,0.35606533
0.7671957671957674,0.33871078
0.7846889952153111,0.44966954
0.7177033492822975,0.40711823
0.4449760765550241,0.45197958
0.3588516746411496,0.43137407
0.411483253588516,0.3900488
0.4066985645933005,0.41458353
0.3923444976076542,0.4870866
0.3540669856459342,0.37639147
0.3397129186602878,0.45400655
0.3076923076923066,0.41525692
0.2820512820512846,0.44403568
0.4102564102564088,0.47718388
0.3749999999999858,0.40739593
0.373493975903628,0.32384107
0.4337349397590628,0.3939473
0.5783132530120412,0.40719834
0.590361445783131,0.41007128
0.5662650602409798,0.44152763
0.4819277108433795,0.3387464
0.2698412698412702,0.37370777
0.3492063492063493,0.44032502
0.8571428571428572,0.40406713
0.952380952380952,0.36741352
0.8412698412698414,0.38949037
0.9047619047619048,0.3889759
0.9365079365079368,0.41952443
0.9841269841269836,0.4716411
0.9682539682539684,0.4543708
0.9411764705882352,0.41457504
0.0,0.4180707
0.0,0.41791356
0.0,0.43946716
0.4999999999999929,0.42613405
0.1875,0.36551303
0.0,0.3892542
0.0,0.32460582
0.3124999999999929,0.36943176
0.4375,0.42689428
0.0,0.35567158
0.7619047619047628,0.33571848
0.7177033492822975,0.4500556
0.4449760765550259,0.4034551
0.3588516746411478,0.44819242
0.411483253588516,0.4322387
0.4066985645933023,0.39068696
0.392344497607656,0.4125241
0.3540669856459324,0.48548177
0.3397129186602861,0.37340045
0.3444976076555033,0.4530898
0.2820512820512846,0.4149542
0.410256410256423,0.4421911
0.3846153846153726,0.47458255
0.3875000000000028,0.40664932
0.4337349397590344,0.32211858
0.5783132530120554,0.39327726
0.5903614457831168,0.40545464
0.5662650602409656,0.407973
0.4819277108433795,0.44274038
0.4216867469879588,0.33880615
0.3492063492063493,0.3737224
0.8571428571428572,0.4402374
0.9523809523809526,0.4036929
0.841269841269841,0.36708313
0.9047619047619048,0.38809037
0.9365079365079364,0.38850683
0.9841269841269842,0.42254657
0.968253968253968,0.47345465
0.9365079365079368,0.455676
0.8088235294117647,0.4118697
0.0,0.41789585
0.0,0.41953966
0.5000000000000071,0.43952236
0.1874999999999858,0.42156196
0.0,0.36451584
0.0,0.3901692
0.3125,0.32737502
0.4374999999999929,0.3707063
0.0,0.42945567
0.0,0.3559111
0.6878306878306883,0.33296227
0.4449760765550259,0.4493617
0.3588516746411496,0.40036276
0.4114832535885178,0.4458484
0.4066985645933023,0.4327229
0.3923444976076542,0.39155373
0.3540669856459324,0.40906832
0.3397129186602878,0.48278812
0.3444976076555015,0.3731548
0.3588516746411496,0.45078963
0.410256410256423,0.41496107
0.3846153846153868,0.4389649
0.3974358974358694,0.4723427
0.4500000000000028,0.40454784
0.5783132530120412,0.32648644
0.5903614457831594,0.39202648
0.5662650602409798,0.4027034
0.4819277108433653,0.40392327
0.4216867469879588,0.44045326
0.3734939759036422,0.3420842
0.8571428571428572,0.37286142
0.9523809523809524,0.4414384
0.8412698412698414,0.40269196
0.9047619047619048,0.36994815
0.9365079365079368,0.38499215
0.9841269841269842,0.3865921
0.9682539682539684,0.42212975
0.9365079365079364,0.47467136
0.7936507936507937,0.45743188
0.7794117647058822,0.40730527
0.0,0.41766778
0.5000000000000142,0.42023978
0.1875000000000071,0.43908602
0.0,0.4222798
0.0,0.36429408
0.3125,0.39404374
0.4375000000000142,0.33427858
0.0,0.3727241
0.0,0.4286418
0.0,0.3580526
0.386243386243386,0.3344635
0.3588516746411496,0.44612443
0.4114832535885178,0.40007728
0.4066985645933023,0.4449543
0.3923444976076542,0.4329214
0.3540669856459342,0.39189532
0.3397129186602878,0.40960717
0.3444976076555015,0.48071325
0.3588516746411496,0.37536138
0.3827751196172251,0.44605142
0.3846153846153868,0.41119775
0.3974358974359262,0.43272018
0.4615384615384528,0.4709119
0.5999999999999943,0.40526015
0.590361445783131,0.329308
0.5662650602409798,0.39160404
0.4819277108433795,0.40281266
0.4216867469879588,0.40182367
0.373493975903628,0.43757725
0.3493975903614625,0.34150374
0.9523809523809526,0.37130392
0.8412698412698412,0.44347215
0.9047619047619052,0.40185446
0.9365079365079364,0.36685422
0.9841269841269842,0.3823503
0.9682539682539684,0.3871768
0.9365079365079368,0.4249156
0.793650793650793,0.4736067
0.7619047619047621,0.45767826
0.911764705882353,0.40810338
0.5,0.4217574
0.1875000000000142,0.41925701
0.0,0.4382582
0.0,0.42219082
0.3125,0.36544907
0.4375,0.3976365
0.0,0.33888316
0.0,0.37284046
0.0,0.42377022
0.0,0.35851163
0.2910052910052929,0.33887616
0.411483253588516,0.442072
0.4066985645933005,0.39679083
0.3923444976076542,0.44533128
0.3540669856459342,0.4309071
0.3397129186602878,0.39307287
0.3444976076555033,0.41086355
0.3588516746411478,0.48076347
0.3827751196172251,0.37622255
0.320574162679426,0.4421917
0.397435897435912,0.40710178
0.4615384615384812,0.43272153
0.615384615384599,0.47111392
0.6124999999999972,0.40833184
0.5662650602409798,0.33061522
0.4819277108433795,0.39492965
0.4216867469879588,0.40049586
0.3734939759036138,0.40129188
0.3493975903614483,0.4380919
0.3975903614457792,0.34031883
0.8412698412698414,0.36579347
0.9047619047619048,0.4435724
0.9365079365079368,0.40017164
0.9841269841269836,0.36113265
0.9682539682539684,0.38158143
0.9365079365079364,0.38424304
0.7936507936507939,0.42389256
0.7619047619047619,0.467215
0.9047619047619048,0.45844343
0.9264705882352942,0.4092507
0.1875,0.426961
0.0,0.42116544
0.0,0.43610808
0.3124999999999929,0.41965744
0.4375,0.36916324
0.0,0.39513463
0.0,0.34190384
0.0,0.37144887
0.0,0.42958638
0.0,0.36022195
0.3492063492063497,0.3402212
0.4066985645933023,0.4416803
0.392344497607656,0.38868845
0.3540669856459324,0.44322857
0.3397129186602861,0.42940065
0.3444976076555033,0.39691782
0.3588516746411496,0.40777412
0.3827751196172233,0.47558957
0.320574162679426,0.37503698
0.3253588516746433,0.44382668
0.461538461538467,0.4193866
0.6153846153846132,0.4312376
0.6282051282050958,0.47313875
0.5874999999999915,0.4043995
0.4819277108433795,0.34328148
0.4216867469879588,0.39376262
0.3734939759035995,0.40152857
0.3493975903614483,0.39866126
0.3975903614457792,0.4329315
0.3975903614457792,0.34620127
0.9047619047619048,0.3670808
0.9365079365079364,0.4468231
0.9841269841269842,0.399032
0.968253968253968,0.36913484
0.9365079365079368,0.37966007
0.7936507936507937,0.37895727
0.7619047619047619,0.41537812
0.9047619047619048,0.467716
0.9206349206349208,0.46379632
0.9705882352941178,0.4095911
0.0,0.42459756
0.0,0.4212276
0.3125,0.43207702
0.4374999999999929,0.43317047
0.0,0.3718376
0.0,0.3992596
0.0,0.34890243
0.0,0.37789756
0.0,0.4297043
0.0625,0.3632889
0.343915343915345,0.34187758
0.3923444976076542,0.44410658
0.3540669856459324,0.39034545
0.3397129186602878,0.44548374
0.3444976076555015,0.4285619
0.3588516746411496,0.39758033
0.3827751196172251,0.40011346
0.320574162679426,0.46975887
0.3253588516746415,0.37573668
0.3253588516746433,0.44768634
0.6153846153846132,0.42308348
0.6282051282051384,0.42989773
0.6025641025641022,0.4733075
0.5,0.40198663
0.4216867469879588,0.3495502
0.3734939759036422,0.3944128
0.3493975903614341,0.40310633
0.3975903614457792,0.3964882
0.3975903614457792,0.43234855
0.4096385542168832,0.3476497
0.9365079365079368,0.3706831
0.9841269841269842,0.45286644
0.9682539682539684,0.39754435
0.9365079365079364,0.37084725
0.7936507936507937,0.37602848
0.7619047619047619,0.3766059
0.9047619047619052,0.41627046
0.9206349206349204,0.46794626
0.9682539682539684,0.46783426
0.9264705882352942,0.41180363
0.0,0.42687225
0.3125,0.4201802
0.4375000000000142,0.43139726
0.0,0.44064945
0.0,0.3743257
0.0,0.4009438
0.0,0.35330784
0.0,0.37893605
0.0625,0.42586786
0.0,0.3657399
0.3280423280423274,0.34183955
0.3540669856459342,0.44525874
0.3397129186602878,0.3936589
0.3444976076555015,0.45102558
0.3588516746411496,0.42978895
0.3827751196172251,0.39663345
0.3205741626794243,0.40166685
0.3253588516746415,0.47029132
0.3253588516746415,0.3770736
0.3349282296650724,0.4496048
0.6282051282051242,0.41703755
0.6025641025641164,0.43469328
0.512820512820511,0.47421983
0.4375,0.4041188
0.373493975903628,0.35194075
0.3493975903614625,0.39890763
0.3975903614457792,0.40212604
0.3975903614457792,0.3995443
0.409638554216869,0.4342178
0.4819277108433795,0.3479882
0.9841269841269842,0.36958063
0.9682539682539684,0.45189464
0.9365079365079368,0.3960883
0.793650793650793,0.36361292
0.7619047619047621,0.3758989
0.9047619047619048,0.37853193
0.9206349206349204,0.41588265
0.968253968253968,0.46286014
0.9206349206349208,0.46280766
0.9852941176470588,0.416906
0.3125,0.42984658
0.4375,0.4200455
0.0,0.4344154
0.0,0.4373833
0.0,0.37842792
0.0,0.394781
0.0,0.35339594
0.0624999999999928,0.37428245
0.0,0.42610216
0.0,0.36388198
0.2857142857142882,0.34315607
0.3397129186602878,0.44693127
0.3444976076555033,0.39301172
0.3588516746411478,0.45295656
0.3827751196172251,0.43109226
0.320574162679426,0.39546812
0.3253588516746415,0.40154135
0.3253588516746415,0.46962962
0.3349282296650724,0.38001898
0.3157894736842106,0.44809693
0.6025641025641164,0.41050085
0.512820512820511,0.43217972
0.4487179487179418,0.47444332
0.3875000000000028,0.40650678
0.3493975903614483,0.35412368
0.3975903614457792,0.40168074
0.3975903614457792,0.40089282
0.4096385542168548,0.40590402
0.4819277108433795,0.43834472
0.5060240963855591,0.34678623
0.9682539682539684,0.36704284
0.9365079365079364,0.45178628
0.7936507936507939,0.3965198
0.7619047619047619,0.35552275
0.9047619047619048,0.3771692
0.9206349206349208,0.37935635
0.9682539682539684,0.4133909
0.9206349206349204,0.4571603
0.9841269841269842,0.45497224
0.8088235294117647,0.41922382
0.4375,0.43694806
0.0,0.4179277
0.0,0.43580732
0.0,0.435502
0.0,0.38427782
0.0,0.38846463
0.0624999999999928,0.34811652
0.0,0.37168905
0.0,0.4260831
0.0,0.35701445
0.2698412698412689,0.34453493
0.3444976076555033,0.450754
0.3588516746411496,0.38806593
0.3827751196172233,0.45562658
0.320574162679426,0.43185443
0.3253588516746433,0.39677244
0.3253588516746415,0.40470043
0.3349282296650724,0.4723755
0.3157894736842106,0.38289303
0.4641148325358859,0.4486409
0.512820512820511,0.41189718
0.448717948717956,0.43039054
0.3974358974358694,0.47888687
0.3624999999999971,0.4067984
0.3975903614457792,0.35089245
0.3975903614457792,0.4028708
0.4096385542168548,0.4053457
0.4819277108433653,0.41142184
0.5060240963855591,0.43690118
0.5783132530120554,0.3452481
0.9365079365079368,0.36171895
0.7936507936507937,0.451835
0.7619047619047619,0.39820135
0.9047619047619048,0.35616052
0.9206349206349208,0.3800978
0.9682539682539684,0.38006884
0.9206349206349204,0.41076958
0.9841269841269836,0.45599243
0.7936507936507937,0.45505834
0.9852941176470588,0.4176694
0.0,0.4387791
0.0,0.41779262
0.0,0.431435
0.0,0.4381011
0.0,0.38486326
0.0625,0.388345
0.0,0.34262043
0.0,0.37130326
0.0,0.42839596
0.5625,0.35932526
0.2751322751322735,0.34646747
0.3588516746411496,0.45241672
0.3827751196172251,0.38959387
0.320574162679426,0.45622995
0.3253588516746415,0.43142694
0.3253588516746433,0.39830235
0.3349282296650724,0.40275356
0.3157894736842106,0.475907
0.4641148325358841,0.38310194
0.4162679425837314,0.4508971
0.4487179487179418,0.41427508
0.3974358974359262,0.43105233
0.3717948717948474,0.48091125
0.4124999999999943,0.40503973
0.3975903614457792,0.35081276
0.4096385542168832,0.40621996
0.4819277108433795,0.4087711
0.5060240963855449,0.41251734
0.5783132530120412,0.4317778
0.5542168674699042,0.34295508
0.7936507936507937,0.36243346
0.7619047619047619,0.4514305
0.9047619047619052,0.3976019
0.9206349206349204,0.3633221
0.9682539682539684,0.3823723
0.9206349206349208,0.38412905
0.9841269841269842,0.40945584
0.793650793650793,0.45738682
0.9841269841269842,0.45469624
0.7794117647058822,0.42438003
0.0,0.43457812
0.0,0.41577002
0.0,0.42418998
0.0,0.44189715
0.0625,0.38379627
0.0,0.39134896
0.0,0.3408566
0.0,0.3693759
0.5625000000000142,0.42318946
0.0,0.36272028
0.2910052910052929,0.35029
0.3827751196172251,0.4534203
0.3205741626794243,0.39608732
0.3253588516746415,0.45996147
0.3253588516746415,0.4304441
0.3349282296650724,0.39565083
0.3157894736842106,0.40351868
0.4641148325358841,0.4757616
0.4162679425837314,0.3814849
0.5215311004784695,0.4536415
0.397435897435912,0.41712952
0.3717948717948758,0.43826824
0.4230769230769056,0.4790399
0.4124999999999943,0.40224266
0.409638554216869,0.34647053
0.4819277108433795,0.41020122
0.5060240963855449,0.4057993
0.5783132530120412,0.40312767
0.55421686746989,0.43070933
0.5542168674699042,0.34085608
0.7619047619047621,0.367879
0.9047619047619048,0.45136464
0.9206349206349204,0.39344668
0.968253968253968,0.36897224
0.9206349206349208,0.3861475
0.9841269841269842,0.38406062
0.7936507936507939,0.41444787
0.9841269841269836,0.45833296
0.7619047619047621,0.46119842
0.6176470588235292,0.4313514
0.0,0.42661276
0.0,0.4147764
0.0,0.4228911
0.0624999999999928,0.44188026
0.0,0.3839867
0.0,0.39063025
0.0,0.34056726
0.5625,0.37130082
0.0,0.42004952
0.0,0.3664375
0.3174603174603181,0.34713185
0.320574162679426,0.45281455
0.3253588516746415,0.40116093
0.3253588516746415,0.46360555
0.3349282296650724,0.42478082
0.3157894736842106,0.39387658
0.4641148325358841,0.40245935
0.4162679425837314,0.4719577
0.5215311004784695,0.38345888
0.6124401913875612,0.4584171
0.3717948717948758,0.41483265
0.4230769230769198,0.4408092
0.4230769230769056,0.48214233
0.4249999999999829,0.40368262
0.4819277108433795,0.34706295
0.5060240963855591,0.41199663
0.5783132530120412,0.40424252
0.55421686746989,0.40414584
0.55421686746989,0.43474352
0.5060240963855591,0.34089327
0.9047619047619048,0.36971647
0.9206349206349208,0.448778
0.9682539682539684,0.39509895
0.9206349206349204,0.36361426
0.9841269841269842,0.3938214
0.7936507936507937,0.38222563
0.9841269841269842,0.41218498
0.7619047619047619,0.4536754
0.5873015873015874,0.45803174
0.588235294117647,0.43335813
0.0,0.42656735
0.0,0.41268343
0.0624999999999928,0.42328474
0.0,0.44138908
0.0,0.38572857
0.0,0.38516197
0.5625000000000142,0.3290681
0.0,0.36891812
0.0,0.41785628
0.0,0.3631544
0.2486772486772483,0.35112554
0.3253588516746433,0.4501031
0.3253588516746415,0.4016656
0.3349282296650724,0.46633434
0.3157894736842106,0.423697
0.4641148325358859,0.39460826
0.4162679425837314,0.4039694
0.5215311004784695,0.47476584
0.6124401913875612,0.38854322
0.588516746411484,0.45846015
0.4230769230769198,0.4104284
0.4230769230769198,0.4409628
0.4358974358974166,0.48216128
0.5,0.40518668
0.5060240963855591,0.34552315
0.5783132530120554,0.41224363
0.5542168674698758,0.40395096
0.55421686746989,0.40629873
0.5060240963855591,0.43844676
0.5542168674699042,0.34197918
0.9206349206349208,0.36900303
0.9682539682539684,0.448542
0.9206349206349204,0.39513686
0.9841269841269836,0.36156586
0.7936507936507937,0.39487633
0.9841269841269842,0.3834762
0.7619047619047619,0.41158795
0.587301587301587,0.4537875
0.5555555555555558,0.45354712
0.8970588235294117,0.43145922
0.0,0.42842498
0.0625,0.41160515
0.0,0.42683274
0.0,0.43770128
0.0,0.38507304
0.5625,0.38320678
0.0,0.32538775
0.0,0.36888555
0.0,0.4206154
0.25,0.36112761
0.2539682539682548,0.35064182
0.3253588516746433,0.4514306
0.3349282296650724,0.40298808
0.3157894736842106,0.46495456
0.4641148325358841,0.42523468
0.4162679425837314,0.39405248
0.5215311004784695,0.40844038
0.6124401913875595,0.4791636
0.588516746411484,0.39022395
0.411483253588516,0.4550557
0.4230769230769198,0.41013333
0.435897435897445,0.4421448
0.512820512820511,0.48146537
0.5250000000000057,0.404998
0.5783132530120412,0.34442246
0.5542168674699042,0.4150496
0.5542168674698758,0.40447614
0.5060240963855449,0.40608725
0.55421686746989,0.43815404
0.5060240963855591,0.3408382
0.9682539682539684,0.3666104
0.9206349206349208,0.44918317
0.9841269841269842,0.39353842
0.793650793650793,0.36306804
0.9841269841269842,0.39480206
0.7619047619047619,0.38375723
0.5873015873015874,0.4124924
0.5555555555555554,0.4546018
0.8888888888888891,0.45316333
0.6176470588235292,0.4335626
0.0625,0.427826
0.0,0.41205856
0.0,0.42826492
0.0,0.43713558
0.5625000000000142,0.38459274
0.0,0.38374949
0.0,0.32354236
0.0,0.36808988
0.25,0.42106304
0.8125,0.36245105
0.2539682539682548,0.35083136
0.3349282296650724,0.45285958
0.3157894736842106,0.40486413
0.4641148325358841,0.4677437
0.4162679425837314,0.4248566
0.5215311004784695,0.39472282
0.6124401913875612,0.41345266
0.588516746411484,0.4812546
0.411483253588516,0.39113435
0.6363636363636367,0.45766178
0.4358974358974308,0.41126907
0.512820512820511,0.44099638
0.538461538461533,0.479379
0.5999999999999943,0.40322784
0.55421686746989,0.34489006
0.5542168674699042,0.41764995
0.5060240963855449,0.40288076
0.55421686746989,0.40379313
0.5060240963855591,0.43651876
0.4337349397590628,0.34022164
0.9206349206349208,0.36428028
0.9841269841269842,0.4505889
0.7936507936507939,0.3913915
0.9841269841269836,0.36550295
0.7619047619047621,0.39386347
0.5873015873015872,0.38312975
0.5555555555555554,0.4141523
0.8888888888888884,0.45225245
0.5873015873015874,0.45388278
0.5588235294117645,0.4394651
0.0,0.42783183
0.0,0.4102439
0.0,0.42687094
0.5625,0.43857393
0.0,0.3865268
0.0,0.3861316
0.0,0.326044
0.2499999999999929,0.3692364
0.8125000000000142,0.4174437
0.0,0.36294287
0.2645502645502642,0.35239747
0.3157894736842106,0.45445606
0.4641148325358841,0.40312594
0.4162679425837314,0.4712639
0.5215311004784695,0.42195216
0.6124401913875612,0.39533445
0.588516746411484,0.41596496
0.4114832535885178,0.48167217
0.6363636363636358,0.38920307
0.6459330143540667,0.45963192
0.512820512820511,0.41385332
0.5384615384615472,0.43781036
0.615384615384599,0.482217
0.5750000000000028,0.40215427
0.55421686746989,0.34704146
0.5060240963855591,0.41692638
0.5542168674698758,0.40435484
0.5060240963855449,0.40476298
0.4337349397590344,0.4343932
0.4337349397590628,0.3398526
0.9841269841269842,0.36486536
0.7936507936507937,0.4526122
0.9841269841269842,0.39347228
0.7619047619047619,0.36488903
0.5873015873015874,0.3928368
0.5555555555555556,0.3809816
0.8888888888888888,0.4117448
0.587301587301587,0.45151395
0.523809523809524,0.45752603
0.8235294117647058,0.4415815
0.0,0.42895058
0.0,0.40873307
0.5625000000000142,0.42329085
0.0,0.44366306
0.0,0.38836792
0.0,0.3875007
0.2500000000000071,0.32846537
0.8125,0.37126592
0.0,0.4154286
0.0625,0.36215705
0.2433862433862437,0.35383314
0.4641148325358859,0.45453063
0.4162679425837314,0.40132436
0.5215311004784695,0.4714017
0.6124401913875612,0.42079544
0.588516746411484,0.39572266
0.4114832535885178,0.41142726
0.6363636363636367,0.48127252
0.6459330143540676,0.38761747
0.526315789473685,0.46129623
0.5384615384615472,0.41272834
0.6153846153846132,0.43715245
0.589743589743577,0.4822185
0.5750000000000028,0.40348247
0.5060240963855591,0.35048214
0.5542168674699042,0.41793835
0.5060240963855449,0.40636867
0.4337349397590344,0.40649015
0.4337349397590344,0.43527853
0.5060240963855591,0.34080034
0.7936507936507937,0.36652836
0.9841269841269842,0.45243084
0.7619047619047619,0.39420244
0.587301587301587,0.36504123
0.5555555555555558,0.39504325
0.8888888888888888,0.37986577
0.5873015873015874,0.41050148
0.5238095238095233,0.44936517
0.8095238095238098,0.45682743
0.8970588235294117,0.4424419
0.0,0.43079993
0.5625,0.40564996
0.0,0.42265522
0.0,0.44388914
0.0,0.39015347
0.25,0.38999474
0.8125000000000071,0.32858264
0.0,0.37290257
0.0625,0.4150337
0.1249999999999857,0.36058658
0.4074074074074065,0.35603768
0.4162679425837314,0.45455825
0.5215311004784695,0.4006482
0.6124401913875595,0.47459957
0.588516746411484,0.41924402
0.411483253588516,0.39636898
0.6363636363636367,0.4127329
0.6459330143540658,0.48184508
0.5263157894736832,0.38770851
0.4354066985645932,0.45983973
0.6153846153846132,0.41409832
0.5897435897436196,0.43562624
0.589743589743577,0.48344174
0.5250000000000057,0.4030441
0.55421686746989,0.35269576
0.5060240963855591,0.41500184
0.4337349397590344,0.41000104
0.4337349397590344,0.40595907
0.5060240963855591,0.43434763
0.5180722891566347,0.3410142
0.9841269841269842,0.36895052
0.7619047619047619,0.45333418
0.5873015873015874,0.39491138
0.5555555555555554,0.36395156
0.8888888888888891,0.39334336
0.5873015873015872,0.3764763
0.5238095238095233,0.41118765
0.8095238095238093,0.4497429
0.8888888888888891,0.45970547
0.8676470588235294,0.44198775
0.5625000000000142,0.4291726
0.0,0.4049313
0.0,0.4280203
0.0,0.44663027
0.25,0.38900223
0.8125,0.39170784
0.0,0.33029774
0.0624999999999928,0.37355193
0.1249999999999857,0.41500372
0.3749999999999858,0.36132622
0.3544973544973544,0.35593888
0.5215311004784695,0.45133758
0.6124401913875612,0.40338987
0.588516746411484,0.4758114
0.411483253588516,0.42072177
0.6363636363636367,0.39641583
0.6459330143540676,0.41417405
0.5263157894736832,0.48209617
0.4354066985645932,0.3878496
0.5167464114832541,0.46069378
0.5897435897435912,0.41484278
0.5897435897436196,0.43925932
0.538461538461533,0.47952873
0.5750000000000028,0.40373275
0.5060240963855591,0.350567
0.4337349397590628,0.41461873
0.4337349397590344,0.40708986
0.5060240963855449,0.40733048
0.5180722891566347,0.43439618
0.5903614457831594,0.34102356
0.7619047619047621,0.36820096
0.5873015873015872,0.4474901
0.5555555555555554,0.3927429
0.8888888888888884,0.3670741
0.5873015873015874,0.39502293
0.5238095238095237,0.3776837
0.8095238095238093,0.41062155
0.8888888888888884,0.44679675
0.8571428571428572,0.45845178
0.838235294117647,0.43954584
0.0,0.42879292
0.0,0.40576366
0.0,0.4281851
0.2499999999999929,0.4449864
0.8125000000000142,0.3900826
0.0,0.38888904
0.0624999999999928,0.33071437
0.1249999999999929,0.37299877
0.3749999999999858,0.4169936
0.0,0.36397925
0.4708994708994716,0.3534922
0.6124401913875612,0.45347816
0.588516746411484,0.40284845
0.4114832535885178,0.4721888
0.6363636363636358,0.42182028
0.6459330143540667,0.39649132
0.526315789473685,0.4135087
0.4354066985645932,0.4791318
0.5167464114832541,0.38497224
0.5167464114832541,0.46194437
0.5897435897435912,0.4174475
0.5384615384615472,0.43795383
0.589743589743577,0.48044187
0.5250000000000057,0.4038974
0.4337349397590344,0.34877688
0.4337349397590628,0.4123679
0.5060240963855449,0.41021606
0.5180722891566205,0.4110804
0.590361445783131,0.4315964
0.6746987951807455,0.34078217
0.5873015873015874,0.36654568
0.5555555555555556,0.4492603
0.8888888888888888,0.39602894
0.587301587301587,0.370727
0.523809523809524,0.39354286
0.8095238095238095,0.3792909
0.8888888888888888,0.4088084
0.8571428571428568,0.4498009
0.8253968253968256,0.46164346
0.9264705882352942,0.4375308
0.0,0.42867002
0.0,0.40788135
0.2500000000000071,0.4253225
0.8125,0.44856396
0.0,0.38804203
0.0625,0.3911523
0.1250000000000071,0.33404398
0.3749999999999858,0.37314364
0.0,0.41802895
0.0,0.36484146
0.571428571428573,0.3523659
0.588516746411484,0.4531889
0.4114832535885178,0.40298083
0.6363636363636367,0.47094074
0.6459330143540676,0.4237126
0.526315789473685,0.39700925
0.4354066985645932,0.41118965
0.5167464114832541,0.47710204
0.5167464114832541,0.38230577
0.411483253588516,0.4628542
0.5384615384615472,0.41913098
0.5897435897436196,0.44203842
0.538461538461533,0.47859693
0.4500000000000028,0.40306956
0.4337349397590344,0.34522536
0.5060240963855591,0.411022
0.5180722891566205,0.4092612
0.590361445783131,0.40874326
0.6746987951807313,0.42976454
0.746987951807256,0.3420485
0.5555555555555558,0.36810455
0.8888888888888888,0.44712076
0.5873015873015874,0.39604202
0.5238095238095233,0.37335166
0.8095238095238098,0.3948375
0.8888888888888888,0.38056704
0.8571428571428572,0.41240343
0.8253968253968251,0.45235673
0.9206349206349208,0.46316978
0.911764705882353,0.435118
0.0,0.421883
0.25,0.4082772
0.8125000000000071,0.42888105
0.0,0.4476853
0.0625,0.38411528
0.1249999999999857,0.39080694
0.3749999999999929,0.33342534
0.0,0.3721924
0.0,0.4182922
0.0,0.36688864
0.544973544973546,0.34874177
0.411483253588516,0.44984436
0.6363636363636367,0.40863934
0.6459330143540658,0.46973267
0.5263157894736832,0.42177618
0.4354066985645932,0.39554325
0.5167464114832541,0.4099604
0.5167464114832541,0.47780043
0.411483253588516,0.3826303
0.3971291866028714,0.46427575
0.5897435897435912,0.41562244
0.5384615384615472,0.44537526
0.4615384615384528,0.48100734
0.4500000000000028,0.40305445
0.5060240963855591,0.343057
0.5180722891566347,0.4085468
0.5903614457831168,0.40843037
0.6746987951807313,0.4082698
0.7469879518072418,0.43261048
0.8072289156626624,0.34171668
0.8888888888888891,0.37191486
0.5873015873015872,0.4458651
0.5238095238095233,0.3978705
0.8095238095238093,0.36814985
0.8888888888888891,0.39643294
0.8571428571428572,0.38122982
0.8253968253968256,0.41259244
0.9206349206349204,0.45492288
0.9047619047619048,0.4600145
0.911764705882353,0.43368262
0.25,0.42035392
0.8125,0.4098197
0.0,0.431005
0.0624999999999928,0.44525203
0.1249999999999857,0.38132933
0.3749999999999858,0.38715103
0.0,0.32764935
0.0,0.36914924
0.0,0.41602778
0.0,0.36602238
0.3492063492063497,0.3503097
0.6363636363636367,0.4444185
0.6459330143540676,0.4112708
0.5263157894736832,0.46738082
0.4354066985645932,0.42392904
0.5167464114832541,0.39391708
0.5167464114832541,0.4126297
0.4114832535885178,0.4812658
0.3971291866028714,0.386277
0.3684210526315805,0.4618647
0.5384615384615472,0.4091543
0.4615384615384812,0.44787762
0.4615384615384528,0.48121235
0.5250000000000057,0.40990844
0.5180722891566347,0.3383692
0.5903614457831594,0.40598685
0.6746987951807171,0.4073721
0.7469879518072418,0.4119636
0.8072289156626624,0.43845767
0.8554216867470075,0.3393456
0.5873015873015874,0.37451914
0.5238095238095237,0.44355127
0.8095238095238093,0.39519113
0.8888888888888884,0.35867748
0.8571428571428572,0.3954438
0.8253968253968254,0.3839161
0.9206349206349204,0.41326067
0.9047619047619048,0.4539499
0.9047619047619048,0.4517995
0.9264705882352942,0.4323902
0.8125000000000142,0.424037
0.0,0.4107109
0.0624999999999928,0.4381889
0.1249999999999929,0.43560362
0.3749999999999858,0.38052085
0.0,0.38051257
0.0,0.32332212
0.0,0.36779255
0.0,0.42214838
0.0,0.36075687
0.5978835978835981,0.34967774
0.6459330143540667,0.4445628
0.526315789473685,0.40780404
0.4354066985645932,0.4606946
0.5167464114832541,0.42720565
0.5167464114832541,0.39238518
0.4114832535885178,0.4150408
0.3971291866028714,0.48167697
0.3684210526315787,0.38702944
0.3349282296650724,0.46015126
0.461538461538467,0.41550028
0.4615384615384812,0.4478374
0.538461538461533,0.48075455
0.5374999999999943,0.41040406
0.590361445783131,0.33237034
0.6746987951807455,0.4017424
0.7469879518072418,0.40713698
0.8072289156626624,0.41213554
0.8554216867469933,0.43551436
0.8554216867470075,0.33714032
0.523809523809524,0.3699837
0.8095238095238095,0.43732104
0.8888888888888888,0.39561167
0.8571428571428568,0.36291826
0.8253968253968256,0.39563236
0.9206349206349208,0.38422528
0.9047619047619052,0.4137163
0.9047619047619048,0.4592411
0.9206349206349208,0.45813897
0.8676470588235294,0.42173776
0.0,0.42273936
0.0625,0.41756052
0.1250000000000071,0.43664443
0.3749999999999858,0.4323416
0.0,0.37723348
0.0,0.38154313
0.0,0.3238801
0.0,0.36817864
0.0,0.43086925
0.0,0.36505663
0.6084656084656093,0.34305546
0.526315789473685,0.44660503
0.4354066985645932,0.406039
0.5167464114832541,0.4528659
0.5167464114832541,0.42606804
0.411483253588516,0.3949809
0.3971291866028714,0.4077093
0.3684210526315787,0.47738314
0.3349282296650724,0.38494912
0.3253588516746433,0.46216407
0.461538461538467,0.42230102
0.5384615384615472,0.44484752
0.551282051282044,0.48196158
0.6124999999999972,0.4008167
0.6746987951807313,0.33988875
0.746987951807256,0.40288675
0.8072289156626624,0.40962765
0.8554216867469933,0.40704784
0.8554216867469933,0.4293194
0.831325301204842,0.34279585
0.8095238095238098,0.36783934
0.8888888888888888,0.4449724
0.8571428571428572,0.3988185
0.8253968253968251,0.37716466
0.9206349206349208,0.39225447
0.9047619047619048,0.38502526
0.9047619047619052,0.41000274
0.9206349206349204,0.46647647
0.8571428571428572,0.46141022
0.9705882352941178,0.42084855
0.0625,0.41914004
0.1249999999999857,0.418544
0.3749999999999929,0.42940027
0.0,0.44419572
0.0,0.3759886
0.0,0.39179793
0.0,0.33350384
0.0,0.3701446
0.0,0.42423257
0.0,0.3672699
0.4761904761904763,0.34219965
0.4354066985645932,0.4501357
0.5167464114832541,0.41284916
0.5167464114832541,0.45839807
0.411483253588516,0.42704073
0.3971291866028714,0.3924087
0.3684210526315787,0.4077981
0.3349282296650724,0.47868383
0.3253588516746415,0.38386485
0.2631578947368425,0.4597568
0.5384615384615472,0.4212877
0.5512820512820582,0.44299987
0.6282051282050958,0.47975653
0.7000000000000028,0.40183836
0.7469879518072418,0.3330296
0.8072289156626624,0.4012411
0.855421686746979,0.40734464
0.8554216867469933,0.4018191
0.8313253012048278,0.42898673
0.8072289156626624,0.340898
0.8888888888888891,0.36977857
0.8571428571428572,0.4456127
0.8253968253968256,0.39543024
0.9206349206349204,0.37438887
0.9047619047619048,0.38897628
0.9047619047619048,0.38782236
0.9206349206349204,0.42011198
0.8571428571428568,0.46695477
0.9682539682539684,0.46490747
0.9852941176470588,0.42319566
0.1249999999999857,0.41999733
0.3749999999999858,0.416975
0.0,0.43047953
0.0,0.43903193
0.0,0.37329578
0.0,0.3907666
0.0,0.33654374
0.0,0.36960602
0.0,0.42240945
0.0,0.3675441
0.3756613756613749,0.33898544
0.5167464114832541,0.44760463
0.5167464114832541,0.41025126
0.4114832535885178,0.45520666
0.3971291866028714,0.4234631
0.3684210526315805,0.39324605
0.3349282296650724,0.40286875
0.3253588516746415,0.4791442
0.2631578947368425,0.3796051
0.2200956937799052,0.45917058
0.551282051282044,0.41436774
0.6282051282051384,0.4463219
0.7179487179487012,0.48293155
0.7750000000000057,0.41068986
0.8072289156626624,0.33319387
0.8554216867470075,0.4063787
0.855421686746979,0.40517366
0.8313253012048136,0.40430278
0.8072289156626624,0.43477678
0.746987951807256,0.3377834
0.8571428571428572,0.3706107
0.8253968253968254,0.438928
0.9206349206349204,0.393608
0.9047619047619048,0.36035624
0.9047619047619048,0.39520085
0.9206349206349208,0.38538998
0.8571428571428572,0.41910464
0.968253968253968,0.46256632
0.9841269841269842,0.45662844
0.9852941176470588,0.42344993
0.3749999999999858,0.42126262
0.0,0.4175457
0.0,0.43345198
0.0,0.42882258
0.0,0.37505138
0.0,0.38260534
0.0,0.3261491
0.0,0.36697054
0.0,0.4265943
0.0,0.3641179
0.4656084656084669,0.34452814
0.5167464114832541,0.4448424
0.4114832535885178,0.40369973
0.3971291866028714,0.4542196
0.3684210526315787,0.42177266
0.3349282296650724,0.39463273
0.3253588516746415,0.4067718
0.2631578947368425,0.47460967
0.2200956937799052,0.38592187
0.1913875598086143,0.45963168
0.6282051282051242,0.41207692
0.7179487179487438,0.4433764
0.7948717948717956,0.4818157
0.8375000000000057,0.40974697
0.8554216867469933,0.33527017
0.8554216867470075,0.40670112
0.8313253012047994,0.401474
0.8072289156626624,0.4036448
0.7469879518072418,0.4398333
0.7349397590361804,0.34248373
0.8253968253968256,0.3674947
0.9206349206349208,0.44055697
0.9047619047619052,0.39539674
0.9047619047619048,0.36020094
0.9206349206349208,0.39604053
0.8571428571428572,0.38676405
0.9682539682539684,0.41743165
0.9841269841269836,0.46426597
0.9841269841269842,0.4535468
1.0147058823529411,0.41853157
0.0,0.4253265
0.0,0.41826853
0.0,0.43302202
0.0,0.42660874
0.0,0.3769543
0.0,0.38297075
0.0,0.32590127
0.0,0.37101352
0.0,0.43281323
0.0,0.35978818
0.4656084656084669,0.34241343
0.411483253588516,0.45124185
0.3971291866028714,0.39959982
0.3684210526315787,0.4500955
0.3349282296650724,0.42055255
0.3253588516746433,0.3960363
0.2631578947368425,0.406215
0.2200956937799034,0.4759668
0.1913875598086125,0.3888563
0.196172248803828,0.45418113
0.7179487179487154,0.41705897
0.7948717948718098,0.4386963
0.8589743589743648,0.48509347
0.8875000000000028,0.4045942
0.8554216867469933,0.33750153
0.831325301204842,0.40572765
0.8072289156626624,0.40745375
0.7469879518072418,0.40561467
0.7349397590361519,0.43353257
0.7228915662650621,0.3427971
0.9206349206349208,0.3652209
0.9047619047619048,0.4469363
0.9047619047619052,0.399595
0.9206349206349204,0.36300182
0.8571428571428572,0.3900501
0.9682539682539684,0.38750196
0.9841269841269842,0.41589734
0.9841269841269836,0.47044754
1.015873015873016,0.45913678
1.0147058823529411,0.4172143
0.0,0.42290354
0.0,0.42145464
0.0,0.43119577
0.0,0.43386355
0.0,0.37529925
0.0,0.3872699
0.0,0.32935083
0.0,0.37146828
0.0,0.4312075
0.0,0.36306113
0.3492063492063497,0.341033
0.3971291866028714,0.45354974
0.3684210526315787,0.404912
0.3349282296650724,0.45134968
0.3253588516746415,0.42296332
0.2631578947368425,0.39670557
0.2200956937799034,0.40193364
0.1913875598086125,0.47823155
0.196172248803828,0.38909793
0.1818181818181834,0.45589653
0.7948717948717956,0.4130163
0.8589743589743648,0.44226846
0.9102564102563946,0.48232174
0.8875000000000028,0.40445718
0.8313253012048278,0.33821446
0.8072289156626624,0.41104957
0.7469879518072418,0.40391037
0.7349397590361519,0.4031938
0.7228915662650621,0.43662176
0.7228915662650621,0.34077784
0.9047619047619048,0.3648792
0.9047619047619048,0.44942522
0.9206349206349204,0.39423454
0.8571428571428568,0.36163813
0.9682539682539684,0.38718626
0.9841269841269842,0.38933328
0.9841269841269842,0.4193632
1.0158730158730158,0.46713385
1.015873015873016,0.4552131
1.0147058823529411,0.42694265
0.0,0.42640135
0.0,0.42105332
0.0,0.43097323
0.0,0.43160772
0.0,0.3770239
0.0,0.3858406
0.0,0.33155406
0.0,0.36750326
0.0,0.42479444
0.0,0.3622727
0.3333333333333339,0.34327018
0.3684210526315805,0.45334017
0.3349282296650724,0.40249935
0.3253588516746415,0.45750424
0.2631578947368425,0.4257335
0.2200956937799052,0.39459738
0.1913875598086143,0.40728214
0.196172248803828,0.47813147
0.1818181818181834,0.3868882
0.1770334928229662,0.45706332
0.8589743589743648,0.41733986
0.9102564102564372,0.44246948
0.9102564102563946,0.48524576
0.8624999999999972,0.4037712
0.8072289156626624,0.3391021
0.746987951807256,0.4122091
0.7349397590361377,0.4006466
0.7228915662650621,0.39905432
0.7228915662650621,0.44045848
0.783132530120497,0.3404497
0.9047619047619048,0.36586514
0.9206349206349208,0.45082635
0.8571428571428572,0.39076638
0.968253968253968,0.35908782
0.9841269841269842,0.38611484
0.9841269841269842,0.38443646
1.0158730158730158,0.41995972
1.0158730158730158,0.4646291
1.015873015873016,0.4620241
1.0147058823529411,0.42885917
0.0,0.42987525
0.0,0.42020842
0.0,0.42981228
0.0,0.43466085
0.0,0.37980205
0.0,0.38341925
0.0,0.33083737
0.0,0.3683197
0.0,0.42635387
0.0,0.36180496
0.3015873015873023,0.33880877
0.3349282296650724,0.4559433
0.3253588516746415,0.39630607
0.2631578947368425,0.46103784
0.2200956937799052,0.42610586
0.1913875598086143,0.3956285
0.196172248803828,0.40380046
0.1818181818181816,0.4720192
0.1770334928229662,0.38739744
0.2200956937799052,0.46000612
0.9102564102564088,0.41265124
0.9102564102564372,0.4331108
0.8846153846153584,0.49298078
0.8375000000000057,0.40708357
0.7469879518072418,0.34430104
0.7349397590361804,0.41143593
0.7228915662650763,0.40604252
0.7228915662650621,0.40887854
0.783132530120497,0.44081405
0.831325301204842,0.34099412
0.9206349206349208,0.36051506
0.8571428571428572,0.45223716
0.9682539682539684,0.40184566
0.9841269841269836,0.34984657
0.9841269841269842,0.38931212
1.0158730158730158,0.3835538
1.0158730158730158,0.4133327
1.0158730158730158,0.46078366
1.015873015873016,0.45554316
0.911764705882353,0.4264551
0.0,0.4342828
0.0,0.41727173
0.0,0.42576575
0.0,0.44125098
0.0,0.38035306
0.0,0.38489038
0.0,0.32176256
0.0,0.36637858
0.0,0.42405528
0.0,0.3559786
0.2645502645502642,0.34805122
0.3253588516746433,0.45506406
0.2631578947368425,0.39410493
0.2200956937799034,0.46354437
0.1913875598086125,0.42612845
0.196172248803828,0.39666447
0.1818181818181834,0.40422305
0.1770334928229662,0.48158056
0.2200956937799052,0.3883011
0.3397129186602878,0.45701236
0.9102564102564088,0.4128702
0.884615384615401,0.43372983
0.8589743589743648,0.49143767
0.7750000000000057,0.4059159
0.7349397590361519,0.34363598
0.7228915662650621,0.41133785
0.7228915662650763,0.40732682
0.7831325301204828,0.40996218
0.8313253012048278,0.4388857
0.8674698795180831,0.34039578
0.8571428571428572,0.36034742
0.9682539682539684,0.45461628
0.9841269841269842,0.4028286
0.9841269841269836,0.35223597
1.015873015873016,0.3875403
1.0158730158730158,0.38380575
1.0158730158730158,0.41315454
1.0158730158730158,0.46364704
0.9047619047619048,0.4571929
0.6764705882352939,0.42718282
0.0,0.4325967
0.0,0.41801634
0.0,0.42798787
0.0,0.44061264
0.0,0.38025725
0.0,0.38607037
0.0,0.32165053
0.0,0.36663955
0.0,0.42382988
0.0,0.35804793
0.2539682539682548,0.34868702
0.2631578947368425,0.45682132
0.2200956937799034,0.39714184
0.1913875598086125,0.4642456
0.196172248803828,0.42768523
0.1818181818181834,0.3963894
0.1770334928229662,0.40775755
0.2200956937799034,0.48420703
0.3397129186602861,0.3904156
0.5406698564593313,0.45668155
0.8846153846153726,0.41322017
0.8589743589743648,0.43499
0.7948717948717956,0.49085408
0.7625000000000028,0.4057323
0.7228915662650621,0.34621117
0.7228915662650621,0.4137583
0.783132530120497,0.40693444
0.8313253012048136,0.4084167
0.8674698795180831,0.43908718
0.8554216867470075,0.3395689
0.9682539682539684,0.36195746
0.9841269841269842,0.4564684
0.9841269841269842,0.40233505
1.0158730158730158,0.35310227
1.015873015873016,0.38778716
1.0158730158730158,0.3802498
1.0158730158730158,0.41249475
0.9047619047619048,0.46130365
0.6507936507936509,0.45840204
0.4558823529411764,0.4309051
0.0,0.43218443
0.0,0.4179664
0.0,0.42886317
0.0,0.44108436
0.0,0.38265598
0.0,0.38434765
0.0,0.3195299
0.0,0.3656381
0.0,0.42183775
0.0,0.35814536
0.1851851851851869,0.3497414
0.2200956937799052,0.45665172
0.1913875598086143,0.39898068
0.196172248803828,0.4695201
0.1818181818181834,0.4292366
0.1770334928229662,0.39642826
0.2200956937799034,0.41056526
0.3397129186602878,0.4847834
0.5406698564593295,0.39235628
0.6889952153110057,0.45923623
0.8589743589743648,0.4160386
0.7948717948718098,0.43542486
0.7820512820512704,0.49127212
0.75,0.40492803
0.7228915662650621,0.34725255
0.783132530120497,0.41494805
0.8313253012047994,0.40606803
0.8674698795180831,0.40759006
0.8554216867469933,0.43790343
0.819277108433738,0.33898136
0.9841269841269842,0.36146528
0.9841269841269842,0.45750114
1.0158730158730158,0.4025156
1.0158730158730158,0.3557659
1.015873015873016,0.38851705
1.0158730158730158,0.37797457
0.9047619047619052,0.41149327
0.6507936507936507,0.46046
0.412698412698413,0.4622272
0.4117647058823528,0.4316485
0.0,0.43111706
0.0,0.41673112
0.0,0.4292509
0.0,0.44253412
0.0,0.38394323
0.0,0.38444915
0.0,0.3182016
0.0,0.36694378
0.0,0.4207402
0.0625,0.36017385
0.1375661375661376,0.34811324
0.1913875598086143,0.45803767
0.196172248803828,0.39971444
0.1818181818181816,0.47264308
0.1770334928229662,0.42811868
0.2200956937799052,0.3971542
0.3397129186602878,0.40998945
0.5406698564593295,0.4851067
0.6889952153110057,0.39309874
0.7942583732057411,0.46144652
0.7948717948717956,0.41452196
0.782051282051313,0.43322462
0.7692307692307736,0.49576506
0.75,0.4066683
0.783132530120497,0.348718
0.831325301204842,0.41615567
0.8674698795180831,0.40904462
0.8554216867469933,0.4117154
0.819277108433738,0.4386854
0.7951807228915868,0.33872208
0.9841269841269842,0.35887507
1.0158730158730158,0.45715055
1.0158730158730158,0.40572757
1.0158730158730158,0.3538072
1.015873015873016,0.39417332
0.9047619047619048,0.3774104
0.6507936507936507,0.40857723
0.4126984126984125,0.4585734
0.3650793650793651,0.45845965
0.2647058823529411,0.4306918
0.0,0.430759
0.0,0.4138469
0.0,0.42794898
0.0,0.44268554
0.0,0.3840618
0.0,0.38436624
0.0,0.3099061
0.0,0.36530232
0.0625,0.4210962
0.0,0.35959944
0.105820105820106,0.35249123
0.196172248803828,0.45662156
0.1818181818181834,0.402895
0.1770334928229662,0.47543275
0.2200956937799052,0.42625257
0.3397129186602878,0.39801657
0.5406698564593295,0.41176537
0.6889952153110048,0.49161834
0.794258373205742,0.39715
0.8660287081339719,0.4616114
0.7820512820512846,0.4157245
0.7692307692307736,0.4355953
0.7692307692307736,0.49416143
0.8125,0.40622547
0.8313253012048278,0.3498786
0.8674698795180831,0.41695866
0.855421686746979,0.40842992
0.819277108433738,0.41121426
0.7951807228915868,0.43857485
0.783132530120497,0.3402027
1.015873015873016,0.35965174
1.0158730158730158,0.45600614
1.0158730158730158,0.40576345
1.0158730158730158,0.3575464
0.9047619047619048,0.3977785
0.6507936507936507,0.3765489
0.4126984126984125,0.4068469
0.3650793650793651,0.45915973
0.2063492063492065,0.45884606
0.25,0.43099332
0.0,0.42659044
0.0,0.4123993
0.0,0.43107635
0.0,0.44107655
0.0,0.38361678
0.0,0.38465822
0.0,0.3067354
0.0624999999999928,0.36692926
0.0,0.42230985
0.0,0.36136907
0.1111111111111107,0.35331354
0.1818181818181834,0.45792943
0.1770334928229662,0.40809318
0.2200956937799034,0.47654182
0.3397129186602861,0.42407414
0.5406698564593313,0.39824736
0.6889952153110048,0.4151792
0.7942583732057411,0.49339673
0.8660287081339701,0.40111163
0.8086124401913883,0.4611846
0.7692307692307736,0.41608378
0.7692307692307736,0.43562195
0.8333333333333286,0.49400896
0.8624999999999972,0.40534827
0.8674698795180831,0.35100886
0.8554216867470075,0.4184558
0.819277108433738,0.40892178
0.7951807228915726,0.41167483
0.783132530120497,0.43850186
0.7590361445783174,0.33989763
1.015873015873016,0.35965997
1.0158730158730158,0.45697385
1.0158730158730158,0.40559635
0.9047619047619048,0.3588213
0.6507936507936509,0.40020826
0.4126984126984125,0.3757345
0.3650793650793651,0.40606743
0.206349206349206,0.4589309
0.1904761904761907,0.45907998
0.191176470588235,0.4320948
0.0,0.42459577
0.0,0.41118604
0.0,0.4328971
0.0,0.43980026
0.0,0.38432884
0.0,0.38522464
0.0624999999999928,0.30281433
0.0,0.3676584
0.0,0.42180836
0.0,0.36268002
0.0952380952380966,0.35363394
0.1770334928229662,0.4585095
0.2200956937799034,0.41187343
0.3397129186602878,0.47925305
0.5406698564593295,0.42190012
0.6889952153110057,0.39981747
0.7942583732057429,0.41820872
0.866028708133971,0.4961446
0.8086124401913874,0.4043728
0.9665071770334928,0.46185005
0.7692307692307736,0.41613048
0.8333333333333428,0.43701458
0.8846153846153584,0.49305564
0.9000000000000057,0.4056394
0.8554216867469933,0.35079467
0.819277108433738,0.4205096
0.7951807228915584,0.4081368
0.7831325301204828,0.4118277
0.7590361445783174,0.43880114
0.6987951807228967,0.34046736
1.015873015873016,0.35898092
1.0158730158730158,0.45626688
0.9047619047619052,0.40510482
0.6507936507936507,0.36099914
0.412698412698413,0.4030515
0.3650793650793651,0.3754404
0.206349206349206,0.4048932
0.1904761904761902,0.4571051
0.1269841269841269,0.4580772
0.1764705882352939,0.43254945
0.0,0.42251638
0.0,0.4100549
0.0,0.4350058
0.0,0.43825814
0.0,0.38530624
0.0625,0.38387722
0.0,0.2986111
0.0,0.36719632
0.0,0.42168397
0.0,0.36375374
0.0899470899470902,0.35316232
0.2200956937799052,0.45947418
0.3397129186602878,0.4149538
0.5406698564593295,0.48118153
0.6889952153110057,0.42071542
0.7942583732057411,0.40147176
0.866028708133971,0.42063862
0.8086124401913874,0.49775347
0.966507177033492,0.405893
0.9569377990430628,0.46257603
0.8333333333333428,0.4159435
0.884615384615401,0.43743473
0.9230769230769198,0.49254584
0.8875000000000028,0.40510318
0.819277108433738,0.35091943
0.7951807228915868,0.4216527
0.783132530120497,0.40832472
0.7590361445783032,0.4123822
0.6987951807228967,0.43914923
0.6265060240964004,0.33989206
1.015873015873016,0.3580134
0.9047619047619048,0.45669395
0.6507936507936507,0.40478322
0.4126984126984125,0.36237898
0.3650793650793651,0.40454316
0.206349206349206,0.37496516
0.1904761904761902,0.40471095
0.1269841269841265,0.45632342
0.1111111111111111,0.45852572
0.1176470588235294,0.4339695
0.0,0.42238024
0.0,0.4090444
0.0,0.4359256
0.0,0.43790436
0.0625,0.38660276
0.0,0.38405028
0.0,0.29597327
0.0,0.36702687
0.0,0.42094687
0.0,0.3646663
0.1375661375661376,0.35264128
0.3397129186602878,0.46033186
0.5406698564593295,0.4163315
0.6889952153110048,0.48366544
0.794258373205742,0.41941884
0.8660287081339719,0.40296534
0.8086124401913892,0.42321944
0.966507177033492,0.49959671
0.956937799043062,0.40648043
0.8660287081339719,0.46345085
0.8846153846153726,0.41524178
0.923076923076934,0.4377103
0.9102564102563946,0.4922379
0.8499999999999943,0.40554208
0.7951807228915868,0.35036922
0.783132530120497,0.4228553
0.7590361445783174,0.4091025
0.6987951807228825,0.41290608
0.6265060240963862,0.44002032
0.602409638554235,0.33959025
0.9047619047619048,0.35762674
0.6507936507936507,0.45710975
0.4126984126984125,0.4040157
0.3650793650793651,0.36298758
0.2063492063492065,0.4059309
0.1904761904761902,0.37505096
0.1269841269841269,0.4053497
0.1111111111111107,0.45534292
0.0476190476190478,0.45854297
0.3970588235294117,0.436046
0.0,0.42289498
0.0,0.40749353
0.0,0.4370727
0.0624999999999928,0.4374091
0.0,0.38758466
0.0,0.3847008
0.0,0.2933483
0.0,0.36705443
0.0,0.42097843
0.0,0.36469257
0.2698412698412689,0.35206068
0.5406698564593313,0.46122935
0.6889952153110048,0.41668984
0.7942583732057411,0.4858065
0.8660287081339701,0.4178027
0.8086124401913883,0.40411842
0.966507177033492,0.42545116
0.956937799043061,0.50072443
0.8660287081339701,0.40650737
0.7894736842105265,0.4639615
0.9230769230769198,0.4151182
0.9102564102564372,0.4406086
0.8717948717948616,0.49146584
0.8250000000000028,0.40637818
0.783132530120497,0.34741896
0.7590361445783174,0.42285135
0.6987951807228967,0.40962315
0.6265060240964004,0.41556928
0.6024096385542208,0.44044167
0.6144578313253248,0.3385157
0.6507936507936509,0.35787782
0.4126984126984125,0.45622322
0.3650793650793651,0.4036041
0.206349206349206,0.36455438
0.1904761904761907,0.4070346
0.1269841269841269,0.3775748
0.1111111111111111,0.40499973
0.0476190476190474,0.45579317
0.3492063492063493,0.4586268
0.5147058823529411,0.43768933
0.0,0.42265445
0.0,0.4076837
0.0624999999999928,0.4377885
0.0,0.4368305
0.0,0.38703457
0.0,0.3842418
0.0,0.2913034
0.0,0.36639816
0.0,0.42067936
0.0,0.3646773
0.4920634920634921,0.35086712
0.6889952153110057,0.46124208
0.7942583732057429,0.41751114
0.866028708133971,0.48497835
0.8086124401913874,0.41781193
0.9665071770334928,0.4044559
0.956937799043061,0.42576012
0.866028708133971,0.5006189
0.7894736842105265,0.4049351
0.7703349282296648,0.46599007
0.9102564102564088,0.41582036
0.8717948717948758,0.44369808
0.8461538461538254,0.49174684
0.8125,0.40742916
0.7590361445783174,0.3430271
0.6987951807228967,0.42055756
0.6265060240964004,0.41094178
0.6024096385542208,0.41919938
0.6144578313253106,0.44037518
0.6746987951807455,0.33771116
0.412698412698413,0.3586781
0.3650793650793651,0.45442048
0.206349206349206,0.4049186
0.1904761904761902,0.36531505
0.1269841269841269,0.40856573
0.1111111111111111,0.3800716
0.0476190476190474,0.40586635
0.3492063492063488,0.45678
0.4761904761904763,0.4600901
0.3529411764705883,0.4370806
0.0,0.42072663
0.0625,0.4076792
0.0,0.43872344
0.0,0.43741813
0.0,0.38425714
0.0,0.3838543
0.0,0.2896796
0.0,0.36406425
0.0,0.4201152
0.0,0.3650212
0.6560846560846567,0.34820232
0.7942583732057411,0.45849273
0.866028708133971,0.41965872
0.8086124401913874,0.48333362
0.966507177033492,0.41864553
0.9569377990430628,0.4038707
0.866028708133971,0.42400458
0.7894736842105257,0.50123197
0.7703349282296639,0.40215576
0.7703349282296648,0.46795434
0.8717948717948616,0.4163272
0.846153846153868,0.44846305
0.8333333333333286,0.49298462
0.7874999999999943,0.40855703
0.6987951807228967,0.3381344
0.6265060240964004,0.41594326
0.6024096385542208,0.41253483
0.6144578313252964,0.42128247
0.6746987951807313,0.4405597
0.7710843373494214,0.33901787
0.3650793650793651,0.35881948
0.206349206349206,0.45276025
0.1904761904761902,0.40584236
0.1269841269841265,0.36576438
0.1111111111111111,0.40746087
0.0476190476190474,0.3817111
0.3492063492063493,0.4060693
0.4761904761904754,0.45810872
0.3015873015873018,0.45953143
0.6764705882352939,0.4338751
0.0625,0.41922283
0.0,0.40765235
0.0,0.44266605
0.0,0.43931112
0.0,0.3795789
0.0,0.38341764
0.0,0.29222837
0.0,0.36089784
0.0,0.42038298
0.0,0.36470777
0.7724867724867721,0.34526867
0.8660287081339719,0.45522887
0.8086124401913892,0.4226514
0.966507177033492,0.47993392
0.956937799043062,0.4228538
0.8660287081339719,0.40071237
0.7894736842105257,0.42499998
0.7703349282296639,0.5039269
0.7703349282296639,0.39694023
0.5645933014354085,0.46617317
0.8461538461538538,0.41617545
0.8333333333333428,0.45560637
0.8076923076922924,0.49237108
0.7249999999999943,0.41025645
0.6265060240963862,0.33239675
0.602409638554235,0.41104406
0.6144578313252964,0.4115456
0.6746987951807313,0.42279196
0.7710843373494072,0.44224066
0.819277108433738,0.33828944
0.2063492063492065,0.36150005
0.1904761904761902,0.44917265
0.1269841269841269,0.40559953
0.1111111111111107,0.3658476
0.0476190476190478,0.40489766
0.3492063492063493,0.3843725
0.4761904761904763,0.40587932
0.3015873015873009,0.46143675
0.6507936507936509,0.45756468
0.7794117647058822,0.43031892
0.0,0.41808334
0.0,0.40998727
0.0,0.4467324
0.0,0.43572667
0.0,0.37489703
0.0,0.38198754
0.0,0.2970211
0.0,0.35957327
0.0,0.4221145
0.0,0.3629364
0.8518518518518512,0.3437979
0.8086124401913883,0.4549668
0.966507177033492,0.42318556
0.956937799043061,0.47336197
0.8660287081339701,0.42833817
0.7894736842105265,0.39624262
0.7703349282296639,0.4260172
0.7703349282296639,0.5041041
0.5645933014354068,0.39234397
0.4784688995215322,0.46406978
0.8333333333333428,0.41651767
0.8076923076923066,0.46138245
0.7435897435897374,0.49184042
0.6500000000000057,0.4098675
0.6024096385542208,0.32865193
0.6144578313253248,0.4046526
0.6746987951807171,0.4100904
0.771084337349393,0.42325956
0.819277108433738,0.44426706
0.8674698795180831,0.33731383
0.1904761904761907,0.36455047
0.1269841269841269,0.446715
0.1111111111111111,0.40621436
0.0476190476190474,0.36628902
0.3492063492063493,0.40297902
0.4761904761904763,0.38733083
0.3015873015873014,0.4041674
0.6507936507936507,0.4674117
0.7619047619047621,0.45605198
0.8088235294117647,0.42505255
0.0,0.41701517
0.0,0.41495135
0.0,0.4485733
0.0,0.43306184
0.0,0.37020883
0.0,0.3805525
0.0,0.30075872
0.0,0.35886276
0.0,0.42435116
0.0,0.36000618
0.7883597883597897,0.3416769
0.9665071770334928,0.45518565
0.956937799043061,0.4236103
0.866028708133971,0.46614158
0.7894736842105265,0.4336636
0.7703349282296648,0.39266488
0.7703349282296639,0.4258995
0.5645933014354085,0.5032573
0.4784688995215305,0.39048678
0.4354066985645932,0.461937
0.8076923076923066,0.41523677
0.7435897435897516,0.46104658
0.6666666666666714,0.48963213
0.625,0.4068954
0.6144578313253106,0.32261395
0.6746987951807455,0.40188166
0.7710843373493788,0.41028798
0.819277108433738,0.42075202
0.8674698795180831,0.44700432
0.9036144578313384,0.33443323
0.1269841269841269,0.36772835
0.1111111111111111,0.44407326
0.0476190476190474,0.40939236
0.3492063492063488,0.36448818
0.4761904761904763,0.4015671
0.3015873015873014,0.38791254
0.6507936507936507,0.407629
0.7619047619047619,0.47399133
0.7936507936507937,0.45834923
0.8235294117647058,0.4201209
0.0,0.4157619
0.0,0.4190111
0.0,0.44865033
0.0,0.42996952
0.0,0.36691046
0.0,0.38055524
0.0,0.30211818
0.0,0.3601057
0.0,0.42425027
0.0,0.35674304
0.962962962962962,0.33691105
0.9569377990430628,0.45580357
0.866028708133971,0.42039216
0.7894736842105257,0.4604024
0.7703349282296639,0.43723163
0.7703349282296648,0.3902358
0.5645933014354085,0.42547074
0.4784688995215322,0.50339085
0.4354066985645932,0.38643947
0.4066985645933023,0.461079
0.7435897435897374,0.41395143
0.6666666666666714,0.45747623
0.6410256410256352,0.4870581
0.6374999999999886,0.40633705
0.6746987951807313,0.3162602
0.7710843373494214,0.39985874
0.819277108433738,0.40946716
0.8674698795180831,0.4178625
0.9036144578313384,0.44939184
0.927710843373518,0.33111733
0.1111111111111111,0.3711061
0.0476190476190474,0.4413364
0.3492063492063493,0.41195792
0.4761904761904754,0.35972834
0.3015873015873018,0.39736444
0.6507936507936507,0.3884839
0.7619047619047619,0.4123342
0.793650793650793,0.47854125
0.8095238095238098,0.4600991
0.8088235294117647,0.41646922
0.0,0.41570675
0.0,0.42416447
0.0,0.44904926
0.0,0.4244296
0.0,0.3644912
0.0,0.38019258
0.0,0.3027125
0.0,0.36338955
0.0,0.42614183
0.0,0.35303235
0.9523809523809526,0.3331489
0.8660287081339719,0.45682365
0.7894736842105257,0.41316223
0.7703349282296639,0.45327365
0.7703349282296639,0.43893978
0.5645933014354085,0.3898895
0.4784688995215322,0.42292485
0.4354066985645932,0.50135
0.4066985645933023,0.38294432
0.3779904306220096,0.4607836
0.6666666666666714,0.4150321
0.6410256410256494,0.45441568
0.653846153846132,0.4828555
0.7000000000000028,0.40602955
0.7710843373494072,0.3126194
0.819277108433738,0.39878777
0.8674698795180831,0.4076647
0.903614457831324,0.41566887
0.9277108433735036,0.4514016
0.927710843373518,0.32826063
0.0476190476190478,0.36988202
0.3492063492063493,0.43968827
0.4761904761904763,0.4145955
0.3015873015873009,0.35779226
0.6507936507936509,0.39420035
0.7619047619047619,0.38784483
0.7936507936507939,0.414933
0.8095238095238093,0.48037896
0.7936507936507937,0.46204302
0.8529411764705881,0.41202244
0.0,0.4140743
0.0,0.42831573
0.0,0.44919986
0.0,0.42118326
0.0,0.36250186
0.0,0.3810283
0.0,0.30217168
0.0,0.3645874
0.0,0.42786938
0.0,0.3520533
0.8518518518518512,0.3272157
0.7894736842105265,0.4593842
0.7703349282296639,0.40524212
0.7703349282296639,0.44943184
0.5645933014354068,0.44152296
0.4784688995215322,0.39087215
0.4354066985645932,0.4195768
0.4066985645933023,0.4983994
0.3779904306220096,0.37777722
0.3732057416267942,0.46120527
0.6410256410256352,0.41758016
0.6538461538461746,0.44842643
0.7179487179487012,0.48107526
0.7999999999999972,0.40451288
0.819277108433738,0.31405872
0.8674698795180831,0.39407438
0.903614457831324,0.40495005
0.9277108433735036,0.4104388
0.9277108433735036,0.45224378
0.927710843373518,0.33075753
0.3492063492063493,0.37031886
0.4761904761904763,0.4409116
0.3015873015873014,0.41299286
0.6507936507936507,0.36112326
0.7619047619047621,0.3914064
0.7936507936507937,0.38651136
0.8095238095238093,0.41761827
0.793650793650793,0.48471862
0.8412698412698414,0.46197483
0.8088235294117647,0.4064729
0.0,0.4134277
0.0,0.4272034
0.0,0.44879055
0.0,0.42125323
0.0,0.35797608
0.0,0.38421926
0.0,0.30601376
0.0,0.36682478
0.0,0.42962047
0.0,0.35018012
0.7671957671957674,0.32322568
0.7703349282296648,0.45889428
0.7703349282296639,0.40206796
0.5645933014354085,0.4474283
0.4784688995215305,0.4402747
0.4354066985645932,0.3918503
0.4066985645933005,0.41753298
0.3779904306220096,0.4955599
0.373205741626796,0.3761507
0.3779904306220096,0.45819357
0.6538461538461462,0.41463572
0.7179487179487438,0.44116792
0.8205128205127892,0.47613487
0.8499999999999943,0.40479663
0.8674698795180831,0.3151338
0.9036144578313384,0.39345777
0.9277108433735036,0.40405503
0.9277108433735036,0.4085412
0.9277108433735036,0.450743
0.8554216867470075,0.33121055
0.4761904761904763,0.37085286
0.3015873015873014,0.44368035
0.6507936507936507,0.4107394
0.7619047619047619,0.36037913
0.7936507936507937,0.38628843
0.8095238095238095,0.38780048
0.7936507936507939,0.4245558
0.841269841269841,0.48684877
0.7936507936507937,0.46066812
0.8529411764705881,0.40445974
0.0,0.4141301
0.0,0.42680696
0.0,0.44784787
0.0,0.4173608
0.0,0.3557966
0.0,0.38813356
0.0,0.31350356
0.0,0.36842975
0.0,0.43077865
0.0,0.34916505
0.7460317460317452,0.32094947
0.7703349282296648,0.45643544
0.5645933014354085,0.40001652
0.4784688995215322,0.4457824
0.4354066985645932,0.437388
0.4066985645933023,0.394316
0.3779904306220114,0.4164781
0.3732057416267942,0.4922225
0.3779904306220096,0.37462002
0.3684210526315805,0.45568115
0.7179487179487154,0.41322324
0.8205128205128318,0.43703127
0.8717948717948616,0.4736598
0.9000000000000057,0.40609804
0.9036144578313384,0.31214014
0.927710843373518,0.39340463
0.9277108433735036,0.4029999
0.9277108433735036,0.40779182
0.8554216867469933,0.4488625
0.7951807228915868,0.32932898
0.3015873015873018,0.37030527
0.6507936507936507,0.44424734
0.7619047619047619,0.40965968
0.793650793650793,0.3581373
0.8095238095238098,0.38208532
0.7936507936507937,0.38886893
0.8412698412698414,0.4297134
0.793650793650793,0.4862794
0.8412698412698414,0.46162498
0.8529411764705881,0.40525243
0.0,0.41633752
0.0,0.4290088
0.0,0.4462681
0.0,0.4141266
0.0,0.35650542
0.0,0.3908219
0.0,0.31773007
0.0,0.3705262
0.0,0.4312374
0.0,0.3497465
0.7460317460317452,0.3224429
0.5645933014354085,0.45430794
0.4784688995215322,0.39467365
0.4354066985645932,0.44330865
0.4066985645933023,0.43722835
0.3779904306220096,0.3952556
0.3732057416267942,0.4122691
0.3779904306220096,0.48890582
0.3684210526315787,0.37269628
0.3492822966507205,0.4545748
0.8205128205128176,0.41634426
0.8717948717948758,0.4331148
0.9230769230769198,0.4751862
0.9375,0.4060419
0.9277108433735036,0.31649655
0.927710843373518,0.3920201
0.9277108433735036,0.401228
0.8554216867469933,0.4062169
0.7951807228915868,0.44635078
0.7108433734940007,0.33075997
0.6507936507936509,0.36809486
0.7619047619047619,0.44579417
0.7936507936507939,0.41118935
0.8095238095238093,0.3595681
0.7936507936507937,0.3800304
0.8412698412698412,0.38563216
0.7936507936507939,0.4268613
0.841269841269841,0.4854528
0.8412698412698414,0.46416944
0.9411764705882352,0.4029765
0.0,0.4182101
0.0,0.4302659
0.0,0.4459209
0.0,0.41967687
0.0,0.3574175
0.0,0.3936047
0.0,0.31992006
0.0,0.3715524
0.0,0.42796075
0.0,0.3508513
0.518518518518519,0.32582316
0.4784688995215322,0.45169154
0.4354066985645932,0.3921686
0.4066985645933023,0.44477287
0.3779904306220096,0.4399328
0.3732057416267942,0.3961608
0.3779904306220114,0.41091004
0.3684210526315787,0.48787045
0.349282296650717,0.37339807
0.3157894736842106,0.45371562
0.8717948717948616,0.41528514
0.923076923076934,0.4285146
0.9615384615384528,0.47563213
0.9625000000000056,0.40668812
0.9277108433735036,0.32110512
0.927710843373518,0.390834
0.855421686746979,0.40094328
0.7951807228915726,0.40349177
0.7108433734939865,0.44316688
0.8072289156626624,0.33197862
0.7619047619047621,0.36679667
0.7936507936507937,0.44876644
0.8095238095238093,0.40773776
0.793650793650793,0.35883504
0.8412698412698414,0.37774295
0.7936507936507937,0.38622445
0.8412698412698414,0.42804334
0.841269841269841,0.4838675
0.9365079365079368,0.4655272
0.8529411764705881,0.40400982
0.0,0.42188036
0.0,0.42785805
0.0,0.443471
0.0,0.42184815
0.0,0.3583978
0.0,0.39837983
0.0,0.32517898
0.0,0.3722175
0.0,0.42345744
0.0,0.35340154
0.4232804232804241,0.3316102
0.4354066985645932,0.4479227
0.4066985645933005,0.39151567
0.3779904306220096,0.4466103
0.373205741626796,0.4367234
0.3779904306220096,0.39650786
0.3684210526315787,0.4118349
0.3492822966507187,0.48697233
0.3157894736842106,0.37522155
0.3301435406698569,0.44963908
0.9230769230769198,0.41081935
0.961538461538467,0.42848265
0.987179487179489,0.47528696
0.9625000000000056,0.40787566
0.9277108433735036,0.32326382
0.8554216867470075,0.39431995
0.7951807228915584,0.39996234
0.7108433734939723,0.40283942
0.8072289156626624,0.44079536
0.8554216867470075,0.33238623
0.7936507936507937,0.36419022
0.8095238095238095,0.4523413
0.7936507936507939,0.40528238
0.841269841269841,0.35289222
0.7936507936507937,0.37548533
0.8412698412698412,0.38790575
0.8412698412698414,0.4282556
0.9365079365079364,0.4792159
0.8412698412698414,0.46272054
0.6764705882352939,0.40693644
0.0,0.42458215
0.0,0.42963758
0.0,0.44133124
0.0,0.4214902
0.0,0.36155593
0.0,0.39652795
0.0,0.3283068
0.0,0.37036443
0.0,0.4260138
0.0,0.3536609
0.3756613756613749,0.33551073
0.4066985645933023,0.44667953
0.3779904306220114,0.38964844
0.3732057416267942,0.44561434
0.3779904306220096,0.4341464
0.3684210526315805,0.39837387
0.3492822966507187,0.4095671
0.3157894736842106,0.48486555
0.3301435406698569,0.37717456
0.3732057416267942,0.45022982
0.961538461538467,0.41469738
0.9871794871795032,0.42682952
0.987179487179489,0.47699785
0.9625000000000056,0.40594056
0.8554216867469933,0.33245754
0.7951807228915868,0.39329258
0.7108433734939723,0.4004059
0.8072289156626624,0.40303776
0.8554216867469933,0.43795788
0.9036144578313384,0.33555603
0.8095238095238098,0.36410862
0.7936507936507937,0.45304084
0.8412698412698414,0.4041527
0.793650793650793,0.3558044
0.8412698412698414,0.3758922
0.8412698412698412,0.3857578
0.9365079365079368,0.4234902
0.841269841269841,0.47898987
0.6507936507936509,0.463478
0.6470588235294117,0.4069774
0.0,0.42456537
0.0,0.42927918
0.0,0.44018543
0.0,0.42881435
0.0,0.36421633
0.0,0.39767203
0.0,0.33099225
0.0,0.3727708
0.0,0.42504528
0.0,0.35482895
0.343915343915345,0.3395476
0.3779904306220096,0.44748962
0.3732057416267942,0.39179984
0.3779904306220096,0.4485787
0.3684210526315787,0.43276957
0.3492822966507205,0.39846966
0.3157894736842106,0.4090453
0.3301435406698569,0.48327684
0.373205741626796,0.3812918
0.4641148325358859,0.45094034
0.987179487179489,0.416636
0.9871794871795032,0.42402348
0.987179487179489,0.48168063
0.8875000000000028,0.40495056
0.7951807228915868,0.3379747
0.7108433734940007,0.39233238
0.8072289156626624,0.40341154
0.8554216867469933,0.40338665
0.9036144578313384,0.43631068
0.9397590361445792,0.33550027
0.7936507936507937,0.3651331
0.8412698412698412,0.4567075
0.7936507936507939,0.40391427
0.841269841269841,0.3549093
0.8412698412698414,0.3750783
0.9365079365079364,0.38451102
0.8412698412698414,0.42131028
0.6507936507936507,0.48073602
0.6190476190476193,0.46510947
0.4852941176470586,0.40857774
0.0,0.42739058
0.0,0.42804858
0.0,0.43903106
0.0,0.43415278
0.0,0.3656802
0.0,0.39790574
0.0,0.3311163
0.0,0.37310234
0.0,0.42099106
0.0,0.35538715
0.3121693121693134,0.34326845
0.3732057416267942,0.44795516
0.3779904306220114,0.3937323
0.3684210526315787,0.45109668
0.349282296650717,0.43293804
0.3157894736842106,0.3988228
0.3301435406698569,0.41035467
0.3732057416267942,0.48497686
0.4641148325358841,0.38396177
0.6411483253588521,0.45041883
0.987179487179489,0.41679376
0.9871794871795032,0.42715034
0.9102564102563946,0.48269206
0.8250000000000028,0.40566435
0.7108433734939865,0.34101138
0.8072289156626624,0.39498714
0.855421686746979,0.40383828
0.903614457831324,0.40652442
0.9397590361445792,0.43430573
0.9518072289156834,0.33595324
0.8412698412698414,0.3637628
0.7936507936507937,0.4575311
0.8412698412698414,0.40360972
0.841269841269841,0.35368055
0.9365079365079368,0.37550837
0.8412698412698412,0.3847339
0.6507936507936507,0.41824085
0.6190476190476186,0.47862583
0.4444444444444446,0.4630165
0.2352941176470588,0.4113999
0.0,0.4285277
0.0,0.42912906
0.0,0.43807778
0.0,0.43438274
0.0,0.3688388
0.0,0.3932351
0.0,0.33049423
0.0,0.37027252
0.0,0.42210686
0.0,0.35676175
0.3068783068783087,0.34404257
0.3779904306220096,0.44875458
0.3684210526315787,0.39549005
0.3492822966507187,0.45136148
0.3157894736842106,0.4337549
0.3301435406698569,0.39931047
0.3732057416267942,0.40933794
0.4641148325358841,0.483947
0.641148325358853,0.38588127
0.7799043062200965,0.45373365
0.987179487179489,0.41877258
0.9102564102564372,0.42910802
0.8461538461538254,0.48431587
0.7374999999999972,0.4054527
0.8072289156626624,0.345658
0.8554216867470075,0.398169
0.903614457831324,0.40539846
0.9397590361445792,0.4085333
0.9518072289156692,0.43432248
0.9036144578313384,0.3366395
0.7936507936507937,0.3636626
0.8412698412698412,0.45673946
0.8412698412698414,0.403608
0.9365079365079364,0.35487318
0.8412698412698414,0.3768881
0.6507936507936507,0.3835132
0.6190476190476191,0.4152215
0.4444444444444442,0.47819018
0.1746031746031748,0.46429342
0.1176470588235294,0.41385046
0.0,0.4290607
0.0,0.4283354
0.0,0.43661556
0.0,0.43556285
0.0,0.3709166
0.0,0.39195356
0.0,0.32942128
0.0,0.36980534
0.0,0.4222332
0.0,0.3591729
0.3121693121693134,0.34531534
0.3684210526315805,0.45160052
0.3492822966507187,0.39814755
0.3157894736842106,0.45614538
0.3301435406698569,0.4334131
0.3732057416267942,0.39880782
0.4641148325358841,0.40956393
0.6411483253588504,0.4842981
0.7799043062200957,0.39040053
0.9090909090909092,0.4546056
0.9102564102564088,0.4181988
0.846153846153868,0.4302188
0.7564102564102342,0.4886591
0.8375000000000057,0.4044729
0.8554216867469933,0.34673476
0.9036144578313384,0.40189448
0.9397590361445792,0.40703335
0.9518072289156692,0.41011766
0.9036144578313384,0.4339624
0.8915662650602627,0.3385921
0.8412698412698414,0.36170793
0.8412698412698412,0.45605323
0.9365079365079368,0.4054792
0.841269841269841,0.35491487
0.6507936507936509,0.3814991
0.6190476190476191,0.38249862
0.4444444444444442,0.41266578
0.1746031746031744,0.47661692
0.0476190476190478,0.46427354
0.0,0.41476715
0.0,0.4259478
0.0,0.4243603
0.0,0.43630674
0.0,0.43632576
0.0,0.371906
0.0,0.38974243
0.0,0.32314909
0.0,0.36803782
0.0,0.42129713
0.0,0.3608988
0.3015873015873023,0.3471859
0.3492822966507205,0.45332208
0.3157894736842106,0.403617
0.3301435406698569,0.45983395
0.373205741626796,0.43096676
0.4641148325358859,0.39850664
0.6411483253588521,0.41110247
0.7799043062200965,0.48857614
0.9090909090909084,0.39479977
0.9521531100478472,0.45516706
0.8461538461538538,0.41749245
0.7564102564102768,0.43349567
0.8589743589743648,0.49167532
0.8875000000000028,0.4048606
0.9036144578313384,0.34371224
0.9397590361445792,0.40357372
0.951807228915655,0.407693
0.903614457831324,0.4132439
0.8915662650602485,0.4343633
0.8795180722891587,0.33845586
0.8412698412698414,0.3608554
0.9365079365079364,0.45411995
0.8412698412698414,0.4071383
0.6507936507936507,0.35610643
0.6190476190476193,0.38680294
0.4444444444444442,0.38311598
0.1746031746031744,0.41030332
0.0476190476190474,0.4739508
-0.079365079365079,0.4614567
-0.0294117647058822,0.41577968
0.0,0.42417747
0.0,0.42159066
0.0,0.43501884
0.0,0.4359841
0.0,0.37300283
0.0,0.3863967
0.0,0.31530416
0.0,0.3652026
0.0,0.42110452
0.0,0.3613206
0.28042328042328,0.34923977
0.3157894736842106,0.45441166
0.3301435406698569,0.40861726
0.3732057416267942,0.46084097
0.4641148325358841,0.43008834
0.6411483253588521,0.39789823
0.7799043062200965,0.41351563
0.90909090909091,0.49320585
0.9521531100478472,0.3966088
1.0287081339712918,0.45693797
0.7564102564102626,0.417691
0.8589743589743648,0.43572944
0.9102564102563946,0.49287394
0.9375,0.4048342
0.9397590361445792,0.34348476
0.9518072289156834,0.40678445
0.903614457831324,0.40858594
0.8915662650602485,0.4137455
0.8795180722891587,0.43477336
0.8072289156626624,0.33884108
0.9365079365079368,0.3611469
0.8412698412698412,0.45429614
0.6507936507936507,0.40672287
0.6190476190476186,0.3567719
0.4444444444444446,0.39052773
0.1746031746031744,0.38264087
0.0476190476190474,0.4098094
-0.0793650793650799,0.47304353
-0.1111111111111107,0.46077204
0.0441176470588233,0.4184667
0.0,0.42194974
0.0,0.4193656
0.0,0.43481445
0.0,0.434207
0.0,0.3730959
0.0,0.38595265
0.0,0.31110543
0.0,0.36602378
0.0,0.42203835
0.0,0.36212373
0.2433862433862437,0.35147142
0.3301435406698569,0.45541015
0.3732057416267942,0.41255847
0.4641148325358841,0.46292657
0.641148325358853,0.42727745
0.7799043062200965,0.3969262
0.90909090909091,0.41516548
0.9521531100478472,0.49550465
1.0287081339712918,0.40081334
0.9234449760765556,0.45748377
0.8589743589743648,0.41711566
0.9102564102564372,0.43914142
0.9615384615384528,0.48999143
0.9749999999999944,0.4056153
0.9518072289156692,0.34382072
0.9036144578313384,0.41017938
0.8915662650602343,0.4085834
0.8795180722891587,0.4142199
0.8072289156626624,0.435939
0.7349397590361804,0.33947048
0.8412698412698414,0.36160997
0.6507936507936507,0.45326847
0.6190476190476191,0.4065376
0.4444444444444442,0.35924858
0.1746031746031748,0.39463317
0.0476190476190474,0.3830831
-0.0793650793650799,0.4083933
-0.1111111111111116,0.47149318
-0.0317460317460316,0.46031573
-0.0147058823529415,0.42175514
0.0,0.41928232
0.0,0.41853538
0.0,0.4368743
0.0,0.4319699
0.0,0.37385687
0.0,0.38402352
0.0,0.30665332
0.0,0.36702377
0.0,0.4242331
0.0,0.36331332
0.2592592592592595,0.35145664
0.3732057416267942,0.45829743
0.4641148325358841,0.41656122
0.6411483253588504,0.46452713
0.7799043062200957,0.42524856
0.9090909090909092,0.39697704
0.9521531100478472,0.41690913
1.028708133971291,0.49616688
0.9234449760765546,0.4035844
1.0478468899521536,0.45774633
0.9102564102564088,0.4174572
0.961538461538467,0.44157997
1.0,0.48883212
0.9874999999999972,0.40638447
0.9036144578313384,0.34438196
0.8915662650602627,0.41174287
0.8795180722891587,0.4093663
0.8072289156626624,0.41588077
0.7349397590361519,0.43743432
0.6746987951807455,0.33918616
0.6507936507936509,0.36128384
0.6190476190476191,0.45316604
0.4444444444444442,0.40646383
0.1746031746031744,0.3615223
0.0476190476190478,0.39829636
-0.0793650793650795,0.3833216
-0.1111111111111111,0.40632442
-0.031746031746032,0.47019535
-0.0952380952380949,0.46052635
0.2205882352941177,0.42418185
0.0,0.41784784
0.0,0.41783455
0.0,0.44021454
0.0,0.43097925
0.0,0.37445667
0.0,0.38315347
0.0,0.30200854
0.0,0.36707196
0.0,0.42508605
0.0,0.3654451
0.3068783068783087,0.350227
0.4641148325358859,0.45869094
0.6411483253588521,0.41969696
0.7799043062200965,0.46657252
0.9090909090909084,0.42434248
0.9521531100478472,0.39822662
1.028708133971293,0.4190766
0.9234449760765564,0.4971968
1.0478468899521527,0.40624544
0.9712918660287082,0.45924342
0.961538461538467,0.41850019
1.0,0.44418162
1.0128205128204968,0.48954493
0.9375,0.40652257
0.8915662650602485,0.3436401
0.8795180722891587,0.41171426
0.8072289156626624,0.41007617
0.7349397590361519,0.41759297
0.6746987951807313,0.43795702
0.6987951807228967,0.34047177
0.6190476190476193,0.36029273
0.4444444444444442,0.45262462
0.1746031746031744,0.40759337
0.0476190476190474,0.36352396
-0.079365079365079,0.4008381
-0.1111111111111111,0.38213488
-0.031746031746032,0.4051194
-0.0952380952380953,0.4692851
0.158730158730159,0.46070948
0.4117647058823528,0.42389023
0.0,0.41544297
0.0,0.41668302
0.0,0.44329894
0.0,0.4326441
0.0,0.37417978
0.0,0.38205087
0.0,0.29894125
0.0,0.36606172
0.0,0.42460248
0.0,0.36699957
0.4074074074074065,0.34795603
0.6411483253588521,0.4570256
0.7799043062200965,0.42316437
0.90909090909091,0.4680669
0.9521531100478472,0.42472783
1.0287081339712918,0.39890602
0.9234449760765546,0.4207334
1.0478468899521527,0.4992948
0.9712918660287092,0.40594208
0.8229665071770329,0.46081975
1.0,0.41786647
1.0128205128205394,0.44653893
0.9615384615384528,0.4901344
0.9249999999999972,0.406318
0.8795180722891587,0.3408034
0.8072289156626624,0.41078818
0.7349397590361377,0.41123405
0.6746987951807313,0.41930825
0.6987951807228967,0.43876866
0.6506024096385801,0.34044814
0.4444444444444446,0.36028504
0.1746031746031744,0.45364752
0.0476190476190474,0.4064232
-0.0793650793650799,0.3639269
-0.1111111111111107,0.40018544
-0.0317460317460316,0.38341653
-0.0952380952380949,0.40639088
0.1587301587301581,0.46941566
0.3650793650793651,0.45970717
0.3823529411764703,0.42593816
0.0,0.41665158
0.0,0.41526031
0.0,0.4450889
0.0,0.4336001
0.0,0.37295485
0.0,0.3837105
0.0,0.29978046
0.0,0.36512336
0.0,0.42353812
0.0,0.3669533
0.6031746031746046,0.34693426
0.7799043062200965,0.45593363
0.90909090909091,0.4238867
0.9521531100478472,0.46914715
1.0287081339712918,0.425813
0.9234449760765556,0.3981433
1.0478468899521545,0.42384645
0.9712918660287072,0.50151235
0.822966507177032,0.40297207
0.8325358851674647,0.46076387
1.012820512820511,0.41731465
0.961538461538467,0.45213577
0.9487179487179276,0.48960707
0.9124999999999944,0.40807515
0.8072289156626624,0.3367447
0.7349397590361804,0.41015556
0.6746987951807171,0.4111312
0.6987951807228825,0.42167783
0.6506024096385516,0.4407794
0.7590361445783174,0.34022856
0.1746031746031748,0.361781
0.0476190476190474,0.4524681
-0.0793650793650799,0.40559226
-0.1111111111111116,0.3637093
-0.0317460317460316,0.39957845
-0.0952380952380953,0.38585526
0.158730158730159,0.40655497
0.3650793650793651,0.4701156
0.3333333333333335,0.45762324
0.3382352941176472,0.42649046
0.0,0.41651174
0.0,0.4163304
0.0,0.44815144
0.0,0.43262306
0.0,0.37093696
0.0,0.38243702
0.0,0.3005133
0.0,0.3634432
0.0,0.42526934
0.0,0.3647784
0.7566137566137563,0.34473547
0.9090909090909092,0.45652777
0.9521531100478472,0.4235771
1.028708133971291,0.4670735
0.9234449760765546,0.42853782
1.0478468899521536,0.39723104
0.9712918660287092,0.42532995
0.8229665071770338,0.5013256
0.8325358851674647,0.39891464
0.8277511961722501,0.4621066
