Actual,Predicted
0.3170731707317031,0.37003645
0.3170731707317031,0.38102895
0.3658536585365795,0.4215871
0.5609756097560847,0.37853774
0.6341463414634205,0.4029063
0.6219512195121979,0.3867899
0.6097560975609753,0.39096776
0.5975609756097384,0.41366816
0.5487804878048763,0.39888564
0.5000000000000142,0.43391418
0.7714285714285714,0.4472393
0.6000000000000001,0.46703732
0.528571428571428,0.37435272
0.5428571428571427,0.3470927
0.4571428571428573,0.40294352
0.3428571428571429,0.39831242
0.3285714285714287,0.3829379
0.3285714285714283,0.41719148
0.285714285714286,0.38900667
0.285714285714286,0.39030495
0.0,0.42342633
0.0,0.37927657
0.0,0.4196757
0.0,0.43310797
0.0,0.39091837
0.0,0.44728997
0.0,0.38166073
0.0,0.39791432
0.0,0.3935153
0.0,0.455419
0.2717948717948726,0.38536483
0.338461538461539,0.4122606
0.3897435897435901,0.3865615
0.4512820512820497,0.41301435
0.476923076923077,0.40442514
0.5743589743589759,0.45249918
0.6358974358974354,0.40583593
0.6102564102564099,0.40939707
0.6307692307692303,0.3661906
0.6000000000000014,0.42268297
0.3170731707317031,0.36880684
0.3658536585365795,0.3796344
0.560975609756099,0.42691967
0.6341463414634205,0.37571555
0.6219512195121979,0.40020695
0.6097560975609753,0.38676357
0.5975609756097526,0.39512318
0.5487804878048763,0.40948448
0.5,0.40005302
0.4634146341463463,0.43043694
0.6000000000000001,0.44977522
0.5285714285714285,0.46520412
0.5428571428571427,0.37486395
0.4571428571428568,0.34846213
0.3428571428571429,0.40140277
0.3285714285714287,0.39530766
0.3285714285714287,0.38472742
0.2857142857142856,0.4184837
0.285714285714286,0.39178216
0.3428571428571429,0.38960817
0.0,0.42648065
0.0,0.38374007
0.0,0.41693693
0.0,0.43848845
0.0,0.3968219
0.0,0.44895688
0.0,0.37843767
0.0,0.39748383
0.0,0.3961734
0.0,0.4560891
0.3384615384615372,0.37926522
0.3897435897435901,0.41613555
0.4512820512820497,0.38910064
0.4769230769230752,0.41093317
0.5743589743589741,0.40309694
0.6358974358974372,0.45403755
0.6102564102564116,0.40334362
0.6307692307692285,0.41162166
0.5999999999999996,0.36521116
0.569230769230769,0.425189
0.3658536585365795,0.36989653
0.560975609756099,0.37903917
0.6341463414634205,0.43206805
0.6219512195121837,0.37153897
0.6097560975609753,0.39841887
0.5975609756097526,0.3876154
0.5487804878048763,0.3991248
0.4999999999999858,0.4044944
0.4634146341463463,0.40342087
0.3658536585365795,0.4304186
0.5285714285714285,0.45051455
0.5428571428571427,0.46305722
0.4571428571428573,0.37646925
0.3428571428571425,0.35032347
0.3285714285714287,0.40188727
0.3285714285714287,0.39484665
0.2857142857142856,0.38450766
0.2857142857142856,0.42115226
0.3428571428571429,0.39387497
0.4000000000000003,0.3888666
0.0,0.4320673
0.0,0.38534418
0.0,0.4142304
0.0,0.4425871
0.0,0.39722154
0.0,0.44999564
0.0,0.37400523
0.0,0.39752507
0.0,0.3946876
0.0,0.45987245
0.3897435897435883,0.37926313
0.4512820512820514,0.41660583
0.476923076923077,0.38946426
0.5743589743589741,0.41072884
0.6358974358974354,0.39940232
0.6102564102564099,0.45455047
0.6307692307692303,0.4042627
0.5999999999999996,0.4123841
0.569230769230769,0.3671714
0.5589743589743588,0.42680544
0.560975609756099,0.37363657
0.6341463414634205,0.3776663
0.6219512195121979,0.4350898
0.6097560975609753,0.37096608
0.5975609756097526,0.39692765
0.5487804878048763,0.3887138
0.5,0.40778637
0.4634146341463321,0.40143606
0.3658536585365795,0.40563533
0.3414634146341484,0.42804506
0.5428571428571431,0.4507744
0.4571428571428573,0.45870534
0.3428571428571425,0.37909663
0.3285714285714283,0.35927102
0.3285714285714287,0.40215436
0.285714285714286,0.39329824
0.2857142857142856,0.38609588
0.3428571428571425,0.42329317
0.4000000000000003,0.4005709
0.285714285714286,0.3909369
0.0,0.43834984
0.0,0.38987085
0.0,0.41529816
0.0,0.44588754
0.0,0.39712933
0.0,0.44646266
0.0,0.37339497
0.0,0.3987318
0.0,0.39544693
0.0,0.45902362
0.4512820512820514,0.37902206
0.4769230769230788,0.41806152
0.5743589743589741,0.39321512
0.6358974358974354,0.41012967
0.6102564102564099,0.39326954
0.6307692307692321,0.45137691
0.6000000000000014,0.40300125
0.569230769230769,0.41440874
0.5589743589743588,0.36698636
0.6205128205128201,0.425628
0.6341463414634205,0.37677732
0.6219512195121979,0.37781718
0.6097560975609753,0.44006714
0.5975609756097384,0.3673666
0.5487804878048763,0.39361796
0.5000000000000142,0.3922687
0.4634146341463605,0.41660106
0.3658536585365795,0.39726683
0.3414634146341626,0.4096725
0.3902439024390247,0.4275458
0.4571428571428573,0.44631946
0.3428571428571429,0.45656756
0.3285714285714287,0.38219258
0.3285714285714283,0.36808354
0.285714285714286,0.4030794
0.285714285714286,0.38831854
0.3428571428571425,0.38404438
0.3999999999999999,0.42610192
0.285714285714286,0.40756282
0.2714285714285718,0.39160964
0.0,0.44401005
0.0,0.38979235
0.0,0.41198403
0.0,0.44610012
0.0,0.39701754
0.0,0.44388646
0.0,0.36852592
0.0,0.40003416
0.0,0.39232382
0.0,0.46206447
0.476923076923077,0.3844576
0.5743589743589759,0.4186982
0.6358974358974354,0.39818066
0.6102564102564099,0.4151582
0.6307692307692303,0.38671193
0.6000000000000014,0.44565612
0.5692307692307672,0.40304163
0.5589743589743588,0.4130468
0.6205128205128201,0.37082916
0.5897435897435894,0.41725707
0.6219512195121979,0.37894008
0.6097560975609753,0.3802863
0.5975609756097526,0.4434915
0.5487804878048763,0.36418334
0.5,0.38947326
0.4634146341463463,0.39587617
0.3658536585365795,0.42232952
0.3414634146341484,0.39469528
0.3902439024390247,0.41053143
0.4634146341463463,0.4274056
0.3428571428571429,0.4431794
0.3285714285714287,0.45407513
0.3285714285714287,0.38419908
0.2857142857142856,0.37474233
0.285714285714286,0.4051753
0.3428571428571429,0.38290882
0.3999999999999994,0.38362882
0.2857142857142856,0.42583397
0.2714285714285718,0.41245073
0.3142857142857145,0.3933223
0.0,0.44672698
0.0,0.38937092
0.0,0.4078677
0.0,0.4438702
0.0,0.3968543
0.0,0.4408597
0.0,0.36827862
0.0,0.40098435
0.0,0.38875568
0.0,0.461855
0.5743589743589741,0.3878131
0.6358974358974372,0.4170254
0.6102564102564116,0.40186596
0.6307692307692285,0.41985935
0.5999999999999996,0.38435888
0.569230769230769,0.4374129
0.5589743589743588,0.40363505
0.6205128205128201,0.409453
0.5897435897435894,0.37319222
0.5589743589743588,0.4117799
0.6097560975609753,0.3813653
0.5975609756097526,0.38184255
0.5487804878048763,0.4452266
0.4999999999999858,0.3641596
0.4634146341463463,0.38086325
0.3658536585365795,0.3998064
0.3414634146341626,0.4279429
0.3902439024390389,0.39531782
0.4634146341463463,0.41490325
0.5487804878048763,0.42521083
0.3285714285714287,0.43853745
0.3285714285714287,0.4487247
0.2857142857142856,0.38661954
0.2857142857142856,0.37591308
0.3428571428571429,0.40550554
0.4000000000000003,0.37640816
0.2857142857142856,0.38383362
0.2714285714285713,0.42831263
0.3142857142857145,0.41582215
0.3142857142857145,0.3884659
0.0,0.44757593
0.0,0.39193937
0.0,0.40530482
0.0,0.43555704
0.0,0.39804116
0.0,0.4355507
0.0,0.36724406
0.0,0.39823252
0.0,0.39054173
0.0,0.46223345
0.6358974358974354,0.39134368
0.6102564102564099,0.41450152
0.6307692307692303,0.40466058
0.5999999999999996,0.42771074
0.569230769230769,0.38217315
0.5589743589743588,0.42638585
0.6205128205128201,0.40398943
0.5897435897435894,0.40355512
0.5589743589743588,0.3731382
0.5384615384615383,0.40932953
0.5975609756097526,0.38193637
0.5487804878048763,0.380338
0.5,0.44888163
0.4634146341463321,0.35628617
0.3658536585365795,0.3746624
0.3414634146341484,0.4034874
0.3902439024390389,0.42956892
0.4634146341463321,0.39411455
0.5487804878048763,0.41698635
0.6219512195121979,0.4256163
0.3285714285714287,0.43793476
0.285714285714286,0.44477272
0.2857142857142856,0.38699666
0.3428571428571425,0.37337616
0.4000000000000003,0.41000757
0.285714285714286,0.37232634
0.2714285714285709,0.37939823
0.314285714285714,0.43032682
0.3142857142857145,0.41471365
0.3714285714285714,0.38560236
0.0,0.44673795
0.0,0.39279506
0.0,0.4032917
0.0,0.4334384
0.0,0.40053883
0.0,0.42935446
0.0,0.36421803
0.0,0.3982291
0.0,0.38520208
0.0,0.46340582
0.6102564102564099,0.38849294
0.6307692307692321,0.4098932
0.6000000000000014,0.404243
0.569230769230769,0.43170345
0.5589743589743588,0.38693747
0.6205128205128201,0.42139527
0.5897435897435912,0.4050156
0.5589743589743588,0.39900213
0.5384615384615383,0.37080175
0.5333333333333332,0.41606966
0.5487804878048763,0.3798365
0.5000000000000142,0.37777132
0.4634146341463605,0.4476651
0.3658536585365795,0.35812303
0.3414634146341626,0.37578285
0.3902439024390247,0.40618047
0.4634146341463605,0.4267851
0.5487804878048763,0.39330924
0.6219512195121979,0.41419587
0.7560975609756184,0.42890736
0.285714285714286,0.44315615
0.285714285714286,0.44779694
0.3428571428571425,0.38859898
0.3999999999999999,0.37416363
0.285714285714286,0.41499904
0.2714285714285718,0.37554586
0.314285714285714,0.37403074
0.314285714285714,0.4234668
0.3714285714285714,0.4116131
0.6714285714285717,0.3887461
0.0,0.4451372
0.0,0.38946268
0.0,0.40245885
0.0,0.4321446
0.0,0.39825997
0.0,0.42364594
0.0,0.36713794
0.0,0.4025306
0.0,0.37524608
0.0,0.45995024
0.6307692307692303,0.38734838
0.6000000000000014,0.39959723
0.5692307692307672,0.40227193
0.5589743589743588,0.42801094
0.6205128205128201,0.39219254
0.5897435897435894,0.41969615
0.5589743589743588,0.40672505
0.5384615384615383,0.39774948
0.5333333333333332,0.36842197
0.3794871794871799,0.41730183
0.5,0.3800817
0.4634146341463463,0.3757023
0.3658536585365795,0.44617647
0.3414634146341484,0.3576855
0.3902439024390247,0.38197112
0.4634146341463463,0.40796846
0.5487804878048763,0.4236676
0.6219512195121837,0.39007905
0.7560975609756184,0.410961
0.7926829268292721,0.42836037
0.285714285714286,0.44466624
0.3428571428571429,0.4463935
0.3999999999999994,0.3921469
0.2857142857142856,0.3750013
0.2714285714285718,0.41365072
0.3142857142857145,0.37489676
0.314285714285714,0.37135702
0.371428571428571,0.4183839
0.6714285714285713,0.4081598
0.5428571428571427,0.39086887
0.0,0.44476622
0.0,0.38644293
0.0,0.40300462
0.0,0.4321121
0.0,0.3984702
0.0,0.4240939
0.0,0.3720374
0.0,0.40807694
0.0,0.37203988
0.0,0.4592632
0.5999999999999996,0.3887431
0.569230769230769,0.39714593
0.5589743589743588,0.40003708
0.6205128205128201,0.42663747
0.5897435897435894,0.39159238
0.5589743589743588,0.4189801
0.5384615384615383,0.40596923
0.5333333333333332,0.39507467
0.3794871794871781,0.36577702
0.3589743589743595,0.41582802
0.4634146341463463,0.37952492
0.3658536585365795,0.37830782
0.3414634146341626,0.44529167
0.3902439024390389,0.36067957
0.4634146341463463,0.3860676
0.5487804878048763,0.40850225
0.6219512195121979,0.4211435
0.7560975609756184,0.38864815
0.7926829268292721,0.41007316
0.8048780487804947,0.42817158
0.3428571428571429,0.4452733
0.4000000000000003,0.44828677
0.2857142857142856,0.39300328
0.2714285714285713,0.37683013
0.3142857142857145,0.41420716
0.3142857142857145,0.37577134
0.3714285714285714,0.3706544
0.6714285714285713,0.41579843
0.5428571428571431,0.40698704
0.8142857142857145,0.3949069
0.0,0.44442096
0.0,0.385764
0.0,0.40485868
0.0,0.43075687
0.0,0.39781636
0.0,0.4239441
0.0,0.37659594
0.0,0.4122084
0.0,0.36907923
0.0,0.45932624
0.569230769230769,0.3890028
0.5589743589743588,0.3946017
0.6205128205128201,0.3997007
0.5897435897435894,0.42694536
0.5589743589743588,0.39179048
0.5384615384615383,0.41767994
0.5333333333333332,0.40652537
0.3794871794871799,0.3942984
0.3589743589743595,0.36342767
0.2769230769230777,0.41540337
0.3658536585365795,0.3809272
0.3414634146341484,0.38023272
0.3902439024390389,0.4439485
0.4634146341463321,0.3642602
0.5487804878048763,0.39080322
0.6219512195121979,0.40945438
0.7560975609756184,0.41894457
0.7926829268292579,0.38896078
0.8048780487804947,0.4087591
0.7560975609756184,0.42812955
0.4000000000000003,0.44578537
0.285714285714286,0.45101252
0.2714285714285709,0.39167023
0.314285714285714,0.37798077
0.3142857142857145,0.41388983
0.3714285714285714,0.37631458
0.6714285714285713,0.3703726
0.5428571428571427,0.41466913
0.8142857142857143,0.4073192
0.8,0.398169
0.0,0.44256574
0.0,0.38415828
0.0,0.4074939
0.0,0.43025216
0.0,0.39729148
0.0,0.42612135
0.0,0.3800845
0.0,0.41662404
0.0,0.369462
0.0,0.4605595
0.5589743589743588,0.39235294
0.6205128205128201,0.39499542
0.5897435897435912,0.39895356
0.5589743589743588,0.42454427
0.5384615384615383,0.3890464
0.5333333333333332,0.41832843
0.3794871794871799,0.40468878
0.3589743589743595,0.39363918
0.2769230769230759,0.3619351
0.2615384615384624,0.41095224
0.3414634146341626,0.3828865
0.3902439024390247,0.37889102
0.4634146341463605,0.4453358
0.5487804878048763,0.36411762
0.6219512195121979,0.39460698
0.7560975609756184,0.41006938
0.7926829268292579,0.42062497
0.8048780487804805,0.38711828
0.7560975609756184,0.41031092
0.7317073170731732,0.42483518
0.285714285714286,0.44550475
0.2714285714285718,0.45069396
0.314285714285714,0.3902736
0.314285714285714,0.37861982
0.3714285714285714,0.4115516
0.6714285714285717,0.37405133
0.5428571428571427,0.37150183
0.8142857142857145,0.41521403
0.8,0.41103968
0.7857142857142858,0.397547
0.0,0.44448715
0.0,0.38290352
0.0,0.40819842
0.0,0.43163556
0.0,0.39706433
0.0,0.43077555
0.0,0.38043267
0.0,0.4196257
0.0,0.37385544
0.0,0.46250737
0.6205128205128201,0.39439568
0.5897435897435894,0.39735
0.5589743589743588,0.39891472
0.5384615384615383,0.42247242
0.5333333333333332,0.38256812
0.3794871794871799,0.419773
0.3589743589743612,0.40228155
0.2769230769230741,0.39288872
0.2615384615384624,0.36083883
0.2256410256410248,0.40713125
0.3902439024390247,0.38372847
0.4634146341463463,0.37832367
0.5487804878048763,0.44688064
0.6219512195121837,0.3656463
0.7560975609756184,0.3960951
0.7926829268292721,0.4101762
0.8048780487804947,0.42210618
0.7560975609756184,0.3880627
0.731707317073159,0.41147515
0.7073170731707421,0.42324087
0.2714285714285718,0.44499013
0.3142857142857145,0.45129865
0.314285714285714,0.38963556
0.371428571428571,0.37847677
0.6714285714285713,0.4105524
0.5428571428571427,0.37400275
0.8142857142857141,0.37169415
0.7999999999999994,0.41591072
0.7857142857142856,0.41454995
0.7571428571428573,0.3974631
0.0,0.44646856
0.0,0.38300014
0.0,0.40807688
0.0,0.4325759
0.0,0.39441878
0.0,0.4323569
0.0,0.38073274
0.0,0.4204135
0.0,0.37626618
0.0,0.462164
0.5897435897435894,0.39423975
0.5589743589743588,0.39884067
0.5384615384615383,0.39749843
0.5333333333333332,0.4220279
0.3794871794871781,0.37885523
0.3589743589743595,0.4202261
0.2769230769230759,0.40158376
0.2615384615384588,0.39274618
0.2256410256410248,0.36031094
0.1487179487179499,0.40550062
0.4634146341463463,0.38307834
0.5487804878048763,0.3772402
0.6219512195121979,0.4479609
0.7560975609756184,0.36521977
0.7926829268292721,0.39520615
0.8048780487804947,0.40988758
0.7560975609756184,0.42415383
0.7317073170731732,0.38856784
0.7073170731707421,0.4115868
0.7317073170731732,0.42270905
0.3142857142857145,0.44505057
0.3142857142857145,0.4512031
0.3714285714285714,0.38977492
0.6714285714285713,0.37805676
0.5428571428571431,0.4107843
0.8142857142857145,0.37378526
0.7999999999999998,0.37150642
0.7857142857142851,0.4166048
0.7571428571428571,0.41512623
0.842857142857143,0.39801466
0.0,0.44856128
0.0,0.3822953
0.0,0.4067813
0.0,0.43366235
0.0,0.39150405
0.0,0.43245712
0.0,0.37941477
0.0,0.4193331
0.0,0.37549984
0.0,0.4617306
0.5589743589743588,0.39420176
0.5384615384615383,0.4003101
0.5333333333333332,0.3963686
0.3794871794871799,0.42247805
0.3589743589743595,0.37824166
0.2769230769230777,0.41969374
0.2615384615384606,0.4033933
0.225641025641023,0.39366597
0.1487179487179482,0.3602717
0.0923076923076919,0.40576947
0.5487804878048763,0.3827363
0.6219512195121979,0.37642404
0.7560975609756184,0.44905022
0.7926829268292579,0.36410323
0.8048780487804947,0.3957289
0.7560975609756184,0.41005692
0.731707317073159,0.4254194
0.7073170731707137,0.3889921
0.731707317073159,0.41089156
0.7317073170731732,0.42398217
0.3142857142857145,0.4457029
0.3714285714285714,0.45198226
0.6714285714285713,0.38965023
0.5428571428571427,0.37626597
0.8142857142857143,0.409707
0.8,0.37300518
0.7857142857142851,0.36933517
0.7571428571428567,0.4171509
0.8428571428571427,0.4154984
0.8857142857142857,0.39913437
0.0,0.45179152
0.0,0.3809218
0.0,0.4053591
0.0,0.43565708
0.0,0.3900808
0.0,0.43342
0.0,0.3773544
0.0,0.41740638
0.0,0.3734726
0.0,0.46236843
0.5384615384615383,0.39479244
0.5333333333333332,0.40185574
0.3794871794871799,0.3956612
0.3589743589743595,0.42385426
0.2769230769230759,0.37649018
0.2615384615384624,0.4197891
0.2256410256410266,0.40591115
0.1487179487179464,0.39472497
0.0923076923076937,0.35906178
0.0461538461538477,0.40494168
0.6219512195121979,0.38268316
0.7560975609756184,0.3775902
0.7926829268292579,0.44728953
0.8048780487804805,0.3660019
0.7560975609756184,0.3962006
0.7317073170731732,0.40952134
0.7073170731707421,0.42432395
0.7317073170731732,0.39080304
0.731707317073159,0.41004664
0.7317073170731732,0.42522073
0.3714285714285714,0.4457463
0.6714285714285717,0.4519635
0.5428571428571427,0.38980544
0.8142857142857145,0.37287888
0.8,0.40868962
0.7857142857142858,0.37389204
0.7571428571428571,0.36734462
0.842857142857143,0.41791415
0.8857142857142859,0.41392395
0.8857142857142857,0.39951178
0.0,0.45295885
0.0,0.38164487
0.0,0.40432453
0.0,0.43574888
0.0,0.38858804
0.0,0.4332052
0.0,0.37689316
0.0,0.41484553
0.0,0.3737831
0.0,0.46241313
0.5333333333333332,0.3964517
0.3794871794871799,0.40225902
0.3589743589743612,0.3941102
0.2769230769230741,0.42519522
0.2615384615384624,0.3751447
0.2256410256410248,0.41958237
0.1487179487179499,0.40702882
0.0923076923076902,0.39500883
0.0461538461538459,0.35836458
0.0256410256410255,0.4037836
0.7560975609756184,0.38295496
0.7926829268292721,0.3780443
0.8048780487804947,0.4443375
0.7560975609756184,0.368148
0.731707317073159,0.39659742
0.7073170731707421,0.40853742
0.731707317073159,0.4225463
0.7317073170731732,0.3923867
0.731707317073159,0.40932977
0.8048780487804947,0.42607766
0.6714285714285713,0.4446154
0.5428571428571427,0.4512623
0.8142857142857141,0.3904454
0.7999999999999994,0.3717913
0.7857142857142856,0.4079044
0.7571428571428573,0.37659937
0.842857142857143,0.36661005
0.8857142857142857,0.41939044
0.8857142857142859,0.41164324
0.7857142857142858,0.39920747
0.0,0.4515171
0.0,0.3827116
0.0,0.4048157
0.0,0.4345388
0.0,0.38829237
0.0,0.43180597
0.0,0.37740225
0.0,0.41259074
0.0,0.3736619
0.0,0.46129674
0.3794871794871781,0.39673597
0.3589743589743595,0.40173468
0.2769230769230759,0.39344174
0.2615384615384588,0.4248327
0.2256410256410248,0.37575904
0.1487179487179499,0.41982675
0.0923076923076919,0.40671787
0.0461538461538442,0.39561465
0.0256410256410255,0.3589493
0.1230769230769226,0.4041466
0.7926829268292721,0.38306266
0.8048780487804947,0.3784902
0.7560975609756184,0.4418023
0.7317073170731732,0.36869588
0.7073170731707421,0.39596725
0.7317073170731732,0.40764892
0.731707317073159,0.4204575
0.7317073170731732,0.39258435
0.8048780487804947,0.40836227
0.8292682926829258,0.42747253
0.5428571428571431,0.4432808
0.8142857142857145,0.4502818
0.7999999999999998,0.3909854
0.7857142857142851,0.37196133
0.7571428571428571,0.40804908
0.842857142857143,0.3796179
0.8857142857142857,0.36684367
0.8857142857142857,0.42082712
0.7857142857142856,0.4083928
0.6285714285714286,0.39927885
0.0,0.44932476
0.0,0.3833323
0.0,0.405127
0.0,0.43351594
0.0,0.3887068
0.0,0.4308741
0.0,0.37783808
0.0,0.41078275
0.0,0.3731136
0.0,0.46071982
0.3589743589743595,0.39731687
0.2769230769230777,0.40128917
0.2615384615384606,0.3935546
0.225641025641023,0.42394388
0.1487179487179482,0.37763065
0.0923076923076919,0.42022085
0.0461538461538459,0.40600464
0.0256410256410255,0.3965052
0.1230769230769226,0.35987943
0.2974358974358981,0.40492958
0.8048780487804947,0.3828825
0.7560975609756184,0.37942308
0.731707317073159,0.4395319
0.7073170731707137,0.36909798
0.731707317073159,0.39519897
0.7317073170731732,0.40632746
0.731707317073159,0.41792274
0.8048780487804805,0.3924154
0.8292682926829258,0.40737087
0.8414634146341484,0.4286183
0.8142857142857143,0.44277927
0.8,0.4490898
0.7857142857142851,0.39219287
0.7571428571428567,0.37180406
0.8428571428571427,0.40787798
0.8857142857142857,0.382427
0.8857142857142857,0.36866236
0.7857142857142851,0.42045182
0.6285714285714286,0.40383875
0.5285714285714285,0.39881882
0.0,0.44640645
0.0,0.38489172
0.0,0.40533793
0.0,0.43238747
0.0,0.38915074
0.0,0.43067956
0.0,0.37950784
0.0,0.4094118
0.0,0.37345058
0.0,0.46044016
0.2769230769230759,0.39835536
0.2615384615384624,0.4012656
0.2256410256410266,0.39406505
0.1487179487179464,0.4231076
0.0923076923076937,0.38024637
0.0461538461538477,0.42057076
0.0256410256410273,0.4053353
0.1230769230769208,0.3971002
0.2974358974358981,0.3616652
0.4256410256410259,0.40629396
0.7560975609756184,0.38215956
0.7317073170731732,0.38155925
0.7073170731707421,0.43778932
0.7317073170731732,0.3688106
0.731707317073159,0.39173222
0.7317073170731732,0.40327358
0.8048780487804947,0.41523024
0.8292682926829258,0.39363062
0.8414634146341484,0.4067818
0.8780487804878021,0.42950556
0.8,0.44280538
0.7857142857142858,0.44890285
0.7571428571428571,0.39248675
0.842857142857143,0.37059373
0.8857142857142859,0.4090418
0.8857142857142857,0.38449767
0.7857142857142851,0.37281117
0.6285714285714286,0.42155698
0.5285714285714285,0.39730355
0.442857142857143,0.3985446
0.0,0.44117844
0.0,0.38741145
0.0,0.40556493
0.0,0.43118256
0.0,0.38912496
0.0,0.43032354
0.0,0.38137177
0.0,0.4079562
0.0,0.37466246
0.0,0.46130365
0.2615384615384624,0.39835054
0.2256410256410248,0.4039874
0.1487179487179499,0.39496905
0.0923076923076902,0.4240078
0.0461538461538459,0.38605866
0.0256410256410255,0.4222341
0.1230769230769226,0.40336975
0.2974358974358946,0.39763004
0.4256410256410259,0.36327067
0.5282051282051299,0.40966043
0.731707317073159,0.38169834
0.7073170731707421,0.38183054
0.731707317073159,0.43975988
0.7317073170731732,0.366567
0.731707317073159,0.38988343
0.8048780487804947,0.40070882
0.82926829268294,0.41659606
0.84146341463412,0.39282575
0.8780487804878021,0.40840772
0.8170731707317174,0.4299849
0.7857142857142856,0.444781
0.7571428571428573,0.450677
0.842857142857143,0.39210197
0.8857142857142857,0.37129918
0.8857142857142859,0.40910932
0.7857142857142858,0.38383222
0.6285714285714286,0.3749293
0.5285714285714285,0.42272383
0.442857142857143,0.39602658
0.3285714285714287,0.3972163
0.0,0.4402236
0.0,0.38839796
0.0,0.4041546
0.0,0.43242502
0.0,0.39117128
0.0,0.4326932
0.0,0.38034654
0.0,0.40765637
0.0,0.3751697
0.0,0.46386436
0.2256410256410248,0.39586395
0.1487179487179499,0.40693834
0.0923076923076919,0.3979409
0.0461538461538442,0.42518952
0.0256410256410255,0.38807678
0.1230769230769226,0.42474464
0.2974358974358964,0.40204203
0.4256410256410223,0.39921382
0.5282051282051281,0.36408627
0.6205128205128201,0.41040516
0.7073170731707421,0.37959588
0.7317073170731732,0.3815929
0.731707317073159,0.44402862
0.7317073170731732,0.36121956
0.8048780487804947,0.38633928
0.8292682926829258,0.39906737
0.8414634146341484,0.41707164
0.8780487804878021,0.3916553
0.8170731707317032,0.4088094
0.768292682926841,0.43176174
0.7571428571428571,0.44781023
0.842857142857143,0.45303556
0.8857142857142857,0.39101014
0.8857142857142857,0.3717412
0.7857142857142856,0.4117853
0.6285714285714286,0.3827737
0.528571428571428,0.37645954
0.4428571428571426,0.42317143
0.3285714285714287,0.39430657
0.2428571428571433,0.39700866
0.0,0.44039157
0.0,0.38770235
0.0,0.4010144
0.0,0.43564713
0.0,0.3906247
0.0,0.43440259
0.0,0.37763175
0.0,0.4077934
0.0,0.37432623
0.0,0.46669453
0.1487179487179482,0.393742
0.0923076923076919,0.4104661
0.0461538461538459,0.40060076
0.0256410256410255,0.42726326
0.1230769230769226,0.3910293
0.2974358974358981,0.427693
0.4256410256410241,0.40265298
0.5282051282051263,0.40079844
0.6205128205128201,0.36548042
0.7230769230769223,0.4127879
0.731707317073159,0.37905097
0.7317073170731732,0.37965804
0.731707317073159,0.4475524
0.8048780487804805,0.3570062
0.8292682926829258,0.3845944
0.8414634146341484,0.39833698
0.8780487804878163,0.4223547
0.8170731707317174,0.39080057
0.7682926829268268,0.41212168
0.7073170731707421,0.4305988
0.8428571428571427,0.44790354
0.8857142857142857,0.45318455
0.8857142857142857,0.3897139
0.7857142857142851,0.37325522
0.6285714285714286,0.40943
0.5285714285714285,0.37832487
0.4428571428571426,0.37939155
0.3285714285714283,0.42683172
0.2428571428571433,0.39824504
0.1714285714285717,0.39452678
0.0,0.4428349
0.0,0.38998908
0.0,0.40099648
0.0,0.43928915
0.0,0.39378336
0.0,0.43779203
0.0,0.373584
0.0,0.40729284
0.0,0.3774702
0.0,0.46924764
0.0923076923076937,0.38960367
0.0461538461538477,0.41460404
0.0256410256410273,0.40306666
0.1230769230769208,0.42966145
0.2974358974358981,0.38888177
0.4256410256410259,0.4297139
0.5282051282051263,0.40188545
0.6205128205128201,0.40194643
0.7230769230769223,0.3657707
0.815384615384616,0.41451445
0.731707317073159,0.3787201
0.7317073170731732,0.38046598
0.8048780487804947,0.45362276
0.8292682926829258,0.35152617
0.8414634146341484,0.3803408
0.8780487804878021,0.4002339
0.8170731707317174,0.4264289
0.7682926829268126,0.39088985
0.7073170731707421,0.41432244
0.5975609756097526,0.43091172
0.8857142857142859,0.44805014
0.8857142857142857,0.45338333
0.7857142857142851,0.38829598
0.6285714285714286,0.37228376
0.5285714285714285,0.41098747
0.442857142857143,0.37546688
0.3285714285714287,0.37893948
0.2428571428571428,0.42988938
0.1714285714285717,0.4029868
0.1285714285714285,0.39360213
0.0,0.4456969
0.0,0.39119607
0.0,0.39942014
0.0,0.44306582
0.0,0.3948732
0.0,0.43908876
0.0,0.36970532
0.0,0.40667266
0.0,0.3798539
0.0,0.47292775
0.0461538461538459,0.38771725
0.0256410256410255,0.41866907
0.1230769230769226,0.40418464
0.2974358974358946,0.43304604
0.4256410256410259,0.3877718
0.5282051282051299,0.4304218
0.6205128205128201,0.40195766
0.7230769230769223,0.4015206
0.815384615384616,0.36572218
0.8358974358974365,0.41512287
0.731707317073159,0.3789291
0.8048780487804947,0.37904423
0.82926829268294,0.45809308
0.84146341463412,0.34970278
0.8780487804878021,0.3757955
0.8170731707317174,0.40126154
0.768292682926841,0.43133157
0.7073170731707137,0.39074817
0.5975609756097526,0.4165917
0.5365853658536537,0.42979777
0.8857142857142859,0.44713977
0.7857142857142858,0.45310184
0.6285714285714286,0.38748315
0.5285714285714285,0.37395948
0.442857142857143,0.410523
0.3285714285714287,0.37190318
0.2428571428571428,0.38062942
0.1714285714285717,0.4312601
0.1285714285714285,0.40784407
0.0714285714285716,0.39044654
0.0,0.4477659
0.0,0.39315718
0.0,0.39912686
0.0,0.44226357
0.0,0.3960915
0.0,0.43954757
0.0,0.36797237
0.0,0.4059868
0.0,0.3828412
0.0,0.47336495
0.0256410256410255,0.3856255
0.1230769230769226,0.4197794
0.2974358974358964,0.4065909
0.4256410256410223,0.43453625
0.5282051282051281,0.3856533
0.6205128205128201,0.42967474
0.7230769230769223,0.40196446
0.8153846153846143,0.40049323
0.8358974358974365,0.36539757
0.8769230769230774,0.41506362
0.8048780487804947,0.38051838
0.8292682926829258,0.37807667
0.8414634146341484,0.46289796
0.8780487804878021,0.34532666
0.8170731707317032,0.36851475
0.768292682926841,0.4040193
0.7073170731707421,0.43648675
0.5975609756097384,0.3919634
0.5365853658536537,0.4191206
0.4512195121951379,0.428711
0.7857142857142856,0.4444824
0.6285714285714286,0.4507191
0.528571428571428,0.3865924
0.4428571428571426,0.3733562
0.3285714285714287,0.41051698
0.2428571428571433,0.3663535
0.1714285714285712,0.38020423
0.1285714285714281,0.4347589
0.0714285714285716,0.4132941
0.0428571428571431,0.38613564
0.0,0.44968688
0.0,0.39372957
0.0,0.39779487
0.0,0.44131646
0.0,0.39856344
0.0,0.4384458
0.0,0.365254
0.0,0.40495023
0.0,0.38599384
0.0,0.47611287
0.1230769230769226,0.38600737
0.2974358974358981,0.42097738
0.4256410256410241,0.40677994
0.5282051282051263,0.4380842
0.6205128205128201,0.38432786
0.7230769230769223,0.42840767
0.815384615384616,0.40149498
0.8358974358974329,0.39693105
0.8769230769230774,0.36406484
0.9179487179487182,0.41560388
0.8292682926829258,0.3796986
0.8414634146341484,0.3750334
0.8780487804878163,0.4677586
0.8170731707317174,0.33878377
0.7682926829268268,0.35891765
0.7073170731707421,0.40794575
0.5975609756097526,0.44390306
0.5365853658536395,0.3941322
0.4512195121951237,0.42293736
0.4024390243902616,0.4273574
0.6285714285714286,0.4433903
0.5285714285714285,0.44933146
0.4428571428571426,0.38508615
0.3285714285714283,0.3732376
0.2428571428571433,0.4142231
0.1714285714285717,0.3605328
0.1285714285714285,0.3794192
0.0714285714285711,0.43759328
0.0428571428571431,0.41718113
0.0571428571428573,0.38242137
0.0,0.44900203
0.0,0.39155594
0.0,0.39930463
0.0,0.44073248
0.0,0.3998288
0.0,0.43443334
0.0,0.36225593
0.0,0.40566707
0.0,0.38356975
0.0,0.47896522
0.2974358974358981,0.38152477
0.4256410256410259,0.41861674
0.5282051282051263,0.40561318
0.6205128205128201,0.44068915
0.7230769230769223,0.3892703
0.815384615384616,0.42754745
0.8358974358974365,0.40318003
0.8769230769230756,0.3930475
0.9179487179487182,0.36217493
0.8923076923076927,0.42275995
0.8414634146341484,0.37808233
0.8780487804878021,0.37079662
0.8170731707317174,0.47122428
0.7682926829268126,0.33415586
0.7073170731707421,0.3500559
0.5975609756097526,0.41256416
0.5365853658536537,0.45042062
0.4512195121951237,0.39718032
0.4024390243902473,0.42509496
0.3658536585365795,0.42846763
0.5285714285714285,0.44625977
0.442857142857143,0.45001465
0.3285714285714287,0.38374117
0.2428571428571428,0.36968827
0.1714285714285717,0.417524
0.1285714285714285,0.35519314
0.0714285714285716,0.37562138
0.0428571428571427,0.4381653
0.0571428571428573,0.41879532
0.0285714285714284,0.379623
0.0,0.45003968
0.0,0.38965124
0.0,0.39839527
0.0,0.4398043
0.0,0.39945906
0.0,0.43211746
0.0,0.3595645
0.0,0.4091419
0.0,0.38095838
0.0,0.48120192
0.4256410256410259,0.3782079
0.5282051282051299,0.417213
0.6205128205128201,0.40179777
0.7230769230769223,0.44276917
0.815384615384616,0.3931231
0.8358974358974365,0.42820433
0.8769230769230756,0.40319967
0.9179487179487164,0.38767284
0.8923076923076927,0.3593205
0.9435897435897438,0.4256337
0.8780487804878021,0.37674963
0.8170731707317174,0.36360115
0.768292682926841,0.47812223
0.7073170731707137,0.3255596
0.5975609756097526,0.34620538
0.5365853658536537,0.4162052
0.4512195121951379,0.45585084
0.4024390243902473,0.39843228
0.3658536585365795,0.4280509
0.4024390243902616,0.43018997
0.442857142857143,0.44792464
0.3285714285714287,0.45043373
0.2428571428571428,0.38250726
0.1714285714285717,0.3646393
0.1285714285714285,0.4194169
0.0714285714285716,0.3498083
0.0428571428571427,0.37217578
0.0571428571428569,0.4367979
0.0285714285714289,0.42311916
0.0428571428571431,0.37349173
0.0,0.45175833
0.0,0.3878628
0.0,0.3991899
0.0,0.44126362
0.0,0.40098217
0.0,0.43314332
0.0,0.357241
0.0,0.4113384
0.0,0.37793478
0.0,0.48584923
0.5282051282051281,0.37606108
0.6205128205128201,0.41392517
0.7230769230769223,0.3985685
0.8153846153846143,0.4464981
0.8358974358974365,0.39672112
0.8769230769230774,0.43018314
0.9179487179487182,0.3994203
0.8923076923076909,0.37954658
0.9435897435897438,0.35670057
0.8974358974358978,0.4284065
0.8170731707317032,0.37675917
0.768292682926841,0.3603643
0.7073170731707421,0.48133412
0.5975609756097384,0.32349205
0.5365853658536537,0.34725165
0.4512195121951379,0.4181846
0.4024390243902616,0.45990446
0.3658536585365795,0.3991614
0.4024390243902473,0.43083858
0.4756097560975689,0.4331967
0.3285714285714287,0.45279
0.2428571428571433,0.45405725
0.1714285714285712,0.38024268
0.1285714285714281,0.36144283
0.0714285714285716,0.4218656
0.0428571428571431,0.3498455
0.0571428571428569,0.36701843
0.0285714285714284,0.4337014
0.0428571428571431,0.42763478
0.0428571428571431,0.37165302
0.0,0.45576012
0.0,0.38746554
0.0,0.39683315
0.0,0.44405687
0.0,0.39907047
0.0,0.43430892
0.0,0.3581868
0.0,0.41507325
0.0,0.3752701
0.0,0.4881519
0.6205128205128201,0.37397856
0.7230769230769223,0.40836275
0.815384615384616,0.395949
0.8358974358974329,0.44664344
0.8769230769230774,0.39566544
0.9179487179487182,0.4304944
0.8923076923076927,0.39511546
0.943589743589742,0.37593287
0.8974358974358978,0.35427317
0.8410256410256416,0.4283595
0.7682926829268268,0.37718895
0.7073170731707421,0.35668084
0.5975609756097526,0.4837312
0.5365853658536395,0.3203021
0.4512195121951237,0.35269654
0.4024390243902616,0.41933262
0.3658536585365795,0.46059743
0.4024390243902473,0.39575624
0.4756097560975689,0.4321635
0.5243902439024453,0.43356848
0.2428571428571433,0.4548824
0.1714285714285717,0.4533842
0.1285714285714285,0.38063306
0.0714285714285711,0.361718
0.0428571428571431,0.4222419
0.0571428571428573,0.34997898
0.0285714285714284,0.36356568
0.0428571428571427,0.42865044
0.0428571428571431,0.42971674
0.0857142857142858,0.3698892
0.0,0.4578531
0.0,0.38609603
0.0,0.39674315
0.0,0.44706225
0.0,0.39958555
0.0,0.4361995
0.0,0.3601123
0.0,0.41915408
0.0,0.37415877
0.0,0.4902199
0.7230769230769223,0.37356314
0.815384615384616,0.40393198
0.8358974358974365,0.39702547
0.8769230769230756,0.44710293
0.9179487179487182,0.39386246
0.8923076923076927,0.43010533
0.943589743589742,0.39071012
0.8974358974358942,0.37415946
0.8410256410256416,0.35459444
0.7538461538461547,0.42642778
0.7073170731707421,0.37784615
0.5975609756097526,0.3544163
0.5365853658536537,0.4834226
0.4512195121951237,0.32017002
0.4024390243902473,0.35842213
0.3658536585365795,0.41985247
0.4024390243902616,0.4574923
0.4756097560975405,0.39273313
0.5243902439024453,0.43155953
0.6585365853658516,0.4320701
0.1714285714285717,0.45514256
0.1285714285714285,0.4514531
0.0714285714285716,0.38320205
0.0428571428571427,0.36370316
0.0571428571428573,0.42091283
0.0285714285714284,0.34977904
0.0428571428571427,0.36167014
0.0428571428571427,0.424193
0.0857142857142858,0.43009186
0.1428571428571428,0.3703812
0.0,0.45726037
0.0,0.38454956
0.0,0.39854953
0.0,0.4492858
0.0,0.39897537
0.0,0.43648237
0.0,0.36376005
0.0,0.42163998
0.0,0.37381923
0.0,0.48934978
0.815384615384616,0.3742107
0.8358974358974365,0.40146407
0.8769230769230756,0.39799774
0.9179487179487164,0.44721752
0.8923076923076927,0.39242435
0.9435897435897438,0.42868048
0.8974358974358978,0.3892139
0.8410256410256398,0.3748165
0.7538461538461547,0.35537905
0.6717948717948712,0.4247444
0.5975609756097526,0.3786954
0.5365853658536537,0.3542864
0.4512195121951379,0.48052686
0.4024390243902473,0.32404834
0.3658536585365795,0.36402595
0.4024390243902616,0.42031765
0.4756097560975689,0.4518516
0.524390243902431,0.3894194
0.6585365853658516,0.4301579
0.7560975609756184,0.4284289
0.1285714285714285,0.4546148
0.0714285714285716,0.4512595
0.0428571428571427,0.38563445
0.0571428571428569,0.3663897
0.0285714285714289,0.41991487
0.0428571428571431,0.34988767
0.0428571428571427,0.3613895
0.0857142857142854,0.42000997
0.1428571428571428,0.42938563
0.1714285714285717,0.37277725
0.0,0.45539892
0.0,0.38364348
0.0,0.4015665
0.0,0.44934678
0.0,0.39755297
0.0,0.43553078
0.0,0.36669448
0.0,0.423421
0.0,0.37311724
0.0,0.48651844
0.8358974358974365,0.37565082
0.8769230769230774,0.3983447
0.9179487179487182,0.3983935
0.8923076923076909,0.4443346
0.9435897435897438,0.39088592
0.8974358974358978,0.42596555
0.8410256410256416,0.39036763
0.7538461538461529,0.3762725
0.6717948717948712,0.35619932
0.6051282051282065,0.4231032
0.5365853658536537,0.37999603
0.4512195121951379,0.3552928
0.4024390243902616,0.47634196
0.3658536585365795,0.3305933
0.4024390243902473,0.37053424
0.4756097560975689,0.4209995
0.5243902439024595,0.44564033
0.6585365853658374,0.38792568
0.7560975609756184,0.4276085
0.7439024390243958,0.4250504
0.0714285714285716,0.4551485
0.0428571428571431,0.45265526
0.0571428571428569,0.38763002
0.0285714285714284,0.3681557
0.0428571428571431,0.41937837
0.0428571428571431,0.3495437
0.0857142857142854,0.3604164
0.1428571428571432,0.41628733
0.1714285714285717,0.429738
0.2000000000000001,0.3760558
0.0,0.45398822
0.0,0.38186353
0.0,0.40530643
0.0,0.4474043
0.0,0.3952915
0.0,0.43486854
0.0,0.36983207
0.0,0.4253949
0.0,0.37301618
0.0,0.4830106
0.8769230769230774,0.37852162
0.9179487179487182,0.3945808
0.8923076923076927,0.39713916
0.943589743589742,0.43951908
0.8974358974358978,0.38763332
0.8410256410256416,0.4230759
0.7538461538461547,0.39345518
0.6717948717948712,0.37769744
0.6051282051282048,0.35630164
0.5128205128205128,0.41980124
0.4512195121951237,0.38141623
0.4024390243902616,0.35633147
0.3658536585365795,0.4726851
0.4024390243902473,0.3365354
0.4756097560975689,0.3778331
0.5243902439024453,0.4218617
0.6585365853658516,0.44035724
0.7560975609756184,0.38754758
0.7439024390243958,0.42476103
0.7317073170731732,0.42147848
0.0428571428571431,0.456085
0.0571428571428573,0.4536748
0.0285714285714284,0.38897216
0.0428571428571427,0.3690875
0.0428571428571431,0.41831818
0.0857142857142858,0.3482508
0.1428571428571423,0.3575458
0.1714285714285717,0.414401
0.2000000000000001,0.43102393
0.2285714285714286,0.3802178
0.0,0.45375285
0.0,0.37843737
0.0,0.40851477
0.0,0.4463918
0.0,0.39221123
0.0,0.43538687
0.0,0.3733094
0.0,0.42707127
0.0,0.37267786
0.0,0.4800767
0.9179487179487182,0.38150024
0.8923076923076927,0.3916543
0.943589743589742,0.39468
0.8974358974358942,0.43450585
0.8410256410256416,0.38225245
0.7538461538461547,0.4205135
0.6717948717948712,0.3971838
0.605128205128203,0.37886307
0.5128205128205128,0.35539943
0.4256410256410259,0.415624
0.4024390243902473,0.38176098
0.3658536585365795,0.3576786
0.4024390243902616,0.46959037
0.4756097560975405,0.3436038
0.5243902439024453,0.38537768
0.6585365853658516,0.42328253
0.7560975609756184,0.4365093
0.7439024390243816,0.38673785
0.731707317073159,0.42296183
0.7073170731707421,0.41884923
0.0571428571428573,0.45571575
0.0285714285714284,0.45369533
0.0428571428571427,0.39020017
0.0428571428571427,0.37035725
0.0857142857142858,0.41542038
0.1428571428571428,0.34804094
0.1714285714285712,0.3548874
0.2000000000000001,0.41257188
0.2285714285714291,0.4311819
0.285714285714286,0.38571277
0.0,0.45482737
0.0,0.3750203
0.0,0.41015574
0.0,0.4460917
0.0,0.38768417
0.0,0.4358625
0.0,0.37630665
0.0,0.42751452
0.0,0.37125129
0.0,0.4762339
0.8923076923076927,0.3835899
0.9435897435897438,0.39076522
0.8974358974358978,0.39296532
0.8410256410256398,0.4305664
0.7538461538461547,0.374726
0.6717948717948712,0.41816634
0.605128205128203,0.40189004
0.5128205128205128,0.38143617
0.4256410256410259,0.35440925
0.3794871794871799,0.41089985
0.3658536585365795,0.38040835
0.4024390243902616,0.35794404
0.4756097560975689,0.4683748
0.524390243902431,0.3497935
0.6585365853658516,0.39209422
0.7560975609756184,0.42429373
0.7439024390243958,0.43565762
0.7317073170731732,0.3864193
0.7073170731707421,0.42284083
0.6585365853658516,0.41806594
0.0285714285714289,0.4548879
0.0428571428571431,0.45402282
0.0428571428571427,0.39067143
0.0857142857142854,0.3704347
0.1428571428571428,0.40981376
0.1714285714285717,0.3485151
0.2000000000000001,0.35272124
0.2285714285714286,0.41260636
0.285714285714286,0.43132907
0.4571428571428573,0.39029658
0.0,0.45572788
0.0,0.3707626
0.0,0.41070136
0.0,0.4464216
0.0,0.38511646
0.0,0.43826303
0.0,0.3784814
0.0,0.42708105
0.0,0.371083
0.0,0.47393984
0.9435897435897438,0.3859292
0.8974358974358978,0.3912575
0.8410256410256416,0.39125082
0.7538461538461529,0.42743587
0.6717948717948712,0.36564812
0.6051282051282065,0.4173959
0.5128205128205146,0.4063145
0.4256410256410223,0.38538104
0.3794871794871781,0.35175
0.3538461538461543,0.40542525
0.4024390243902473,0.37888256
0.4756097560975689,0.35939863
0.5243902439024595,0.46625668
0.6585365853658374,0.35516053
0.7560975609756184,0.39677936
0.7439024390243958,0.4228104
0.731707317073159,0.43411916
0.7073170731707137,0.38661727
0.6585365853658516,0.4223652
0.6219512195121979,0.41858923
0.0428571428571431,0.45514748
0.0428571428571431,0.45577773
0.0857142857142854,0.389722
0.1428571428571432,0.36930454
0.1714285714285717,0.40582392
0.2000000000000001,0.35142365
0.2285714285714282,0.35216275
0.2857142857142856,0.41437525
0.4571428571428573,0.43003088
0.5571428571428569,0.39429605
0.0,0.45679373
0.0,0.36874926
0.0,0.40985352
0.0,0.4460854
0.0,0.3832641
0.0,0.44039354
0.0,0.3790032
0.0,0.4257889
0.0,0.3720126
0.0,0.47268134
0.8974358974358978,0.38802835
0.8410256410256416,0.3914176
0.7538461538461547,0.39072868
0.6717948717948712,0.42492026
0.6051282051282048,0.35885715
0.5128205128205128,0.4174138
0.4256410256410241,0.41086555
0.3794871794871799,0.38973343
0.3538461538461526,0.34812874
0.338461538461539,0.40274704
0.4756097560975689,0.37586573
0.5243902439024453,0.3614856
0.6585365853658516,0.4626587
0.7560975609756184,0.36018705
0.7439024390243958,0.40106156
0.7317073170731732,0.42033073
0.7073170731707421,0.43110564
0.6585365853658374,0.38767275
0.6219512195121979,0.41998348
0.6219512195121979,0.42001662
0.0428571428571431,0.4543255
0.0857142857142858,0.45826766
0.1428571428571423,0.3886495
0.1714285714285717,0.36766145
0.2000000000000001,0.40345994
0.2285714285714286,0.35651952
0.2857142857142856,0.35346657
0.4571428571428568,0.41615462
0.5571428571428574,0.42651987
0.6428571428571428,0.39817265
0.0,0.45641267
0.0,0.36789367
0.0,0.40977716
0.0,0.444584
0.0,0.38217553
0.0,0.44068992
0.0,0.37893474
0.0,0.42399758
0.0,0.3732609
0.0,0.47061688
0.8410256410256416,0.39050007
0.7538461538461547,0.39240345
0.6717948717948712,0.38986748
0.605128205128203,0.42329544
0.5128205128205128,0.35585973
0.4256410256410259,0.41814926
0.3794871794871799,0.4137129
0.3538461538461543,0.39330047
0.3384615384615372,0.34623092
0.3230769230769237,0.401182
0.5243902439024453,0.37284788
0.6585365853658516,0.36206996
0.7560975609756184,0.45859903
0.7439024390243816,0.364654
0.731707317073159,0.40525475
0.7073170731707421,0.4182495
0.6585365853658516,0.42794803
0.6219512195121837,0.38966283
0.6219512195121979,0.41768682
0.6829268292682968,0.42256263
0.0857142857142858,0.45328838
0.1428571428571428,0.46107015
0.1714285714285712,0.3876877
0.2000000000000001,0.36477992
0.2285714285714291,0.39998597
0.285714285714286,0.36104527
0.4571428571428573,0.35442105
0.5571428571428574,0.41721985
0.6428571428571428,0.42230436
0.6857142857142859,0.40064386
0.0,0.4547063
0.0,0.36772177
0.0,0.41078466
0.0,0.44322643
0.0,0.3818687
0.0,0.44150224
0.0,0.3784638
0.0,0.42128944
0.0,0.37418652
0.0,0.4688676
0.7538461538461547,0.39396724
0.6717948717948712,0.393648
0.605128205128203,0.38916546
0.5128205128205128,0.42274973
0.4256410256410259,0.35431147
0.3794871794871799,0.41908562
0.3538461538461543,0.41472387
0.3384615384615355,0.39621848
0.3230769230769237,0.34575287
0.3641025641025628,0.39851055
0.6585365853658516,0.37173232
0.7560975609756184,0.36464173
0.7439024390243958,0.45351818
0.7317073170731732,0.3695073
0.7073170731707421,0.40922225
0.6585365853658516,0.4156815
0.6219512195121979,0.42260695
0.6219512195121837,0.39093927
0.6829268292682968,0.41501585
0.7317073170731732,0.42604592
0.1428571428571428,0.4527415
0.1714285714285717,0.46324676
0.2000000000000001,0.38686964
0.2285714285714286,0.36184624
0.285714285714286,0.39789417
0.4571428571428573,0.3673105
0.5571428571428569,0.3551585
0.6428571428571428,0.4175628
0.6857142857142859,0.41584843
0.6142857142857143,0.40330172
0.0,0.45240644
0.0,0.36889294
0.0,0.4117476
0.0,0.44270676
0.0,0.3810624
0.0,0.4424278
0.0,0.37799096
0.0,0.41861326
0.0,0.37473014
0.0,0.4676112
0.6717948717948712,0.3981846
0.6051282051282065,0.3953512
0.5128205128205146,0.3887955
0.4256410256410223,0.42186233
0.3794871794871781,0.35407904
0.3538461538461543,0.4201457
0.3384615384615372,0.4145456
0.3230769230769201,0.39843053
0.3641025641025628,0.34556168
0.4358974358974361,0.3964422
0.7560975609756184,0.37203977
0.7439024390243958,0.36799014
0.731707317073159,0.44791663
0.7073170731707137,0.37569195
0.6585365853658516,0.41233763
0.6219512195121979,0.41312584
0.6219512195121979,0.4169338
0.6829268292682826,0.39342412
0.731707317073159,0.4133951
0.768292682926841,0.4285364
0.1714285714285717,0.45232236
0.2000000000000001,0.4655959
0.2285714285714282,0.3870686
0.2857142857142856,0.35959896
0.4571428571428573,0.39546043
0.5571428571428569,0.3732705
0.6428571428571428,0.35594696
0.6857142857142855,0.4179753
0.6142857142857143,0.40930367
0.4571428571428573,0.40431568
0.0,0.44765666
0.0,0.3706113
0.0,0.4132833
0.0,0.4405025
0.0,0.37995315
0.0,0.44344285
0.0,0.37874258
0.0,0.41553628
0.0,0.37588996
0.0,0.46654212
0.6051282051282048,0.40167767
0.5128205128205128,0.39655724
0.4256410256410241,0.38826168
0.3794871794871799,0.42016578
0.3538461538461526,0.35438478
0.338461538461539,0.42143124
0.3230769230769219,0.41389647
0.364102564102561,0.40052238
0.4358974358974361,0.34651193
0.5846153846153861,0.3943536
0.7439024390243958,0.37337378
0.7317073170731732,0.37105897
0.7073170731707421,0.4432701
0.6585365853658374,0.38032758
0.6219512195121979,0.41319823
0.6219512195121979,0.40970764
0.6829268292682968,0.41220573
0.7317073170731732,0.39612904
0.7682926829268268,0.4117331
0.768292682926841,0.43097347
0.2000000000000001,0.45098168
0.2285714285714286,0.46768826
0.2857142857142856,0.38624033
0.4571428571428568,0.35761505
0.5571428571428574,0.39564225
0.6428571428571428,0.3788418
0.6857142857142855,0.3592354
0.6142857142857143,0.41838995
0.4571428571428573,0.4048142
0.3428571428571429,0.40466797
0.0,0.44404927
0.0,0.37186223
0.0,0.41563883
0.0,0.43979818
0.0,0.37914267
0.0,0.44289532
0.0,0.37930113
0.0,0.41309017
0.0,0.37730008
0.0,0.46655786
0.5128205128205128,0.4057233
0.4256410256410259,0.39728892
0.3794871794871799,0.38671255
0.3538461538461543,0.4185763
0.3384615384615372,0.35842478
0.3230769230769237,0.4238261
0.3641025641025628,0.4110649
0.4358974358974361,0.4021771
0.5846153846153843,0.34824038
0.7025641025641036,0.39370656
0.731707317073159,0.37499803
0.7073170731707421,0.3736917
0.6585365853658516,0.43978068
0.6219512195121837,0.3842182
0.6219512195121979,0.41272894
0.6829268292682968,0.40617305
0.731707317073159,0.40807268
0.7682926829268126,0.39811948
0.7682926829268268,0.4098631
0.7560975609756184,0.4330039
0.2285714285714291,0.44917387
0.285714285714286,0.46954542
0.4571428571428573,0.38507625
0.5571428571428574,0.35723847
0.6428571428571428,0.3965832
0.6857142857142859,0.38420016
0.6142857142857139,0.36317563
0.4571428571428568,0.41843528
0.3428571428571429,0.39986262
0.1857142857142859,0.4041898
0.0,0.4404742
0.0,0.37463886
0.0,0.41590586
0.0,0.43847555
0.0,0.3787353
0.0,0.4416235
0.0,0.37939474
0.0,0.41146994
0.0,0.3782586
0.0,0.46654892
0.4256410256410259,0.40892217
0.3794871794871799,0.39834708
0.3538461538461543,0.3862143
0.3384615384615355,0.4166452
0.3230769230769237,0.36306295
0.3641025641025628,0.4271841
0.4358974358974379,0.40797263
0.5846153846153843,0.40245482
0.7025641025641036,0.35010913
0.8461538461538467,0.3941762
0.7073170731707421,0.37646183
0.6585365853658516,0.37423056
0.6219512195121979,0.4368883
0.6219512195121837,0.38588402
0.6829268292682968,0.4115529
0.7317073170731732,0.40331516
0.768292682926841,0.40529487
0.7682926829268126,0.39886355
0.7560975609756184,0.40927443
0.7317073170731732,0.4342568
0.285714285714286,0.4466127
0.4571428571428573,0.46926907
0.5571428571428569,0.38408792
0.6428571428571428,0.3564727
0.6857142857142859,0.39622608
0.6142857142857143,0.38850343
0.4571428571428573,0.36593992
0.3428571428571425,0.4188592
0.1857142857142859,0.3974742
0.1142857142857143,0.4014401
0.0,0.4391312
0.0,0.37758046
0.0,0.4152786
0.0,0.4374466
0.0,0.3796693
0.0,0.44188264
0.0,0.37749252
0.0,0.41054147
0.0,0.3814807
0.0,0.46586084
0.3794871794871781,0.41041735
0.3538461538461543,0.40036404
0.3384615384615372,0.38637272
0.3230769230769201,0.4152015
0.3641025641025628,0.36558604
0.4358974358974361,0.43058032
0.5846153846153843,0.4053727
0.7025641025641018,0.40252057
0.8461538461538449,0.35262704
0.9333333333333336,0.39587125
0.6585365853658516,0.37765467
0.6219512195121979,0.3746817
0.6219512195121979,0.43603137
0.6829268292682826,0.3854765
0.731707317073159,0.41066474
0.768292682926841,0.40064707
0.768292682926841,0.404365
0.7560975609756184,0.39891866
0.731707317073159,0.40900087
0.6707317073170742,0.43422538
0.4571428571428573,0.44456822
0.5571428571428569,0.46921206
0.6428571428571428,0.38242027
0.6857142857142855,0.35697562
0.6142857142857143,0.39625806
0.4571428571428573,0.39195943
0.3428571428571425,0.37044144
0.1857142857142859,0.41942555
0.1142857142857143,0.3972034
0.0714285714285716,0.3990015
0.0,0.4381755
0.0,0.3808884
0.0,0.41505304
0.0,0.43732423
0.0,0.38162082
0.0,0.44378823
0.0,0.37555832
0.0,0.41024426
0.0,0.38517055
0.0,0.4655268
0.3538461538461526,0.40921834
0.338461538461539,0.4028677
0.3230769230769219,0.38768443
0.364102564102561,0.41375047
0.4358974358974361,0.36936724
0.5846153846153861,0.4340576
0.7025641025641018,0.4032241
0.8461538461538431,0.40327495
0.9333333333333336,0.3560005
1.0256410256410255,0.39890817
0.6219512195121979,0.3784796
0.6219512195121979,0.37347233
0.6829268292682968,0.4369858
0.7317073170731732,0.38492712
0.7682926829268268,0.40905482
0.768292682926841,0.39811382
0.7560975609756184,0.4046043
0.7317073170731732,0.39748138
0.6707317073170742,0.41006514
0.5975609756097526,0.43343666
0.5571428571428574,0.44320104
0.6428571428571428,0.46884158
0.6857142857142855,0.38180977
0.6142857142857143,0.358183
0.4571428571428573,0.39626825
0.3428571428571429,0.39408422
0.1857142857142855,0.37420288
0.1142857142857138,0.41927645
0.0714285714285716,0.39795735
0.0714285714285716,0.3958441
0.0,0.43859506
0.0,0.38377124
0.0,0.41359472
0.0,0.43821892
0.0,0.38249162
0.0,0.4461108
0.0,0.3746173
0.0,0.41030642
0.0,0.3890523
0.0,0.46507278
0.3384615384615372,0.4069355
0.3230769230769237,0.4046657
0.3641025641025628,0.38888225
0.4358974358974361,0.41193634
0.5846153846153843,0.37133276
0.7025641025641036,0.4368708
0.8461538461538467,0.4011179
0.9333333333333318,0.4039084
1.0256410256410255,0.35893235
1.0564102564102562,0.40132818
0.6219512195121979,0.37995437
0.6829268292682968,0.37176567
0.731707317073159,0.4386264
0.7682926829268126,0.38337508
0.7682926829268268,0.40665975
0.7560975609756184,0.3959173
0.731707317073159,0.4064156
0.6707317073170742,0.39633527
0.5975609756097526,0.4120606
0.4756097560975689,0.43121865
0.6428571428571428,0.44248542
0.6857142857142859,0.46770954
0.6142857142857139,0.38201
0.4571428571428568,0.35956004
0.3428571428571429,0.39650708
0.1857142857142859,0.39406633
0.1142857142857143,0.37683254
0.0714285714285711,0.4192738
0.0714285714285716,0.39910212
0.0571428571428573,0.39276713
0.0,0.43986985
0.0,0.38726878
0.0,0.41100147
0.0,0.44012776
0.0,0.38162723
0.0,0.4478961
0.0,0.37407976
0.0,0.41036344
0.0,0.3928148
0.0,0.46526903
0.3230769230769237,0.40379375
0.3641025641025628,0.40692005
0.4358974358974379,0.39069563
0.5846153846153843,0.41162226
0.7025641025641036,0.3717043
0.8461538461538467,0.43875036
0.9333333333333336,0.39996
1.0256410256410255,0.40349486
1.056410256410258,0.3608054
1.061538461538463,0.40392286
0.6829268292682968,0.3815999
0.7317073170731732,0.37090805
0.768292682926841,0.44047558
0.7682926829268126,0.38091135
0.7560975609756184,0.40354744
0.7317073170731732,0.39469022
0.6707317073170742,0.40930158
0.5975609756097384,0.3960448
0.4756097560975689,0.4133502
0.4146341463414558,0.4291556
0.6857142857142859,0.44198865
0.6142857142857143,0.46594363
0.4571428571428573,0.38242698
0.3428571428571425,0.36113507
0.1857142857142859,0.39747667
0.1142857142857143,0.39304075
0.0714285714285716,0.37859985
0.0714285714285711,0.41971132
0.0571428571428573,0.40105522
0.1,0.39037833
0.0,0.4412243
0.0,0.3898335
0.0,0.40908885
0.0,0.4413162
0.0,0.38014057
0.0,0.44891456
0.0,0.3738964
0.0,0.40909898
0.0,0.39521977
0.0,0.46558607
0.3641025641025628,0.40035543
0.4358974358974361,0.40979508
0.5846153846153843,0.39303505
0.7025641025641018,0.4126119
0.8461538461538449,0.37214443
0.9333333333333336,0.43956232
1.0256410256410238,0.39929155
1.0564102564102544,0.4030398
1.061538461538461,0.3626146
1.0,0.40652868
0.731707317073159,0.38410005
0.768292682926841,0.3713802
0.768292682926841,0.44265828
0.7560975609756184,0.3761066
0.731707317073159,0.40016904
0.6707317073170742,0.39454436
0.5975609756097526,0.41365582
0.4756097560975405,0.3956704
0.4146341463414558,0.41422734
0.5243902439024453,0.42670172
0.6142857142857143,0.44104138
0.4571428571428573,0.46184516
0.3428571428571425,0.38336602
0.1857142857142859,0.36262712
0.1142857142857143,0.3983023
0.0714285714285716,0.38969162
0.0714285714285716,0.38006118
0.0571428571428569,0.42246628
0.1,0.404972
0.3285714285714287,0.3887362
0.0,0.44336843
0.0,0.39248574
0.0,0.40858608
0.0,0.44256246
0.0,0.38101113
0.0,0.44981676
0.0,0.37318376
0.0,0.40667126
0.0,0.39776665
0.0,0.46595684
0.4358974358974361,0.39705878
0.5846153846153861,0.41405007
0.7025641025641018,0.39583987
0.8461538461538431,0.41505542
0.9333333333333336,0.37202898
1.0256410256410255,0.4386739
1.0564102564102562,0.3980608
1.0615384615384595,0.40327105
1.0,0.36450633
0.7076923076923087,0.40838575
0.7682926829268268,0.3846062
0.768292682926841,0.3726057
0.7560975609756184,0.44494113
0.7317073170731732,0.3705369
0.6707317073170742,0.396646
0.5975609756097526,0.39539453
0.4756097560975689,0.41861865
0.4146341463414558,0.39476463
0.5243902439024453,0.41501826
0.439024390243901,0.42520678
0.4571428571428573,0.44050577
0.3428571428571429,0.45831707
0.1857142857142855,0.38590023
0.1142857142857138,0.36500043
0.0714285714285716,0.4000087
0.0714285714285716,0.38625732
0.0571428571428569,0.37900943
0.0999999999999996,0.42592922
0.3285714285714287,0.4082184
0.1571428571428574,0.38859284
0.0,0.44549254
0.0,0.39368427
0.0,0.4085934
0.0,0.4430272
0.0,0.38286665
0.0,0.4484533
0.0,0.3731417
0.0,0.40449467
0.0,0.39672646
0.0,0.4677108
0.5846153846153843,0.3924294
0.7025641025641036,0.41684908
0.8461538461538467,0.39865622
0.9333333333333318,0.4193334
1.0256410256410255,0.3727523
1.0564102564102562,0.4366932
1.061538461538463,0.3976736
1.0,0.40272874
0.707692307692307,0.36602372
0.8410256410256416,0.41017523
0.7682926829268268,0.38365793
0.7560975609756184,0.37407923
0.731707317073159,0.4485221
0.6707317073170742,0.36475864
0.5975609756097526,0.39128312
0.4756097560975689,0.3985636
0.41463414634147,0.42420524
0.524390243902431,0.39440435
0.439024390243901,0.415744
0.3780487804878163,0.42426294
0.3428571428571429,0.4408959
0.1857142857142859,0.45527685
0.1142857142857143,0.38790134
0.0714285714285711,0.36857465
0.0714285714285716,0.4018925
0.0571428571428573,0.38158363
0.0999999999999996,0.3773088
0.3285714285714283,0.42823666
0.157142857142857,0.4116039
0.1285714285714285,0.38845894
0.0,0.44806328
0.0,0.3935384
0.0,0.40579164
0.0,0.44342837
0.0,0.385425
0.0,0.4450209
0.0,0.37105837
0.0,0.40249953
0.0,0.39390182
0.0,0.46882296
0.7025641025641036,0.38854662
0.8461538461538467,0.4185127
0.9333333333333336,0.4011827
1.0256410256410255,0.42456946
1.056410256410258,0.3728264
1.061538461538463,0.4330764
1.0,0.40023214
0.7076923076923052,0.40118787
0.8410256410256416,0.36615327
0.8717948717948723,0.41184923
0.7560975609756184,0.38278204
0.7317073170731732,0.3746697
0.6707317073170742,0.45314634
0.5975609756097384,0.35895982
0.4756097560975689,0.38627094
0.4146341463414558,0.40117708
0.5243902439024595,0.42852056
0.4390243902438868,0.3929261
0.3780487804878021,0.41753733
0.439024390243901,0.42438525
0.1857142857142859,0.44220313
0.1142857142857143,0.45420906
0.0714285714285716,0.38836035
0.0714285714285711,0.36937854
0.0571428571428573,0.40469554
0.1,0.3755559
0.3285714285714287,0.3751928
0.1571428571428574,0.4306016
0.1285714285714285,0.41368747
0.1428571428571428,0.38677746
0.0,0.45085824
0.0,0.3925552
0.0,0.4022755
0.0,0.44318795
0.0,0.38813588
0.0,0.44139323
0.0,0.3669809
0.0,0.4008073
0.0,0.39019457
0.0,0.471501
0.8461538461538449,0.38763687
0.9333333333333336,0.41773838
1.0256410256410238,0.4038074
1.0564102564102544,0.4298915
1.061538461538461,0.37249002
1.0,0.43019134
0.707692307692307,0.4016834
0.8410256410256398,0.39909732
0.8717948717948723,0.36442843
0.8256410256410263,0.41181064
0.731707317073159,0.38092315
0.6707317073170742,0.37464103
0.5975609756097526,0.4549407
0.4756097560975405,0.35635188
0.4146341463414558,0.38442144
0.5243902439024453,0.40336192
0.439024390243901,0.42981833
0.3780487804877879,0.39183214
0.439024390243901,0.41710255
0.5000000000000142,0.42615744
0.1142857142857143,0.443841
0.0714285714285716,0.45492357
0.0714285714285716,0.3875461
0.0571428571428569,0.3707242
0.1,0.40697128
0.3285714285714287,0.3724583
0.157142857142857,0.3726831
0.1285714285714281,0.42860878
0.1428571428571428,0.4163476
0.1714285714285717,0.38698566
0.0,0.45353684
0.0,0.39024407
0.0,0.4009287
0.0,0.44369325
0.0,0.39015177
0.0,0.43877304
0.0,0.36512175
0.0,0.40066254
0.0,0.38675806
0.0,0.47140473
0.9333333333333336,0.3870795
1.0256410256410255,0.41370764
1.0564102564102562,0.4050291
1.0615384615384595,0.43299216
1.0,0.37257233
0.7076923076923087,0.42826325
0.8410256410256416,0.40336066
0.8717948717948687,0.39826828
0.8256410256410245,0.3628881
0.8102564102564109,0.4113686
0.6707317073170742,0.38021475
0.5975609756097526,0.37478274
0.4756097560975689,0.4547887
0.4146341463414558,0.35740432
0.5243902439024453,0.38603708
0.439024390243901,0.40532374
0.3780487804878163,0.42803502
0.4390243902438868,0.39022845
0.5,0.41639727
0.8170731707317174,0.4275062
0.0714285714285716,0.4447556
0.0714285714285716,0.45615104
0.0571428571428569,0.38770083
0.0999999999999996,0.37172347
0.3285714285714287,0.40783077
0.1571428571428574,0.37182862
0.1285714285714285,0.37122142
0.1428571428571432,0.42488825
0.1714285714285717,0.41816178
0.3428571428571429,0.38754523
0.0,0.4547999
0.0,0.38834545
0.0,0.40090916
0.0,0.44321004
0.0,0.3904379
0.0,0.4371421
0.0,0.36538273
0.0,0.4015893
0.0,0.38440666
0.0,0.46933734
1.0256410256410255,0.38738897
1.0564102564102562,0.40897083
1.061538461538463,0.40437156
1.0,0.43281743
0.707692307692307,0.37165532
0.8410256410256416,0.42613572
0.8717948717948705,0.40409
0.8256410256410245,0.39776424
0.8102564102564109,0.36255294
0.6358974358974372,0.41033727
0.5975609756097526,0.38021713
0.4756097560975689,0.37376156
0.41463414634147,0.45429307
0.524390243902431,0.3600258
0.439024390243901,0.39060605
0.3780487804878163,0.40777218
0.439024390243901,0.42457008
0.4999999999999858,0.3875482
0.8170731707317032,0.41532806
0.91463414634147,0.4274052
0.0714285714285716,0.445113
0.0571428571428573,0.45693824
0.0999999999999996,0.38884163
0.3285714285714283,0.37301317
0.157142857142857,0.40761894
0.1285714285714285,0.37216777
0.1428571428571423,0.3704541
0.1714285714285717,0.41998446
0.3428571428571429,0.4189044
0.5285714285714285,0.3889221
0.0,0.45561177
0.0,0.38635415
0.0,0.40284312
0.0,0.44290024
0.0,0.3899428
0.0,0.43593222
0.0,0.3684977
0.0,0.4036631
0.0,0.38110393
0.0,0.4670827
1.056410256410258,0.38901106
1.061538461538463,0.40301025
1.0,0.40264094
0.7076923076923052,0.43009925
0.8410256410256416,0.3702999
0.8717948717948723,0.42364204
0.8256410256410245,0.4043772
0.8102564102564074,0.3973582
0.6358974358974354,0.36192742
0.5179487179487179,0.4091304
0.4756097560975689,0.38039067
0.4146341463414558,0.37353456
0.5243902439024595,0.4539569
0.4390243902438868,0.36416012
0.3780487804878021,0.39571452
0.439024390243901,0.41023508
0.5,0.41985768
0.8170731707317174,0.38569862
0.9146341463414558,0.4137094
0.8414634146341484,0.42646617
0.0571428571428573,0.4441809
0.1,0.45758018
0.3285714285714287,0.38966948
0.1571428571428574,0.37302002
0.1285714285714285,0.40808293
0.1428571428571428,0.3731652
0.1714285714285712,0.3697886
0.3428571428571425,0.4153812
0.5285714285714285,0.41866708
0.5,0.3912293
0.0,0.45418495
0.0,0.38445333
0.0,0.40656117
0.0,0.44177884
0.0,0.38866594
0.0,0.4350256
0.0,0.3729802
0.0,0.40709668
0.0,0.37842634
0.0,0.46554568
1.061538461538461,0.39213777
1.0,0.39724773
0.707692307692307,0.40004376
0.8410256410256398,0.42547053
0.8717948717948723,0.36957216
0.8256410256410263,0.4210003
0.8102564102564109,0.40421584
0.6358974358974354,0.39657357
0.5179487179487161,0.36106107
0.5076923076923077,0.40721938
0.4146341463414558,0.379055
0.5243902439024453,0.3717748
0.439024390243901,0.45397592
0.3780487804877879,0.367793
0.439024390243901,0.40132654
0.5000000000000142,0.41257897
0.8170731707317174,0.41806102
0.9146341463414558,0.38597304
0.8414634146341484,0.41375843
0.8292682926829258,0.42503583
0.1,0.44517455
0.3285714285714287,0.4591893
0.157142857142857,0.38989416
0.1285714285714281,0.37259108
0.1428571428571428,0.40647694
0.1714285714285717,0.37223914
0.3428571428571425,0.36772448
0.5285714285714285,0.4132671
0.5,0.4200999
0.5428571428571427,0.39321688
0.0,0.4520949
0.0,0.3804453
0.0,0.41133162
0.0,0.44099832
0.0,0.38885066
0.0,0.43569496
0.0,0.37676817
0.0,0.41205546
0.0,0.37709767
0.0,0.46545678
1.0,0.39449033
0.7076923076923087,0.39311892
0.8410256410256416,0.3960875
0.8717948717948687,0.4206145
0.8256410256410245,0.36606026
0.8102564102564109,0.4202944
0.6358974358974354,0.4045462
0.5179487179487161,0.39580792
0.5076923076923077,0.359343
0.4615384615384617,0.40465885
0.5243902439024453,0.37623954
0.439024390243901,0.36980334
0.3780487804878163,0.45444334
0.4390243902438868,0.37110624
0.5,0.40590018
0.8170731707317174,0.41497988
0.9146341463414558,0.41801202
0.84146341463412,0.38755748
0.8292682926829258,0.41494024
0.768292682926841,0.42402354
0.3285714285714287,0.4475108
0.1571428571428574,0.46243358
0.1285714285714285,0.3887722
0.1428571428571432,0.37085244
0.1714285714285717,0.4046156
0.3428571428571429,0.37036735
0.528571428571428,0.36420026
0.5,0.4134696
0.5428571428571431,0.42166892
0.6285714285714286,0.3962532
0.0,0.44995266
0.0,0.37605694
0.0,0.41532573
0.0,0.4408209
0.0,0.38796675
0.0,0.43709302
0.0,0.3791885
0.0,0.41703638
0.0,0.3756925
0.0,0.46596724
0.707692307692307,0.39627528
0.8410256410256416,0.390521
0.8717948717948705,0.39193058
0.8256410256410245,0.41707835
0.8102564102564109,0.3617494
0.6358974358974372,0.42057478
0.5179487179487179,0.4054825
0.5076923076923077,0.3953804
0.4615384615384617,0.35616282
0.4256410256410259,0.40145558
0.439024390243901,0.37306827
0.3780487804878163,0.36814725
0.439024390243901,0.45552957
0.4999999999999858,0.37281957
0.8170731707317032,0.41009358
0.91463414634147,0.41707513
0.8414634146341484,0.4192393
0.8292682926829258,0.38881642
0.7682926829268268,0.41547674
0.7073170731707421,0.42435527
0.157142857142857,0.4503656
0.1285714285714285,0.4658349
0.1428571428571423,0.3872299
0.1714285714285717,0.36900705
0.3428571428571429,0.40271592
0.5285714285714285,0.36893097
0.5,0.3604102
0.5428571428571427,0.41386956
0.6285714285714286,0.4224419
0.6428571428571428,0.39972058
0.0,0.4494711
0.0,0.37127116
0.0,0.41762364
0.0,0.44159958
0.0,0.38685426
0.0,0.4396541
0.0,0.3794337
0.0,0.42070463
0.0,0.3741429
0.0,0.4664945
0.8410256410256416,0.39766952
0.8717948717948723,0.39014775
0.8256410256410245,0.38927343
0.8102564102564074,0.41514227
0.6358974358974354,0.3580819
0.5179487179487179,0.42122516
0.5076923076923077,0.4083405
0.4615384615384617,0.39596668
0.4256410256410259,0.35299632
0.3948717948717952,0.39798966
0.3780487804878021,0.37004572
0.439024390243901,0.36746272
0.5,0.45602453
0.8170731707317174,0.3735747
0.9146341463414558,0.411812
0.8414634146341484,0.41726473
0.82926829268294,0.41880786
0.7682926829268126,0.3894934
0.7073170731707421,0.41498834
0.7317073170731732,0.42603102
0.1285714285714285,0.45351732
0.1428571428571428,0.46982336
0.1714285714285712,0.38522932
0.3428571428571425,0.365744
0.5285714285714285,0.40069494
0.5,0.36924285
0.5428571428571427,0.35810143
0.6285714285714286,0.41433272
0.6428571428571428,0.42018884
0.7,0.40280023
0.0,0.4490555
0.0,0.3684584
0.0,0.41709068
0.0,0.4423043
0.0,0.38426837
0.0,0.4426899
0.0,0.37848935
0.0,0.42202985
0.0,0.37431806
0.0,0.46789223
0.8717948717948723,0.4002665
0.8256410256410263,0.3918226
0.8102564102564109,0.38864908
0.6358974358974354,0.41551778
0.5179487179487161,0.35602215
0.5076923076923077,0.421841
0.4615384615384617,0.41138405
0.4256410256410223,0.3978579
0.3948717948717952,0.3494571
0.3487179487179492,0.3956358
0.439024390243901,0.3702781
0.5000000000000142,0.36851662
0.8170731707317174,0.454535
0.9146341463414558,0.37313667
0.8414634146341484,0.4107232
0.8292682926829258,0.41468805
0.768292682926841,0.41673252
0.7073170731707137,0.38942003
0.731707317073159,0.41217437
0.7560975609756184,0.4284572
0.1428571428571428,0.45487577
0.1714285714285717,0.47042274
0.3428571428571425,0.38489172
0.5285714285714285,0.3624002
0.5,0.40066424
0.5428571428571427,0.37154576
0.6285714285714286,0.3589197
0.6428571428571428,0.41475952
0.7,0.41259414
0.7142857142857144,0.4057335
0.0,0.44841772
0.0,0.36934495
0.0,0.4140892
0.0,0.4427856
0.0,0.3808253
0.0,0.44365752
0.0,0.37776592
0.0,0.4213037
0.0,0.37419218
0.0,0.47063887
0.8256410256410245,0.4044407
0.8102564102564109,0.3971268
0.6358974358974354,0.38979796
0.5179487179487161,0.41820753
0.5076923076923077,0.35864118
0.4615384615384617,0.4228807
0.4256410256410241,0.41233322
0.3948717948717952,0.3989
0.3487179487179492,0.34682336
0.3128205128205117,0.39505756
0.5,0.37212357
0.8170731707317174,0.36938858
0.9146341463414558,0.45265093
0.84146341463412,0.37345913
0.8292682926829258,0.41063905
0.768292682926841,0.41283923
0.7073170731707421,0.41734657
0.7317073170731732,0.39139974
0.7560975609756184,0.41144556
0.8048780487804947,0.4301881
0.1714285714285717,0.454288
0.3428571428571429,0.47221047
0.528571428571428,0.3841982
0.5,0.3608342
0.5428571428571431,0.3979613
0.6285714285714286,0.37205663
0.6428571428571428,0.35941595
0.6999999999999997,0.41732132
0.7142857142857142,0.40939957
0.8285714285714287,0.40619296
0.0,0.44902432
0.0,0.37057975
0.0,0.41153005
0.0,0.4427275
0.0,0.3800301
0.0,0.4451396
0.0,0.37515873
0.0,0.41847917
0.0,0.37428015
0.0,0.47196978
0.8102564102564109,0.4052237
0.6358974358974372,0.40164986
0.5179487179487179,0.391087
0.5076923076923077,0.42117217
0.4615384615384617,0.3576035
0.4256410256410259,0.42421228
0.3948717948717952,0.4126275
0.3487179487179457,0.39970502
0.3128205128205135,0.34497523
0.2615384615384624,0.39336556
0.8170731707317032,0.37277874
0.91463414634147,0.3704635
0.8414634146341484,0.45041287
0.8292682926829258,0.37335804
0.7682926829268268,0.4119777
0.7073170731707421,0.41103837
0.731707317073159,0.41727436
0.7560975609756184,0.3933988
0.8048780487804947,0.41112167
0.8780487804878021,0.4323675
0.3428571428571429,0.45363945
0.5285714285714285,0.4732859
0.5,0.38240883
0.5428571428571427,0.3575429
0.6285714285714286,0.3965411
0.6428571428571428,0.37266195
0.6999999999999997,0.3600166
0.714285714285714,0.41931984
0.8285714285714285,0.40845582
0.8285714285714287,0.4053787
0.0,0.45194903
0.0,0.37056386
0.0,0.4115131
0.0,0.44580367
0.0,0.37813795
0.0,0.44685704
0.0,0.37364522
0.0,0.414391
0.0,0.37577873
0.0,0.47243702
0.6358974358974354,0.4064953
0.5179487179487179,0.40337315
0.5076923076923077,0.39003965
0.4615384615384617,0.42265567
0.4256410256410259,0.3562188
0.3948717948717952,0.4259022
0.3487179487179457,0.4119523
0.3128205128205099,0.4010131
0.2615384615384624,0.34569493
0.2615384615384624,0.39274845
0.9146341463414558,0.37364215
0.8414634146341484,0.37097096
0.82926829268294,0.44602054
0.7682926829268126,0.379003
0.7073170731707421,0.4136997
0.7317073170731732,0.40759423
0.7560975609756184,0.41440392
0.8048780487804805,0.3962337
0.8780487804878021,0.4104896
0.9024390243902332,0.43353984
0.5285714285714285,0.45253095
0.5,0.4735074
0.5428571428571427,0.38207054
0.6285714285714286,0.3545812
0.6428571428571428,0.39376178
0.7,0.37697852
0.7142857142857144,0.36039895
0.8285714285714287,0.42031765
0.8285714285714285,0.40551108
0.7428571428571429,0.40506637
0.0,0.4510452
0.0,0.373292
0.0,0.4132913
0.0,0.4460075
0.0,0.37745845
0.0,0.44670707
0.0,0.37420693
0.0,0.41237986
0.0,0.37879923
0.0,0.47051626
0.5179487179487161,0.40880218
0.5076923076923077,0.40305603
0.4615384615384617,0.38811514
0.4256410256410223,0.4208542
0.3948717948717952,0.3557185
0.3487179487179492,0.42872417
0.3128205128205135,0.41060457
0.2615384615384588,0.4019348
0.2615384615384624,0.34647286
0.3641025641025628,0.39221925
0.8414634146341484,0.3732002
0.8292682926829258,0.37216407
0.768292682926841,0.44097018
0.7073170731707137,0.38246524
0.731707317073159,0.41293418
0.7560975609756184,0.40551543
0.8048780487804947,0.41012806
0.8780487804878021,0.3978512
0.9024390243902332,0.40923783
0.9634146341463464,0.43513286
0.5,0.450032
0.5428571428571427,0.47305772
0.6285714285714286,0.3829583
0.6428571428571428,0.35316682
0.7,0.39475828
0.7142857142857144,0.3827687
0.8285714285714287,0.36127168
0.8285714285714287,0.42150247
0.7428571428571429,0.40169904
0.5857142857142859,0.4041009
0.0,0.44833934
0.0,0.37417597
0.0,0.41588897
0.0,0.44363433
0.0,0.37858868
0.0,0.4440589
0.0,0.37400553
0.0,0.41050187
0.0,0.378323
0.0,0.46970198
0.5076923076923077,0.4095927
0.4615384615384617,0.4017525
0.4256410256410241,0.38555738
0.3948717948717952,0.41916996
0.3487179487179492,0.3594441
0.3128205128205117,0.43158376
0.2615384615384606,0.40880403
0.2615384615384588,0.40250307
0.3641025641025628,0.3478775
0.4871794871794872,0.39393252
0.8292682926829258,0.37328765
0.768292682926841,0.37244347
0.7073170731707421,0.43803433
0.7317073170731732,0.3826633
0.7560975609756184,0.40738964
0.8048780487804947,0.40232903
0.8780487804878163,0.4045972
0.9024390243902332,0.397846
0.963414634146332,0.40700594
0.9268292682926784,0.4369305
0.5428571428571431,0.44797888
0.6285714285714286,0.4733681
0.6428571428571428,0.38265076
0.6999999999999997,0.35430712
0.7142857142857142,0.39646414
0.8285714285714287,0.3879923
0.8285714285714287,0.36636075
0.7428571428571424,0.42105222
0.5857142857142859,0.3952114
0.442857142857143,0.40102553
0.0,0.44295153
0.0,0.37638465
0.0,0.41532972
0.0,0.44005144
0.0,0.37989536
0.0,0.44216818
0.0,0.3736332
0.0,0.40707004
0.0,0.37774295
0.0,0.4687808
0.4615384615384617,0.41096696
0.4256410256410259,0.4018495
0.3948717948717952,0.3870548
0.3487179487179457,0.41742668
0.3128205128205135,0.36918497
0.2615384615384624,0.43349123
0.2615384615384606,0.40753493
0.364102564102561,0.40476215
0.4871794871794872,0.3515002
0.6051282051282065,0.3987094
0.7682926829268268,0.3763324
0.7073170731707421,0.37453288
0.731707317073159,0.43569767
0.7560975609756184,0.37958574
0.8048780487804947,0.40285778
0.8780487804878021,0.3975181
0.9024390243902474,0.40434742
0.963414634146318,0.3978043
0.9268292682926926,0.40752137
0.9024390243902332,0.43687406
0.6285714285714286,0.44580373
0.6428571428571428,0.46904978
0.6999999999999997,0.38348514
0.714285714285714,0.35418594
0.8285714285714285,0.39813948
0.8285714285714287,0.39188656
0.7428571428571424,0.3702409
0.5857142857142859,0.42432982
0.442857142857143,0.3929351
0.3285714285714287,0.39653078
0.0,0.44147873
0.0,0.3817963
0.0,0.41366586
0.0,0.43829086
0.0,0.38408095
0.0,0.44441548
0.0,0.37236336
0.0,0.40513292
0.0,0.3811858
0.0,0.46976846
0.4256410256410259,0.4077644
0.3948717948717952,0.40550026
0.3487179487179457,0.38816494
0.3128205128205099,0.4168762
0.2615384615384624,0.37550297
0.2615384615384624,0.4360481
0.3641025641025628,0.4039277
0.4871794871794872,0.40466517
0.6051282051282048,0.35669792
0.7384615384615394,0.40410006
0.7073170731707421,0.37675422
0.7317073170731732,0.37592822
0.7560975609756184,0.43809795
0.8048780487804805,0.37417835
0.8780487804878021,0.4020766
0.9024390243902332,0.3947671
0.963414634146332,0.40963247
0.9268292682926642,0.39754573
0.9024390243902332,0.40805206
0.890243902439039,0.43525112
0.6428571428571428,0.4469973
0.7,0.4681975
0.7142857142857144,0.3826582
0.8285714285714287,0.35853568
0.8285714285714285,0.40128645
0.7428571428571429,0.39228413
0.5857142857142859,0.37401032
0.4428571428571426,0.4256029
0.3285714285714287,0.39596835
0.3000000000000002,0.39580718
0.0,0.44299927
0.0,0.38480192
0.0,0.41361725
0.0,0.44189885
0.0,0.3862468
0.0,0.44664097
0.0,0.3733129
0.0,0.40589893
0.0,0.38157544
0.0,0.471411
0.3948717948717952,0.39873078
0.3487179487179492,0.40882438
0.3128205128205135,0.389759
0.2615384615384588,0.41677225
0.2615384615384624,0.37961355
0.3641025641025628,0.43993363
0.487179487179489,0.40104866
0.605128205128203,0.4045648
0.7384615384615394,0.36068016
0.7999999999999989,0.41029674
