Actual,Predicted
0.3877551020408205,0.48153943
0.4693877551020478,0.4554192
0.5555555555555571,0.5302738
0.5825242718446617,0.46499416
0.5809523809523824,0.47059965
0.5904761904761884,0.46966347
0.5904761904761955,0.4674561
0.5714285714285694,0.38201568
0.5619047619047564,0.35250717
0.5619047619047564,0.43091926
0.4202898550724638,0.4218818
0.8405797101449273,0.40364838
0.8260869565217388,0.45640257
0.6956521739130435,0.41950327
0.8405797101449277,0.33053863
0.927536231884058,0.41475058
0.8260869565217388,0.38948402
0.8550724637681157,0.33002004
0.7101449275362319,0.325504
0.8405797101449273,0.41945782
0.0,0.47390455
5.75,0.43920934
0.0,0.45149526
0.0,0.41296795
0.0,0.4067452
0.0,0.44210854
0.0,0.3755298
0.0,0.4153123
0.0,0.4526478
0.0,0.36197722
0.5612244897959187,0.3664749
0.3265306122448983,0.41916594
0.3061224489795897,0.48587367
0.3163265306122493,0.41034847
0.2806122448979593,0.42982116
0.2551020408163271,0.46276152
0.3061224489795897,0.42660803
0.3112244897959204,0.39743716
0.3520408163265305,0.3939471
0.2908163265306118,0.40680405
0.4693877551020549,0.48836675
0.5612244897959187,0.46179911
0.6060606060606091,0.51188654
0.5922330097087354,0.45954573
0.5904761904761955,0.48945224
0.5904761904761884,0.50309706
0.5714285714285694,0.428471
0.5619047619047564,0.3576947
0.5619047619047564,0.3674141
0.6095238095238074,0.43142635
0.8405797101449277,0.38689396
0.826086956521739,0.4104434
0.695652173913043,0.45743543
0.8405797101449277,0.39791673
0.927536231884058,0.32885188
0.826086956521739,0.386995
0.8550724637681157,0.36887455
0.7101449275362319,0.3366448
0.8405797101449277,0.3392737
0.8840579710144927,0.4158787
5.749999999999943,0.51113075
0.0,0.42230117
0.0,0.45683
0.0,0.4159987
0.0,0.44157407
0.0,0.42139274
0.0,0.34617183
0.0,0.39607096
0.0,0.46649
0.0,0.36005694
0.3265306122448983,0.3686327
0.3061224489795933,0.40655375
0.3163265306122458,0.47156498
0.2806122448979593,0.39485073
0.2551020408163271,0.4368078
0.3061224489795933,0.4673629
0.3112244897959186,0.45997936
0.352040816326534,0.40023652
0.2908163265306118,0.40270337
0.295918367346939,0.39724746
0.5612244897959258,0.4706159
0.6122448979591866,0.4429217
0.6161616161616195,0.5282607
0.6019417475728233,0.44430456
0.5904761904761955,0.48940247
0.5714285714285694,0.50340295
0.5619047619047564,0.43798748
0.5619047619047564,0.35901743
0.6095238095238074,0.38108417
0.6571428571428513,0.427963
0.8260869565217392,0.35237318
0.6956521739130435,0.4094899
0.8405797101449273,0.45571083
0.927536231884058,0.38085625
0.8260869565217392,0.34162372
0.855072463768116,0.37753955
0.7101449275362315,0.36908478
0.8405797101449277,0.34552255
0.8840579710144929,0.34426954
0.6956521739130435,0.41562882
0.0,0.51767373
0.0,0.43283114
0.0,0.45381436
0.0,0.39474112
0.0,0.43396124
0.0,0.4093507
0.0,0.3274756
0.0,0.40075356
0.0,0.47424436
0.0,0.34522802
0.3061224489795915,0.3796936
0.316326530612244,0.40273288
0.2806122448979575,0.45304888
0.2551020408163271,0.40538853
0.3061224489795915,0.46288356
0.3112244897959186,0.47563612
0.3520408163265305,0.42896366
0.2908163265306172,0.42565444
0.295918367346939,0.3961105
0.4132653061224491,0.40947735
0.6122448979591866,0.46616986
0.6224489795918444,0.43407887
0.6262626262626299,0.54138476
0.6019417475728233,0.4539752
0.5714285714285694,0.4776048
0.5619047619047564,0.45794672
0.5619047619047564,0.42720464
0.6095238095238003,0.35394478
0.6571428571428513,0.37794733
0.6761904761904773,0.40514675
0.6956521739130435,0.37193018
0.8405797101449273,0.41171277
0.927536231884058,0.4539738
0.8260869565217392,0.38258946
0.8550724637681162,0.35341606
0.7101449275362319,0.39998683
0.8405797101449273,0.39161795
0.8840579710144927,0.34825423
0.6956521739130435,0.3695864
0.6086956521739129,0.41280076
0.0,0.4483713
0.0,0.43789792
0.0,0.43667814
0.0,0.42054066
0.0,0.40869054
0.0,0.40401027
0.0,0.34210032
0.0,0.40180647
0.0,0.4340934
0.0,0.35667714
0.316326530612244,0.37730646
0.2806122448979593,0.403247
0.2551020408163253,0.4602153
0.3061224489795933,0.40417016
0.3112244897959186,0.4299269
0.3520408163265323,0.47061914
0.2908163265306118,0.40761667
0.2959183673469407,0.40757313
0.4132653061224491,0.36983404
0.4489795918367338,0.41589245
0.6224489795918444,0.46575683
0.6326530612244881,0.45494276
0.6262626262626299,0.53955036
0.5825242718446617,0.46475527
0.5619047619047564,0.48819825
0.5619047619047564,0.48509604
0.6095238095238074,0.44187737
0.6571428571428513,0.3630235
0.6761904761904773,0.37278646
0.6476190476190382,0.4320106
0.8405797101449277,0.36965275
0.927536231884058,0.42729747
0.8260869565217388,0.46996492
0.8550724637681157,0.39338923
0.7101449275362319,0.34286705
0.8405797101449273,0.40122917
0.8840579710144927,0.38560668
0.6956521739130435,0.3346693
0.6086956521739131,0.33293402
0.4782608695652173,0.39682248
0.0,0.48128444
0.0,0.4149773
0.0,0.43475032
0.0,0.40036628
0.0,0.41808727
0.0,0.3996395
0.0,0.31196582
0.0,0.38099456
0.0,0.46265447
0.0,0.33944145
0.2806122448979593,0.37791565
0.2551020408163271,0.40226173
0.3061224489795897,0.4744185
0.3112244897959204,0.40193647
0.3520408163265305,0.4460407
0.2908163265306118,0.4790598
0.2959183673469372,0.4316856
0.4132653061224509,0.42052516
0.4489795918367338,0.38401014
0.5357142857142865,0.42393485
0.6326530612245023,0.4643237
0.6326530612244881,0.4620065
0.6060606060606091,0.5259962
0.572815533980588,0.46074188
0.5619047619047564,0.47149354
0.6095238095238074,0.48414606
0.6571428571428513,0.43506506
0.6761904761904773,0.36513317
0.6476190476190453,0.36528578
0.6095238095238074,0.43733498
0.927536231884058,0.39004853
0.826086956521739,0.4282971
0.8550724637681157,0.46822476
0.7101449275362319,0.39355895
0.8405797101449277,0.33821124
0.8840579710144927,0.3917894
0.695652173913043,0.3807552
0.6086956521739131,0.34173003
0.4782608695652177,0.33484626
0.4637681159420288,0.40475464
0.0,0.4943224
0.0,0.41277632
0.0,0.43840748
0.0,0.40332112
0.0,0.42249495
0.0,0.4096311
0.0,0.32844275
0.0,0.3955748
0.0,0.4542168
0.0,0.35232455
0.2551020408163271,0.37783077
0.3061224489795933,0.41377568
0.3112244897959186,0.47275105
0.352040816326534,0.38635603
0.2908163265306118,0.43265444
0.295918367346939,0.46626964
0.4132653061224474,0.44269937
0.4489795918367356,0.41156834
0.5357142857142865,0.37986732
0.5765306122448983,0.4300345
0.6326530612245023,0.46280843
0.6122448979591866,0.45808107
0.5959595959595987,0.52091926
0.572815533980588,0.4553999
0.6095238095238074,0.4579847
0.6571428571428513,0.47278476
0.6761904761904773,0.43011203
0.6476190476190453,0.3666043
0.6095238095238074,0.3591569
0.5428571428571374,0.439143
0.8260869565217392,0.40390527
0.855072463768116,0.43011475
0.7101449275362315,0.4643558
0.8405797101449277,0.40155256
0.8840579710144929,0.3395295
0.6956521739130435,0.39123997
0.6086956521739131,0.3805961
0.4782608695652173,0.34496236
0.4637681159420292,0.33987
0.289855072463768,0.40697098
0.0,0.48895317
0.0,0.41418618
0.0,0.43984765
0.0,0.40926117
0.0,0.42923483
0.0,0.4170037
0.0,0.33902904
0.0,0.40162143
0.0,0.44991404
0.125,0.36088598
0.3061224489795915,0.38234827
0.3112244897959186,0.4156682
0.3520408163265305,0.47061783
0.2908163265306172,0.3854879
0.295918367346939,0.42268658
0.4132653061224491,0.45458132
0.4489795918367338,0.4499204
0.5357142857142883,0.4059772
0.5765306122448983,0.376787
0.6989795918367356,0.43173116
0.6122448979591866,0.4654133
0.6020408163265287,0.45773616
0.5959595959595987,0.5170309
0.6213592233009706,0.452546
0.6571428571428513,0.45409274
0.6761904761904773,0.47290975
0.6476190476190382,0.42952538
0.6095238095238003,0.36419535
0.5428571428571516,0.35876602
0.4857142857142875,0.43937
0.8550724637681162,0.40973938
0.7101449275362319,0.43029174
0.8405797101449273,0.46500587
0.8840579710144927,0.40943983
0.6956521739130435,0.33607942
0.6086956521739129,0.38738582
0.4782608695652173,0.3822768
0.4637681159420288,0.3456381
0.289855072463768,0.34026128
0.2608695652173911,0.41028395
0.0,0.48524636
0.0,0.41696763
0.0,0.4407853
0.0,0.41172832
0.0,0.429074
0.0,0.4251082
0.0,0.3441845
0.0,0.40269613
0.125,0.44961062
0.0,0.36536306
0.3112244897959186,0.38651153
0.3520408163265323,0.41782704
0.2908163265306118,0.47154874
0.2959183673469407,0.38413042
0.4132653061224491,0.41649222
0.4489795918367338,0.4499778
0.5357142857142865,0.45540988
0.5765306122449001,0.40431067
0.6989795918367339,0.37760156
0.704081632653061,0.43517655
0.6020408163265358,0.46584982
0.6020408163265287,0.45760855
0.6464646464646364,0.5142027
0.6699029126213532,0.45016336
0.6761904761904773,0.45184016
0.6476190476190382,0.47391263
0.6095238095238074,0.43001708
0.5428571428571445,0.36288762
0.4857142857142875,0.35921207
0.4666666666666614,0.4401401
0.7101449275362319,0.41528928
0.8405797101449273,0.42936078
0.8840579710144927,0.46507612
0.6956521739130435,0.41540375
0.6086956521739131,0.33238602
0.4782608695652173,0.38627264
0.4637681159420288,0.38115552
0.289855072463768,0.34458813
0.2608695652173916,0.33912712
0.289855072463768,0.41184515
0.0,0.48375553
0.0,0.41879705
0.0,0.43859175
0.0,0.41305283
0.0,0.42906916
0.0,0.43122348
0.0,0.34742197
0.1250000000000142,0.40302688
0.0,0.448799
0.0,0.36749068
0.3520408163265305,0.39015839
0.2908163265306118,0.4204348
0.2959183673469372,0.47264135
0.4132653061224509,0.38436374
0.4489795918367338,0.41159946
0.5357142857142865,0.4456681
0.5765306122448965,0.46022502
0.6989795918367374,0.4042295
0.7040816326530592,0.37902653
0.6938775510204103,0.43847466
0.6020408163265358,0.46649432
0.6530612244897966,0.45670086
0.6969696969696884,0.51122284
0.6893203883495147,0.44628227
0.6476190476190453,0.4505135
0.6095238095238074,0.47203243
0.5428571428571516,0.42962575
0.4857142857142875,0.36289892
0.4666666666666614,0.3575844
0.4095238095238045,0.4393789
0.8405797101449277,0.42282543
0.8840579710144927,0.42746556
0.695652173913043,0.4627239
0.6086956521739131,0.41964293
0.4782608695652177,0.33136958
0.4637681159420288,0.38842124
0.2898550724637676,0.3817961
0.2608695652173911,0.34140745
0.289855072463768,0.33532044
0.4492753623188403,0.4116368
0.0,0.47782934
0.0,0.41920495
0.0,0.43569076
0.0,0.41463184
0.0,0.42795995
0.0,0.43249398
0.125,0.35404775
0.0,0.4034794
0.0,0.44857648
0.0,0.37074718
0.2908163265306118,0.38963318
0.295918367346939,0.42277464
0.4132653061224474,0.47414055
0.4489795918367356,0.38690278
0.5357142857142865,0.4060009
0.5765306122448983,0.4397097
0.6989795918367339,0.4625299
0.7040816326530628,0.4022278
0.6938775510204067,0.37941742
0.6071428571428577,0.4380455
0.6530612244897966,0.4661087
0.7040816326530575,0.45496753
0.7171717171717233,0.5068395
0.6601941747572795,0.44490737
0.6095238095238074,0.45057085
0.5428571428571374,0.47206447
0.4857142857142875,0.4291884
0.4666666666666614,0.36308765
0.4095238095238045,0.35918343
0.4380952380952365,0.4385644
0.8840579710144929,0.4246723
0.6956521739130435,0.42464164
0.6086956521739131,0.4613027
0.4782608695652173,0.42125684
0.4637681159420292,0.33247584
0.289855072463768,0.38990438
0.2608695652173911,0.38415265
0.289855072463768,0.34143323
0.4492753623188408,0.33424306
0.536231884057971,0.4145878
0.0,0.47737885
0.0,0.42068195
0.0,0.4340845
0.0,0.4136573
0.0,0.42727423
0.125,0.4354763
0.0,0.35859942
0.0,0.40368268
0.0,0.44924513
0.0,0.37111402
0.295918367346939,0.387379
0.4132653061224491,0.42540652
0.4489795918367338,0.46999997
0.5357142857142883,0.3869319
0.5765306122448983,0.40463758
0.6989795918367356,0.4369791
0.704081632653061,0.46173635
0.6938775510204085,0.4032482
0.6071428571428577,0.3796612
0.5102040816326525,0.43772048
0.7040816326530646,0.46459323
0.7244897959183731,0.45432448
0.686868686868678,0.5079244
0.6213592233009706,0.44092733
0.5428571428571516,0.4507693
0.4857142857142875,0.47093916
0.4666666666666614,0.42898786
0.4095238095238045,0.3625745
0.4380952380952436,0.35901427
0.4380952380952365,0.43878862
0.6956521739130435,0.4254223
0.6086956521739129,0.42376322
0.4782608695652173,0.4617282
0.4637681159420288,0.42148137
0.289855072463768,0.33216244
0.2608695652173911,0.39026892
0.2898550724637676,0.3844828
0.4492753623188403,0.339258
0.5362318840579712,0.33448762
0.9710144927536232,0.41244856
0.0,0.4764071
0.0,0.4206532
0.0,0.43144614
0.0,0.41443425
0.125,0.42770696
0.0,0.4340197
0.0,0.35898557
0.0,0.40385947
0.0,0.4475144
1.375,0.3708888
0.4132653061224491,0.3876676
0.4489795918367338,0.42681718
0.5357142857142865,0.4719023
0.5765306122449001,0.38806403
0.6989795918367339,0.4017518
0.704081632653061,0.43454677
0.6938775510204067,0.46009856
0.6071428571428577,0.40365702
0.5102040816326543,0.37717417
0.1887755102040813,0.43829992
0.7244897959183731,0.46566284
0.6938775510204067,0.45379192
0.6464646464646364,0.506107
0.5533980582524265,0.43908405
0.4857142857142875,0.4491212
0.4666666666666614,0.4704191
0.4095238095238045,0.42951912
0.4380952380952365,0.36135688
0.4380952380952436,0.3597374
0.3809523809523796,0.43978253
0.6086956521739131,0.42626196
0.4782608695652173,0.42311928
0.4637681159420288,0.46240595
0.289855072463768,0.4223237
0.2608695652173916,0.3304218
0.289855072463768,0.38844717
0.4492753623188408,0.38676482
0.5362318840579712,0.3385899
0.9710144927536232,0.33348882
0.8840579710144927,0.4115162
0.0,0.4735743
0.0,0.4208332
0.0,0.42963916
0.1250000000000142,0.41367823
0.0,0.42395407
0.0,0.4346127
0.0,0.3614231
0.0,0.40236735
1.3749999999999716,0.4480993
1.0,0.37261575
0.4489795918367338,0.38753375
0.5357142857142865,0.42932233
0.5765306122448965,0.47095057
0.6989795918367374,0.38733467
0.7040816326530592,0.40055123
0.6938775510204103,0.43471658
0.6071428571428577,0.45882756
0.5102040816326561,0.40380147
0.1887755102040813,0.37705305
0.2295918367346949,0.43977097
0.6938775510204138,0.4659896
0.6530612244897966,0.45232385
0.5757575757575921,0.50334543
0.495145631067956,0.43681422
0.4666666666666614,0.45011824
0.4095238095238045,0.4705047
0.4380952380952365,0.43054172
0.4380952380952365,0.36011106
0.3809523809523796,0.36005872
0.4476190476190496,0.4405884
0.4782608695652177,0.42474496
0.4637681159420288,0.4209192
0.2898550724637676,0.46053413
0.2608695652173911,0.42213702
0.289855072463768,0.33043513
0.4492753623188403,0.38887984
0.5362318840579707,0.38733995
0.9710144927536236,0.33796832
0.8840579710144929,0.33183908
0.9565217391304348,0.41231096
0.0,0.47229385
0.0,0.4218859
0.125,0.42885336
0.0,0.4126598
0.0,0.42066866
0.0,0.43386328
0.0,0.3635264
1.375,0.4018733
1.0,0.45069587
0.0,0.37414604
0.5357142857142865,0.3855033
0.5765306122448983,0.4293405
0.6989795918367339,0.46843278
0.7040816326530628,0.38653973
0.6938775510204067,0.4028377
0.6071428571428577,0.4349368
0.5102040816326543,0.45624033
0.1887755102040849,0.40315774
0.2295918367346949,0.3777735
0.2448979591836728,0.43781894
0.6530612244897966,0.4665518
0.5816326530612272,0.4449138
0.5151515151515156,0.5062714
0.4757281553397945,0.4281323
0.4095238095238045,0.44450116
0.4380952380952365,0.45990223
0.4380952380952365,0.43351996
0.3809523809523796,0.36010975
0.4476190476190567,0.35849813
0.6190476190476204,0.435993
0.4637681159420292,0.42733702
0.289855072463768,0.4178779
0.2608695652173911,0.45258403
0.289855072463768,0.41912305
0.4492753623188408,0.32907894
0.536231884057971,0.38724712
0.9710144927536232,0.38748944
0.8840579710144927,0.33439678
0.9565217391304348,0.33406204
1.0144927536231882,0.40841776
0.0,0.45579776
0.125,0.42515698
0.0,0.42819482
0.0,0.4109379
0.0,0.4142819
0.0,0.42827043
1.3749999999999858,0.3728689
1.0,0.40102044
0.0,0.45028064
2.375,0.38046777
0.5765306122448983,0.389323
0.6989795918367356,0.4216795
0.704081632653061,0.4742077
0.6938775510204085,0.3934063
0.6071428571428577,0.40382242
0.5102040816326525,0.4320823
0.1887755102040831,0.44480312
0.2295918367346949,0.39855337
0.244897959183671,0.3735422
0.1785714285714288,0.4268878
0.5816326530612344,0.47037584
0.5204081632653086,0.43821198
0.4949494949494948,0.49821478
0.4174757281553383,0.4265111
0.4380952380952436,0.44879174
0.4380952380952365,0.4612877
0.3809523809523796,0.43711686
0.4476190476190496,0.3547958
0.6190476190476204,0.3588606
0.6190476190476204,0.4323587
0.289855072463768,0.4215487
0.2608695652173911,0.41688997
0.2898550724637676,0.45082626
0.4492753623188403,0.41746867
0.5362318840579712,0.33338255
0.9710144927536232,0.38757458
0.8840579710144927,0.3964783
0.956521739130435,0.33651483
1.0144927536231885,0.33285272
1.028985507246377,0.41402206
0.125,0.4544912
0.0,0.43159658
0.0,0.4352599
0.0,0.4074365
0.0,0.4059695
1.375,0.42552358
1.0,0.3803836
0.0,0.40049312
2.374999999999972,0.4532915
3.875000000000029,0.38330448
0.6989795918367339,0.38338044
0.704081632653061,0.42444897
0.6938775510204067,0.47055984
0.6071428571428577,0.3865499
0.5102040816326543,0.413023
0.1887755102040813,0.43652272
0.2295918367346932,0.43723214
0.2448979591836746,0.39527032
0.1785714285714288,0.37634358
0.1734693877551034,0.42042655
0.5204081632653157,0.47747928
0.5,0.4439538
0.4343434343434325,0.49088657
0.4466019417475735,0.42966747
0.4380952380952436,0.44722787
0.3809523809523796,0.46964353
0.4476190476190496,0.4307891
0.6190476190476204,0.3492596
0.6190476190476204,0.35961166
0.6095238095238074,0.44525123
0.2608695652173916,0.4194629
0.289855072463768,0.4180479
0.4492753623188408,0.4518322
0.5362318840579712,0.4182024
0.9710144927536232,0.32468188
0.8840579710144927,0.3833873
0.9565217391304346,0.39551398
1.0144927536231885,0.3382988
1.0289855072463767,0.33601332
1.0144927536231882,0.41620612
0.0,0.46989718
0.0,0.42894334
0.0,0.43070728
0.0,0.40690958
1.3749999999999716,0.41192046
1.0,0.43493718
0.0,0.36897433
2.3750000000000284,0.40096554
3.874999999999943,0.45955986
0.25,0.3813993
0.7040816326530592,0.37366542
0.6938775510204103,0.43008822
0.6071428571428577,0.46285412
0.5102040816326561,0.37725827
0.1887755102040813,0.4149549
0.2295918367346949,0.43815976
0.2448979591836728,0.44511667
0.1785714285714288,0.3977715
0.1734693877551016,0.39054155
0.1836734693877559,0.42518932
0.5,0.48373482
0.4387755102040742,0.44294143
0.4646464646464636,0.4976066
0.4466019417475735,0.42180058
0.3809523809523796,0.4415237
0.4476190476190496,0.4643071
0.6190476190476133,0.43514317
0.6190476190476204,0.35033876
0.6095238095238074,0.3540654
0.5904761904761884,0.44424406
0.289855072463768,0.42712238
0.4492753623188403,0.41316137
0.5362318840579707,0.45238242
0.9710144927536236,0.4201177
0.8840579710144929,0.31429362
0.9565217391304348,0.37890363
1.014492753623188,0.39698964
1.028985507246377,0.32590526
1.0144927536231885,0.33355546
1.0,0.40737388
0.0,0.44548243
0.0,0.43168655
0.0,0.4303154
1.375,0.40935645
1.0,0.40471634
0.0,0.43147233
2.375,0.38370523
3.875000000000014,0.39970925
0.2499999999999715,0.4564876
0.0,0.39061496
0.6938775510204067,0.3734125
0.6071428571428577,0.42825705
0.5102040816326543,0.4763095
0.1887755102040849,0.39114434
0.2295918367346949,0.4121279
0.2448979591836728,0.4379577
0.1785714285714288,0.43880782
0.1734693877551052,0.3881962
0.1836734693877542,0.38798925
0.1836734693877559,0.413946
0.4387755102040813,0.4774589
0.4693877551020478,0.4301315
0.4646464646464636,0.5034916
0.388349514563103,0.41990265
0.4476190476190567,0.44655508
0.6190476190476204,0.45142013
0.6190476190476133,0.45462528
0.6095238095238003,0.33895338
0.5904761904761955,0.34930128
0.5523809523809433,0.42417893
0.4492753623188408,0.42193076
0.536231884057971,0.3967451
0.9710144927536232,0.44872522
0.8840579710144927,0.41657948
0.9565217391304348,0.3163607
1.0144927536231882,0.38473284
1.028985507246377,0.40644884
1.0144927536231885,0.3280843
1.0,0.33271015
0.9710144927536232,0.4208918
0.0,0.44074258
0.0,0.45775554
1.3749999999999858,0.44652477
1.0,0.4234023
0.0,0.3892445
2.375,0.42220142
3.875,0.40751392
0.2500000000000142,0.41420615
0.0,0.46165994
0.0,0.39094505
0.6071428571428577,0.36472026
0.5102040816326525,0.43190145
0.1887755102040831,0.4851097
0.2295918367346949,0.39531237
0.244897959183671,0.42572856
0.1785714285714288,0.44293147
0.1734693877551016,0.42959368
0.1836734693877577,0.39130604
0.1836734693877542,0.37886605
0.1938775510204067,0.39939123
0.4693877551020549,0.49005425
0.4693877551020478,0.43250358
0.4040404040404013,0.4929565
0.4563106796116614,0.4329041
0.6190476190476204,0.44451913
0.6190476190476204,0.46488637
0.6095238095238074,0.44916242
0.5904761904761955,0.33075917
0.5523809523809433,0.35311922
0.5142857142857125,0.44105178
0.5362318840579712,0.4228055
0.9710144927536232,0.40735546
0.8840579710144927,0.45194712
0.956521739130435,0.42075393
1.0144927536231885,0.31080598
1.028985507246377,0.3835604
1.014492753623188,0.40951368
1.0,0.33560646
0.9710144927536232,0.32450962
1.0,0.42758113
0.0,0.4629629
1.375,0.4469098
1.0,0.43874422
0.0,0.41428825
2.374999999999972,0.39601034
3.875000000000029,0.44040632
0.2500000000000142,0.3948449
0.0,0.41847742
0.0,0.4654735
0.0,0.3884495
0.5102040816326543,0.36454484
0.1887755102040813,0.42803478
0.2295918367346932,0.4768228
0.2448979591836746,0.3844633
0.1785714285714288,0.42430696
0.1734693877551034,0.44378835
0.1836734693877542,0.44522223
0.1836734693877577,0.39415118
0.1938775510204067,0.3986677
0.1836734693877559,0.41799992
0.4693877551020549,0.5105862
0.408163265306122,0.45040354
0.474747474747474,0.48397177
0.6310679611650443,0.44497958
0.6190476190476204,0.44377807
0.6095238095238074,0.4913493
0.5904761904761955,0.43594658
0.5523809523809433,0.34620047
0.5142857142857125,0.36203673
0.5333333333333385,0.4549147
0.9710144927536232,0.43482795
0.8840579710144927,0.4153992
0.9565217391304346,0.45496556
1.0144927536231885,0.44151872
1.0289855072463767,0.29656723
1.0144927536231882,0.37918347
1.0,0.40269607
0.9710144927536236,0.33239695
1.0,0.3146671
1.028985507246377,0.42954627
1.3749999999999716,0.47210753
1.0,0.42807224
0.0,0.424491
2.3750000000000284,0.4128916
3.874999999999943,0.40663803
0.25,0.4638593
0.0,0.37300777
0.0,0.41118163
0.0,0.46490562
0.0,0.39149386
0.1887755102040813,0.35966772
0.2295918367346949,0.43716598
0.2448979591836728,0.478601
0.1785714285714288,0.38536298
0.1734693877551016,0.40201858
0.1836734693877559,0.43551686
0.1836734693877542,0.46918964
0.1938775510204102,0.38578212
0.1836734693877542,0.42238948
0.1530612244897948,0.44084966
0.4081632653061291,0.49595773
0.4795918367346985,0.46246117
0.656565656565661,0.48625737
0.6310679611650443,0.4578957
0.6095238095238074,0.44585702
0.5904761904761884,0.49159375
0.5523809523809433,0.44534332
0.5142857142857125,0.35930237
0.5333333333333385,0.37042347
0.5142857142857125,0.4421458
0.8840579710144929,0.42486113
0.9565217391304348,0.4178145
1.014492753623188,0.45218506
1.028985507246377,0.4256703
1.0144927536231885,0.3087624
1.0,0.3880185
0.9710144927536232,0.39545873
1.0,0.33800438
1.0289855072463767,0.32459733
1.028985507246377,0.42208418
1.0,0.46534276
0.0,0.41882885
2.375,0.4281878
3.875000000000014,0.41048643
0.2499999999999715,0.39863712
0.0,0.4518713
0.0,0.3677715
0.0,0.39749268
0.0,0.4619212
0.0,0.38141403
0.2295918367346949,0.36603856
0.2448979591836728,0.42301676
0.1785714285714288,0.47494683
0.1734693877551052,0.40223238
0.1836734693877542,0.40010998
0.1836734693877559,0.45175904
0.1938775510204067,0.4526929
0.1836734693877577,0.3968909
0.1530612244897948,0.41674107
0.1428571428571423,0.43912405
0.4795918367347056,0.474662
0.6632653061224545,0.46164662
0.656565656565661,0.5406675
0.6213592233009706,0.47922498
0.5904761904761955,0.46852946
0.5523809523809433,0.48427925
0.5142857142857125,0.47334668
0.5333333333333314,0.36601123
0.5142857142857125,0.36062413
0.4952380952380935,0.41763088
0.9565217391304348,0.4180999
1.0144927536231882,0.41875806
1.028985507246377,0.45437604
1.0144927536231885,0.4122666
1.0,0.33907536
0.9710144927536232,0.40367687
1.0,0.38456145
1.028985507246377,0.34264737
1.0289855072463767,0.31556782
1.0434782608695652,0.42381266
0.0,0.47498587
2.375,0.43714705
3.875,0.44212034
0.2500000000000142,0.40547547
0.0,0.39990538
0.0,0.4465414
0.0,0.35103965
0.0,0.40631422
0.0,0.44691753
0.0,0.3528816
0.244897959183671,0.38040504
0.1785714285714288,0.4096793
0.1734693877551016,0.48965067
0.1836734693877577,0.41673517
0.1836734693877542,0.41508585
0.1938775510204067,0.46226346
0.1836734693877542,0.43487182
0.1530612244897966,0.40463993
0.1428571428571423,0.38289943
0.1377551020408152,0.43371525
0.6632653061224545,0.4850276
0.6632653061224545,0.46656197
0.6464646464646364,0.5446895
0.6019417475728233,0.49155352
0.5523809523809433,0.48534778
0.5142857142857125,0.4916843
0.5333333333333314,0.45871186
0.5142857142857125,0.3708987
0.4952380952381006,0.36620083
0.4952380952380935,0.42796052
1.0144927536231885,0.4032239
1.028985507246377,0.43197408
1.014492753623188,0.46794423
1.0,0.41680568
0.9710144927536232,0.33489788
1.0,0.40632597
1.028985507246377,0.38579163
1.028985507246377,0.3377305
1.0434782608695652,0.3174454
1.028985507246377,0.41499883
2.374999999999972,0.49780586
3.875000000000029,0.42655852
0.2500000000000142,0.45643476
0.0,0.40530744
0.0,0.41838574
0.0,0.43073237
0.0,0.32842144
0.0,0.40041155
0.0,0.45799148
0.0,0.33709303
0.1785714285714288,0.38287306
0.1734693877551034,0.40545288
0.1836734693877542,0.48124647
0.1836734693877577,0.40644366
0.1938775510204067,0.43451774
0.1836734693877559,0.4757917
0.1530612244897931,0.44094342
0.1428571428571441,0.40478322
0.1377551020408152,0.38785467
0.1734693877551034,0.42037293
0.6632653061224545,0.4787014
0.6530612244897966,0.46546823
0.6262626262626299,0.54986453
0.5631067961165002,0.4769042
0.5142857142857125,0.50170875
0.5333333333333385,0.5189973
0.5142857142857125,0.4486092
0.4952380952380935,0.35987216
0.4952380952381006,0.37437996
0.5238095238095255,0.43761495
1.0289855072463767,0.36521676
1.0144927536231882,0.4234031
1.0,0.48197785
0.9710144927536236,0.39354363
1.0,0.32105127
1.028985507246377,0.38040316
1.028985507246377,0.37204322
1.0434782608695654,0.33686036
1.0289855072463767,0.32194424
1.028985507246377,0.4205794
3.874999999999943,0.54215294
0.25,0.42226142
0.0,0.45486355
0.0,0.4010858
0.0,0.43726856
0.0,0.42076397
0.0,0.30684263
0.0,0.38927853
0.0,0.4827335
0.0,0.3284604
0.1734693877551016,0.37323964
0.1836734693877559,0.41608202
0.1836734693877542,0.4684049
0.1938775510204102,0.39972872
0.1836734693877542,0.4576011
0.1530612244897948,0.48791572
0.1428571428571423,0.45423576
0.1377551020408205,0.42219642
0.1734693877551016,0.39074838
0.1938775510204067,0.42602885
0.6530612244897966,0.46248096
0.6326530612244881,0.45468855
0.5858585858585883,0.5622567
0.5242718446601913,0.46998212
0.5333333333333385,0.5037817
0.5142857142857125,0.5088539
0.4952380952380935,0.44945025
0.4952380952380935,0.35694757
0.5238095238095255,0.37953967
0.5619047619047564,0.4176658
1.0144927536231885,0.35282654
1.0,0.41558102
0.9710144927536232,0.47173804
1.0,0.37954807
1.0289855072463767,0.3424528
1.028985507246377,0.38462713
1.043478260869565,0.37116605
1.028985507246377,0.33823913
1.0289855072463767,0.33068782
1.0,0.41696793
0.2499999999999715,0.52057356
0.0,0.4277543
0.0,0.44310522
0.0,0.3979274
0.0,0.41540423
0.0,0.4111614
0.0,0.31198877
0.0,0.38769695
0.0,0.4713045
0.0,0.32867295
0.1836734693877542,0.3754527
0.1836734693877559,0.40941325
0.1938775510204067,0.46114
0.1836734693877577,0.40756816
0.1530612244897948,0.45658296
0.1428571428571423,0.49284765
0.1377551020408169,0.42468652
0.1734693877551052,0.42528573
0.1938775510204067,0.3759797
0.2091836734693881,0.4287212
0.6326530612245023,0.46440804
0.5918367346938709,0.45291176
0.5454545454545467,0.55608374
0.5436893203883528,0.47608572
0.5142857142857125,0.49511403
0.4952380952380935,0.48797008
0.4952380952380935,0.4478449
0.5238095238095184,0.35445967
0.5619047619047564,0.37889385
0.6190476190476204,0.4156462
1.0,0.36359268
0.9710144927536232,0.42615724
1.0,0.46801692
1.028985507246377,0.38828164
1.0289855072463767,0.34453484
1.0434782608695652,0.39741844
1.028985507246377,0.38761503
1.028985507246377,0.3349626
1.0,0.33347887
0.9130434782608696,0.41027993
0.0,0.49022138
0.0,0.42550856
0.0,0.43670094
0.0,0.40467682
0.0,0.40087762
0.0,0.4073608
0.0,0.30948076
0.0,0.38178796
0.0,0.45856696
0.0,0.3276347
0.1836734693877542,0.37462938
0.1938775510204067,0.40372887
0.1836734693877542,0.4676378
0.1530612244897966,0.40391853
0.1428571428571423,0.44467944
0.1377551020408152,0.4914521
0.1734693877551016,0.41741827
0.1938775510204102,0.412694
0.2091836734693863,0.3746533
0.2806122448979593,0.43222362
0.591836734693878,0.46469468
0.5510204081632608,0.4657058
0.5656565656565675,0.54965615
0.5242718446601913,0.4739856
0.4952380952381006,0.500513
0.4952380952380935,0.5027486
0.5238095238095184,0.4438783
0.5619047619047564,0.35387322
0.6190476190476204,0.37261492
0.6380952380952323,0.43475714
0.9710144927536232,0.37051305
1.0,0.43435776
1.028985507246377,0.4837413
1.028985507246377,0.39460003
1.0434782608695652,0.33176723
1.028985507246377,0.3954581
1.028985507246377,0.3910062
1.0,0.32712427
0.9130434782608696,0.31970382
0.7681159420289856,0.40197527
0.0,0.50468564
0.0,0.41219288
0.0,0.4372527
0.0,0.3996548
0.0,0.41756126
0.0,0.40391803
0.0,0.30356663
0.0,0.38169092
0.0,0.4714989
0.0,0.32546178
0.1938775510204067,0.3741856
0.1836734693877559,0.40915862
0.1530612244897931,0.47621682
0.1428571428571441,0.39307633
0.1377551020408152,0.4448587
0.1734693877551034,0.48882604
0.1938775510204067,0.4362273
0.2091836734693899,0.41573927
0.2806122448979593,0.37928832
0.3367346938775508,0.43104413
0.5510204081632679,0.46862733
0.5714285714285765,0.46773046
0.5454545454545467,0.5352007
0.5048543689320439,0.47057626
0.4952380952381006,0.4810353
0.5238095238095255,0.49537033
0.5619047619047564,0.43639573
0.6190476190476204,0.35850704
0.6380952380952394,0.36491054
0.6380952380952323,0.4430279
1.0,0.38973513
1.028985507246377,0.43809777
1.028985507246377,0.4792607
1.0434782608695654,0.39841887
1.0289855072463767,0.33035704
1.028985507246377,0.38734868
1.0,0.3904516
0.9130434782608696,0.33479208
0.7681159420289858,0.32417774
0.855072463768116,0.40782586
0.0,0.51047814
0.0,0.41149753
0.0,0.44264385
0.0,0.40329134
0.0,0.4274384
0.0,0.4123728
0.0,0.315862
0.0,0.40099874
0.0,0.46240735
1.8750000000000284,0.3426753
0.1836734693877542,0.3782742
0.1530612244897948,0.4160774
0.1428571428571423,0.47508407
0.1377551020408205,0.3816589
0.1734693877551016,0.43260887
0.1938775510204067,0.47563648
0.2091836734693863,0.4475414
0.2806122448979593,0.41196448
0.3367346938775508,0.3795684
0.3061224489795933,0.44080925
0.5714285714285836,0.47084835
0.5510204081632608,0.46604007
0.525252525252526,0.5295094
0.5048543689320439,0.46548617
0.5238095238095255,0.46804473
0.5619047619047564,0.49020347
0.6190476190476133,0.43138295
0.6380952380952394,0.35989466
0.6380952380952394,0.35780343
0.6095238095238074,0.44571587
1.0289855072463767,0.40109015
1.028985507246377,0.43712398
1.043478260869565,0.47546592
1.028985507246377,0.40688226
1.0289855072463767,0.32798567
1.0,0.38594332
0.9130434782608692,0.3880639
0.7681159420289854,0.33897597
0.8550724637681162,0.32703662
0.7536231884057971,0.4107408
0.0,0.50520504
0.0,0.4131955
0.0,0.44450688
0.0,0.4090232
0.0,0.4323895
0.0,0.4205238
0.0,0.32754228
0.0,0.40517318
1.874999999999972,0.4595222
0.0,0.35253993
0.1530612244897948,0.38189495
0.1428571428571423,0.41807982
0.1377551020408169,0.4772123
0.1734693877551052,0.38097242
0.1938775510204067,0.42381617
0.2091836734693881,0.4636659
0.2806122448979575,0.46057215
0.3367346938775526,0.40617022
0.3061224489795915,0.38267314
0.4591836734693881,0.44001743
0.5510204081632679,0.47101408
0.5306122448979593,0.4667696
0.525252525252526,0.5242988
0.533980582524265,0.4623662
0.5619047619047564,0.46152127
0.6190476190476204,0.48878938
0.6380952380952465,0.43089
0.6380952380952394,0.3595307
0.6095238095238074,0.3571067
0.5904761904761884,0.44461936
1.0289855072463767,0.40752286
1.0434782608695652,0.43663043
1.028985507246377,0.47451502
1.028985507246377,0.41225103
1.0,0.32572836
0.9130434782608696,0.38436857
0.7681159420289849,0.3852832
0.8550724637681157,0.33964527
0.7536231884057971,0.32874414
0.5217391304347825,0.41306058
0.0,0.500094
0.0,0.4162336
0.0,0.44544813
0.0,0.41338566
0.0,0.43339986
0.0,0.42667353
0.0,0.33405682
1.8750000000000144,0.40652415
0.0,0.45684215
0.0,0.3570493
0.1428571428571423,0.38698396
0.1377551020408152,0.41808406
0.1734693877551016,0.47891024
0.1938775510204102,0.38350934
0.2091836734693863,0.41748208
0.2806122448979593,0.4575444
0.3367346938775508,0.46787274
0.3061224489795933,0.40316322
0.4591836734693864,0.38437867
0.6122448979591848,0.43923953
0.5306122448979735,0.46729764
0.5306122448979593,0.4615273
0.5555555555555571,0.52622247
0.572815533980588,0.45366853
0.6190476190476204,0.4469691
0.6380952380952323,0.47137833
0.6380952380952465,0.4353392
0.6095238095238003,0.35737485
0.5904761904761955,0.35363612
0.5428571428571374,0.4395948
1.0434782608695652,0.41985938
1.028985507246377,0.43410128
1.028985507246377,0.4680876
1.0,0.41573444
0.9130434782608696,0.32279822
0.7681159420289856,0.37997326
0.8550724637681157,0.38275743
0.7536231884057969,0.33489376
0.5217391304347827,0.33210137
0.4782608695652173,0.4075988
0.0,0.47829378
0.0,0.42231816
0.0,0.43924913
0.0,0.41456658
0.0,0.42803282
0.0,0.42715523
1.875,0.34596914
0.0,0.40692472
0.0,0.44973698
0.0,0.36383983
0.1377551020408152,0.39754838
0.1734693877551034,0.41386217
0.1938775510204067,0.48870444
0.2091836734693899,0.39674127
0.2806122448979593,0.41104546
0.3367346938775508,0.45147288
0.3061224489795897,0.46671116
0.4591836734693899,0.40017453
0.612244897959183,0.37805933
0.5561224489795915,0.43417618
0.5306122448979735,0.46763384
0.5612244897959187,0.4574145
0.5959595959595987,0.51170605
0.6310679611650443,0.45584294
0.6380952380952394,0.45273924
0.6380952380952323,0.47340214
0.6095238095238074,0.4338348
0.5904761904761955,0.3563553
0.5428571428571516,0.36137414
0.4857142857142875,0.43980065
1.0289855072463767,0.416477
1.028985507246377,0.43524793
1.0,0.46753117
0.9130434782608696,0.41449034
0.7681159420289858,0.33058184
0.855072463768116,0.38142565
0.7536231884057969,0.3956662
0.5217391304347827,0.34119642
0.4782608695652177,0.32943892
0.36231884057971,0.41602826
0.0,0.49098083
0.0,0.42702731
0.0,0.44448304
0.0,0.4097424
0.0,0.42695403
1.8750000000000284,0.4349022
0.0,0.3498261
0.0,0.4090444
0.0,0.4529684
0.0,0.36270222
0.1734693877551016,0.3924898
0.1938775510204067,0.4124921
0.2091836734693863,0.47351077
0.2806122448979593,0.38335505
0.3367346938775508,0.41298372
0.3061224489795933,0.45360708
0.4591836734693864,0.45283812
0.6122448979591866,0.40891773
0.5561224489795933,0.37850225
0.6530612244897966,0.44063538
0.5612244897959258,0.47232258
0.6020408163265287,0.4591921
0.656565656565661,0.5106312
0.6504854368932058,0.4547945
0.6380952380952394,0.4475602
0.6095238095238074,0.4859775
0.5904761904761955,0.43195918
0.5428571428571445,0.35346603
0.4857142857142875,0.36057752
0.4476190476190496,0.45111585
1.0289855072463767,0.42599013
1.0,0.43023744
0.9130434782608692,0.46977642
0.7681159420289854,0.43108568
0.8550724637681162,0.31888625
0.7536231884057971,0.37833387
0.5217391304347827,0.38275212
0.4782608695652173,0.3363367
0.3623188405797104,0.3273947
0.36231884057971,0.4242452
0.0,0.4964625
0.0,0.42551267
0.0,0.43660507
0.0,0.4146557
1.874999999999972,0.4311877
0.0,0.4531319
0.0,0.3463264
0.0,0.4113176
0.0,0.45022184
0.0,0.3687557
0.1938775510204067,0.3885974
0.2091836734693881,0.42906034
0.2806122448979575,0.4802677
0.3367346938775526,0.3807372
0.3061224489795915,0.4015775
0.4591836734693881,0.44168338
0.612244897959183,0.47352222
0.5561224489795933,0.4029188
0.6530612244897949,0.39454004
0.7193877551020407,0.455871
0.6020408163265358,0.4720189
0.6632653061224545,0.4660276
0.6767676767676818,0.50540334
0.6504854368932058,0.45386595
0.6095238095238074,0.442043
0.5904761904761884,0.48322368
0.5428571428571516,0.43332523
0.4857142857142875,0.36114246
0.4476190476190567,0.35923594
0.4190476190476175,0.44924873
1.0,0.43478584
0.9130434782608696,0.43276882
0.7681159420289849,0.47104603
0.8550724637681157,0.43406594
0.7536231884057971,0.31261653
0.5217391304347825,0.38194308
0.4782608695652173,0.39186552
0.36231884057971,0.335944
0.3623188405797104,0.32530865
0.3478260869565219,0.41300255
0.0,0.47879872
0.0,0.41528028
0.0,0.4356048
1.8750000000000144,0.41316018
0.0,0.42076218
0.0,0.4464692
0.0,0.35756996
0.0,0.4041436
0.0,0.4508759
0.0,0.375986
0.2091836734693863,0.38746628
0.2806122448979593,0.43281162
0.3367346938775508,0.4780447
0.3061224489795933,0.38341594
0.4591836734693864,0.395077
0.6122448979591848,0.44320402
0.5561224489795915,0.47083336
0.6530612244897984,0.3981651
0.7193877551020407,0.39472502
0.6734693877551017,0.45314685
0.6632653061224545,0.46775892
0.683673469387756,0.46343648
0.6767676767676818,0.51520336
0.6213592233009706,0.45896697
0.5904761904761955,0.44833162
0.5428571428571374,0.4840521
0.4857142857142875,0.44264895
0.4476190476190496,0.3559001
0.4190476190476175,0.35978004
0.4761904761904745,0.43781132
0.9130434782608696,0.42283413
0.7681159420289856,0.428976
0.8550724637681157,0.46931544
0.7536231884057969,0.42470697
0.5217391304347827,0.32431778
0.4782608695652173,0.38315243
0.36231884057971,0.38881773
0.36231884057971,0.34575877
0.3478260869565219,0.32098988
0.507246376811594,0.42270234
0.0,0.48791167
0.0,0.42536968
1.875,0.4407831
0.0,0.41461417
0.0,0.423735
0.0,0.4437833
0.0,0.35498747
0.0,0.41186643
0.0,0.45020816
0.0,0.36635798
0.2806122448979593,0.39121303
0.3367346938775508,0.4219131
0.3061224489795897,0.48116326
0.4591836734693899,0.39395443
0.612244897959183,0.40178266
0.5561224489795915,0.44410616
0.6530612244897931,0.47111207
0.7193877551020407,0.4061632
0.6734693877551017,0.38228592
0.6224489795918373,0.44878957
0.6836734693877702,0.46540388
0.683673469387756,0.46455187
0.6464646464646364,0.5208912
0.6019417475728233,0.46352217
0.5428571428571516,0.45202622
0.4857142857142875,0.47680393
0.4476190476190496,0.43945256
0.4190476190476104,0.3629847
0.4761904761904745,0.35814548
0.5142857142857125,0.43714237
0.7681159420289858,0.42454994
0.855072463768116,0.43128893
0.7536231884057969,0.46860498
0.5217391304347827,0.42787448
0.4782608695652177,0.3260358
0.36231884057971,0.39109045
0.36231884057971,0.39113364
0.3478260869565215,0.34060445
0.5072463768115945,0.3263626
0.5507246376811594,0.4152415
0.0,0.48364985
1.8750000000000284,0.42000878
0.0,0.44265142
0.0,0.4114505
0.0,0.42754108
0.0,0.43555266
0.0,0.3528245
0.0,0.40742493
0.0,0.44645408
0.0,0.36390638
0.3367346938775508,0.39025313
0.3061224489795933,0.41731936
0.4591836734693864,0.47633505
0.6122448979591866,0.3936367
0.5561224489795933,0.40642136
0.6530612244897966,0.4490702
0.7193877551020407,0.46352723
0.6734693877551035,0.40086108
0.6224489795918355,0.38003606
0.545918367346939,0.43856767
0.6836734693877702,0.47329956
0.6530612244897966,0.46497673
0.6262626262626299,0.51247615
0.5533980582524265,0.45625064
0.4857142857142875,0.46219587
0.4476190476190496,0.48847228
0.4190476190476175,0.43136904
0.4761904761904745,0.35774305
0.5142857142857125,0.36279777
0.6190476190476204,0.44004777
0.8550724637681162,0.4204454
0.7536231884057971,0.4274179
0.5217391304347827,0.4695855
0.4782608695652173,0.42051142
0.3623188405797104,0.32580864
0.36231884057971,0.38382024
0.3478260869565215,0.3833576
0.5072463768115942,0.33774406
0.5507246376811596,0.3292281
0.5797101449275364,0.419739
1.874999999999972,0.4946236
0.0,0.4220789
0.0,0.4392264
0.0,0.41394055
0.0,0.4328273
0.0,0.43959245
0.0,0.3486142
0.0,0.40206733
0.0,0.46137708
0.0,0.36401573
0.3061224489795915,0.38663343
0.4591836734693881,0.42936614
0.612244897959183,0.47226638
0.5561224489795933,0.3841484
0.6530612244897949,0.40907368
0.7193877551020407,0.44278827
0.6734693877550999,0.46788925
0.6224489795918391,0.40895513
0.545918367346939,0.38081187
0.5051020408163271,0.44162312
0.6530612244897966,0.4652385
0.6326530612244881,0.4577935
0.5757575757575921,0.51604456
0.495145631067956,0.4464085
0.4476190476190567,0.46787646
0.4190476190476175,0.48603398
0.4761904761904745,0.43067223
0.5142857142857125,0.36097023
0.6190476190476204,0.36824942
0.6952380952380892,0.43615544
0.7536231884057971,0.4026507
0.5217391304347825,0.42215878
0.4782608695652173,0.4647053
0.36231884057971,0.40595782
0.3623188405797104,0.33625475
0.3478260869565219,0.38487834
0.5072463768115938,0.38360894
0.5507246376811596,0.33780628
0.5797101449275364,0.33343512
0.7246376811594202,0.4171104
0.0,0.49518782
0.0,0.42506516
0.0,0.43378934
0.0,0.40451083
0.0,0.42957273
0.0,0.42892462
0.0,0.3482976
0.0,0.39922976
0.0,0.46689555
0.0,0.35991895
0.4591836734693864,0.3801813
0.6122448979591848,0.42505682
0.5561224489795915,0.46132332
0.6530612244897984,0.38776672
0.7193877551020407,0.42084593
0.6734693877551017,0.44996235
0.6224489795918355,0.44603392
0.5459183673469408,0.4191949
0.5051020408163254,0.3752641
0.3520408163265323,0.43836582
0.6326530612245023,0.46047163
0.5816326530612272,0.450894
0.5151515151515156,0.51937056
0.4563106796116614,0.44233364
0.4190476190476175,0.45813763
0.4761904761904745,0.46794158
0.5142857142857125,0.42894813
0.6190476190476204,0.360803
0.6952380952380963,0.36299664
0.7523809523809462,0.4318803
0.5217391304347827,0.40905148
0.4782608695652173,0.42336744
0.36231884057971,0.45710695
0.36231884057971,0.40425277
0.3478260869565219,0.34103042
0.507246376811594,0.3943727
0.5507246376811592,0.38804263
0.5797101449275366,0.3397787
0.7246376811594204,0.33690152
0.826086956521739,0.40998667
0.0,0.46916077
0.0,0.42303064
0.0,0.42997736
0.0,0.40579608
0.0,0.41872138
0.0,0.4179951
0.0,0.35265958
0.0,0.39703193
0.0,0.45589796
0.0,0.37089688
0.612244897959183,0.38104805
0.5561224489795915,0.4185208
0.6530612244897931,0.46804893
0.7193877551020407,0.38581395
0.6734693877551017,0.41447976
0.6224489795918373,0.4454323
0.5459183673469372,0.4368111
0.5051020408163307,0.4099161
0.3520408163265305,0.3674371
0.270408163265305,0.43648684
0.5816326530612344,0.4650237
0.5204081632653086,0.45491165
0.474747474747474,0.5120392
0.4271844660194119,0.44490364
0.4761904761904745,0.46393266
0.5142857142857125,0.4791515
0.6190476190476133,0.4308418
0.6952380952380892,0.3591808
0.7523809523809462,0.3661186
0.7714285714285722,0.44010317
0.4782608695652177,0.40803456
0.36231884057971,0.4252643
0.36231884057971,0.46377003
0.3478260869565215,0.4099664
0.5072463768115945,0.33540288
0.5507246376811594,0.3928397
0.5797101449275361,0.3904558
0.72463768115942,0.33634347
0.8260869565217392,0.3294646
0.855072463768116,0.4105586
0.0,0.4780857
0.0,0.41978562
0.0,0.4289567
0.0,0.40364516
0.0,0.41920292
0.0,0.42293254
0.0,0.34940916
0.0,0.3933992
0.0,0.46278253
0.0,0.3685604
0.5561224489795933,0.37829778
0.6530612244897966,0.42258906
0.7193877551020407,0.46646968
0.6734693877551035,0.38068226
0.6224489795918355,0.4179118
0.545918367346939,0.44812396
0.5051020408163254,0.44159383
0.352040816326534,0.4104972
0.2704081632653068,0.37702504
0.2295918367346949,0.43583253
0.5204081632653157,0.4661926
0.4795918367346985,0.45178813
0.4444444444444428,0.5081645
0.4854368932038824,0.43765205
0.5142857142857125,0.45369408
0.6190476190476204,0.472517
0.6952380952380821,0.42814645
0.7523809523809533,0.35987404
0.7714285714285722,0.36277398
0.7714285714285722,0.44321784
0.3623188405797104,0.4138927
0.36231884057971,0.42209628
0.3478260869565215,0.45599505
0.5072463768115942,0.41135707
0.5507246376811596,0.330989
0.5797101449275364,0.39113536
0.7246376811594204,0.38634992
0.8260869565217392,0.3372333
0.8550724637681162,0.33516815
0.8695652173913042,0.41199872
0.0,0.47115114
0.0,0.42032033
0.0,0.42808688
0.0,0.40425545
0.0,0.41620207
0.0,0.4259687
0.0,0.3544841
0.0,0.3976155
0.0,0.46010783
0.0,0.37447456
0.6530612244897949,0.3774868
0.7193877551020407,0.4278254
0.6734693877550999,0.46604478
0.6224489795918391,0.37995046
0.545918367346939,0.41569713
0.5051020408163271,0.4419781
0.3520408163265305,0.4436083
0.2704081632653068,0.40557903
0.2295918367346949,0.38000783
0.2091836734693881,0.4346221
0.4795918367347056,0.46841303
0.4489795918367321,0.45182046
0.5050505050505052,0.5041489
0.5242718446601913,0.43539396
0.6190476190476204,0.44779554
0.6952380952380892,0.47014514
0.7523809523809462,0.42717525
0.7714285714285793,0.36017847
0.7714285714285722,0.36228877
0.8190476190476232,0.44125873
0.3623188405797104,0.41746977
0.3478260869565219,0.41955015
0.5072463768115938,0.4541996
0.5507246376811596,0.4117241
0.5797101449275364,0.33004513
0.7246376811594202,0.38848752
0.8260869565217388,0.3855226
0.8550724637681157,0.34013078
0.8695652173913044,0.34005576
0.8695652173913042,0.4093659
0.0,0.46341267
0.0,0.41907632
0.0,0.42882812
0.0,0.40639004
0.0,0.413199
0.0,0.42726502
0.0,0.36111486
0.0,0.39742845
0.0,0.45677367
0.0,0.3795597
0.7193877551020407,0.38013032
0.6734693877551017,0.42561138
0.6224489795918355,0.46479425
0.5459183673469408,0.38316235
0.5051020408163254,0.41308868
0.3520408163265323,0.44080487
0.270408163265305,0.44259614
0.2295918367346949,0.4003673
0.2091836734693863,0.38092458
0.1887755102040813,0.42810458
0.4489795918367392,0.46898407
0.5102040816326507,0.45135462
0.5454545454545467,0.50043446
0.6310679611650443,0.43459547
0.6952380952380963,0.44630837
0.7523809523809462,0.46939927
0.7714285714285722,0.42816412
0.7714285714285793,0.36097497
0.8190476190476161,0.36364222
0.8285714285714221,0.4410912
0.3478260869565219,0.4184186
0.507246376811594,0.4188154
0.5507246376811592,0.45419124
0.5797101449275366,0.4114315
0.7246376811594204,0.33021736
0.826086956521739,0.38655964
0.8550724637681157,0.38387823
0.8695652173913042,0.34273115
0.8695652173913044,0.34160048
0.9130434782608696,0.40868512
0.0,0.4631171
0.0,0.41965264
0.0,0.43009636
0.0,0.40905306
0.0,0.41466153
0.0,0.42889595
0.0,0.3639699
0.0,0.3996044
0.0,0.45191783
0.0,0.38043535
0.6734693877551017,0.38263324
0.6224489795918373,0.4228255
0.5459183673469372,0.46390903
0.5051020408163307,0.38690802
0.3520408163265305,0.41157687
0.270408163265305,0.4400668
0.2295918367346932,0.44344717
0.2091836734693899,0.39788082
0.1887755102040813,0.38330933
0.1530612244897948,0.42447868
0.5102040816326578,0.4713409
0.5510204081632608,0.45079547
0.656565656565661,0.5006181
0.708737864077662,0.43626755
0.7523809523809462,0.44767022
0.7714285714285722,0.46889135
0.7714285714285722,0.42824215
0.8190476190476161,0.3630268
0.8285714285714292,0.36296713
0.8095238095238102,0.44159266
0.5072463768115945,0.41818094
0.5507246376811594,0.41776478
0.5797101449275361,0.4546991
0.72463768115942,0.41114405
0.8260869565217392,0.33100945
0.855072463768116,0.38838464
0.8695652173913042,0.38368276
0.8695652173913042,0.34418845
0.9130434782608696,0.34212482
0.927536231884058,0.40794215
0.0,0.46254778
0.0,0.41921192
0.0,0.4326138
0.0,0.41234764
0.0,0.41637626
0.0,0.4274415
0.0,0.3668907
0.0,0.40249532
0.0,0.4480091
0.0,0.38018748
0.6224489795918355,0.38179797
0.545918367346939,0.4192635
0.5051020408163254,0.46400702
0.352040816326534,0.389336
0.2704081632653068,0.4114887
0.2295918367346949,0.4397079
0.2091836734693863,0.44472942
0.1887755102040849,0.3947129
0.1530612244897948,0.38468626
0.1275510204081644,0.419551
0.5510204081632679,0.47218567
0.6632653061224545,0.45178333
0.7373737373737299,0.50413144
0.7669902912621325,0.44114217
0.7714285714285722,0.4501199
0.7714285714285722,0.46933565
0.8190476190476232,0.42941523
0.8285714285714292,0.36515382
0.8095238095238031,0.3616088
0.7619047619047592,0.4403731
0.5507246376811596,0.41581532
0.5797101449275364,0.41701567
0.7246376811594204,0.45683894
0.8260869565217392,0.41036716
0.8550724637681162,0.3333423
0.8695652173913042,0.3892444
0.8695652173913042,0.38262653
0.9130434782608696,0.3474015
0.927536231884058,0.34265268
0.8985507246376812,0.4071916
0.0,0.46556294
0.0,0.419229
0.0,0.4364074
0.0,0.41446042
0.0,0.4201135
0.0,0.4265842
0.0,0.36569798
0.0,0.40536892
0.0,0.4445457
0.0,0.37829795
0.545918367346939,0.38303596
0.5051020408163271,0.41343594
0.3520408163265305,0.4647664
0.2704081632653068,0.39067447
0.2295918367346949,0.41267368
0.2091836734693881,0.44114798
0.1887755102040831,0.44771072
0.1530612244897966,0.3939165
0.1275510204081626,0.38413242
0.1377551020408152,0.4170767
0.6632653061224545,0.47147003
0.7448979591836675,0.4533199
0.7979797979798064,0.50998443
0.786407766990294,0.44509616
0.7714285714285722,0.4508174
0.8190476190476232,0.46856394
0.8285714285714363,0.43068814
0.8095238095238031,0.36721402
0.7619047619047592,0.35894662
0.7428571428571331,0.43990684
0.5797101449275364,0.4166854
0.7246376811594202,0.4178197
0.8260869565217388,0.4596056
0.8550724637681157,0.4101596
0.8695652173913044,0.33425063
0.8695652173913042,0.3903451
0.9130434782608692,0.38136616
0.927536231884058,0.3487979
0.8985507246376814,0.342097
0.9565217391304348,0.40469676
0.0,0.46793196
0.0,0.41838992
0.0,0.43742725
0.0,0.4160709
0.0,0.42403665
0.0,0.4258484
0.0,0.3629849
0.0,0.40763485
0.0,0.4407012
0.0,0.37631014
0.5051020408163254,0.3866682
0.3520408163265323,0.40977478
0.270408163265305,0.4670493
0.2295918367346949,0.39231002
0.2091836734693863,0.41169843
0.1887755102040813,0.44132638
0.1530612244897931,0.45145702
0.1275510204081644,0.39391896
0.1377551020408152,0.38173223
0.0918367346938762,0.41723174
0.7448979591836817,0.47132835
0.8061224489795933,0.45509622
0.8181818181818272,0.51428366
0.786407766990294,0.44998464
0.8190476190476161,0.4512168
0.8285714285714221,0.46941176
0.8095238095238102,0.4317625
0.7619047619047521,0.3689873
0.7428571428571402,0.35647425
0.7238095238095283,0.439517
0.7246376811594204,0.41685742
0.826086956521739,0.41990823
0.8550724637681157,0.46241242
0.8695652173913042,0.4114159
0.8695652173913044,0.3346602
0.9130434782608696,0.3914428
0.927536231884058,0.38117042
0.8985507246376812,0.34990156
0.9565217391304348,0.3388299
0.9855072463768118,0.40373474
0.0,0.4714037
0.0,0.4169765
0.0,0.4387554
0.0,0.41664383
0.0,0.42600834
0.0,0.425349
0.0,0.35972917
0.0,0.40887406
0.0,0.4397785
0.0,0.37519222
0.3520408163265305,0.38853556
0.270408163265305,0.40740204
0.2295918367346932,0.46947694
0.2091836734693899,0.39313325
0.1887755102040813,0.4117209
0.1530612244897948,0.44271645
0.1275510204081609,0.45623195
0.1377551020408205,0.3937741
0.0918367346938762,0.3812939
0.0510204081632661,0.41946977
0.8061224489795933,0.4709473
0.8265306122449019,0.45716712
0.8181818181818272,0.516921
0.8349514563106766,0.45326883
0.8285714285714292,0.4515428
0.8095238095238102,0.47121036
0.7619047619047592,0.43215314
0.7428571428571402,0.36984643
0.7238095238095212,0.35469225
0.7523809523809462,0.43868536
0.8260869565217392,0.4172121
0.855072463768116,0.42164928
0.8695652173913042,0.46389934
0.8695652173913042,0.4128055
0.9130434782608696,0.3342942
0.927536231884058,0.3921959
0.8985507246376812,0.38023213
0.956521739130435,0.3505298
0.9855072463768118,0.3356809
1.0,0.4042853
0.0,0.4739171
0.0,0.41551164
0.0,0.4401399
0.0,0.416946
0.0,0.42637753
0.0,0.42447746
0.0,0.35757038
0.0,0.40826586
0.0,0.44096065
0.0,0.37469727
0.2704081632653068,0.3887954
0.2295918367346949,0.4069555
0.2091836734693863,0.4712654
0.1887755102040849,0.39321926
0.1530612244897948,0.41224608
0.1275510204081644,0.444474
0.1377551020408169,0.46069703
0.0918367346938797,0.393062
0.0510204081632661,0.38209683
0.0408163265306118,0.42097178
0.8265306122449019,0.46941787
0.8265306122449019,0.4597497
0.8686868686868792,0.5218561
0.8446601941747645,0.45582202
0.8095238095238031,0.45198023
0.7619047619047592,0.47162974
0.7428571428571331,0.43208042
0.7238095238095283,0.3698559
0.7523809523809462,0.35385045
0.7999999999999972,0.43801397
0.8550724637681162,0.41768157
0.8695652173913042,0.42559373
0.8695652173913042,0.46738788
0.9130434782608696,0.41325137
0.927536231884058,0.33389983
0.8985507246376812,0.39274237
0.9565217391304346,0.3807146
0.985507246376812,0.35023397
1.0,0.3336595
1.0,0.40286133
0.0,0.47438347
0.0,0.41412514
0.0,0.44044372
0.0,0.41629174
0.0,0.42717147
0.0,0.42294586
0.0,0.35373837
0.0,0.40732315
0.0,0.44151467
0.0,0.37418768
0.2295918367346949,0.39061752
0.2091836734693881,0.40668532
0.1887755102040831,0.4741041
0.1530612244897966,0.39260843
0.1275510204081626,0.41174757
0.1377551020408152,0.44618452
0.0918367346938762,0.46250695
0.0510204081632661,0.39375976
0.0408163265306118,0.3798104
0.0459183673469389,0.4239922
0.8265306122449019,0.46834645
0.8775510204081698,0.46165526
0.8787878787878896,0.52551347
0.8252427184466029,0.45724258
0.7619047619047592,0.45259872
0.7428571428571331,0.47304925
0.7238095238095212,0.43214247
0.7523809523809533,0.36902425
0.7999999999999972,0.35351706
0.8571428571428541,0.4380332
0.8695652173913044,0.41822842
0.8695652173913042,0.42893592
0.9130434782608692,0.4704825
0.927536231884058,0.41447583
0.8985507246376814,0.33254805
0.9565217391304348,0.39239815
0.9855072463768116,0.38242975
1.0,0.34902877
1.0,0.33168763
0.8840579710144927,0.40205047
0.0,0.47664666
0.0,0.41408145
0.0,0.44070113
0.0,0.41453093
0.0,0.4286973
0.0,0.42326295
0.0,0.34985256
0.0,0.40645522
0.0,0.44273263
0.0,0.37278482
0.2091836734693863,0.3918523
0.1887755102040813,0.40694776
0.1530612244897931,0.47577676
0.1275510204081644,0.39134234
0.1377551020408152,0.41168696
0.0918367346938762,0.4485557
0.0510204081632643,0.4641409
0.0408163265306136,0.39586815
0.0459183673469389,0.37837806
0.1734693877551034,0.42769092
0.8775510204081698,0.46797884
0.8877551020408205,0.46356112
0.8585858585858546,0.5273698
0.7766990291262061,0.45808157
0.7428571428571402,0.4540646
0.7238095238095283,0.47547257
0.7523809523809462,0.4316794
0.8000000000000043,0.3682086
0.8571428571428541,0.35340127
0.885714285714279,0.43827838
0.8695652173913044,0.41815123
0.9130434782608696,0.43107265
0.927536231884058,0.47240767
0.8985507246376812,0.4153846
0.9565217391304348,0.33103472
0.9855072463768118,0.39154306
1.0,0.38418517
1.0,0.34720874
0.8840579710144929,0.32930902
0.5217391304347825,0.40229908
0.0,0.47948217
0.0,0.4138522
0.0,0.44125542
0.0,0.41297743
0.0,0.4293644
0.0,0.423058
0.0,0.347521
0.0,0.40510818
0.0,0.44489917
0.0,0.3712319
0.1887755102040813,0.39146838
0.1530612244897948,0.40850076
0.1275510204081609,0.47563633
0.1377551020408205,0.38938582
0.0918367346938762,0.412095
0.0510204081632661,0.45122567
0.0408163265306118,0.46547493
0.0459183673469425,0.39703813
0.1734693877551016,0.37859264
0.4642857142857135,0.4300767
0.8877551020408276,0.4680028
0.8673469387755119,0.46463123
0.8080808080808168,0.5283125
0.7572815533980446,0.4588369
0.7238095238095212,0.4556114
0.7523809523809462,0.47753835
0.7999999999999972,0.43122882
0.8571428571428541,0.36718547
0.885714285714279,0.35352394
0.847619047619041,0.43854666
0.9130434782608696,0.41772446
0.927536231884058,0.43244442
0.8985507246376812,0.47361344
0.956521739130435,0.4158983
0.9855072463768118,0.33013862
1.0,0.3908447
1.0,0.3861244
0.8840579710144927,0.34565303
0.5217391304347827,0.32729295
0.4202898550724638,0.40291107
0.0,0.4807858
0.0,0.41374847
0.0,0.44179186
0.0,0.41180003
0.0,0.429006
0.0,0.42231864
0.0,0.34616736
0.0,0.40435362
0.0,0.44724572
0.0,0.37039658
0.1530612244897948,0.39063412
0.1275510204081644,0.41006434
0.1377551020408169,0.47511345
0.0918367346938797,0.3874027
0.0510204081632661,0.41248074
0.0408163265306118,0.4530513
0.0459183673469407,0.46549842
0.1734693877551052,0.39715624
0.4642857142857135,0.37867764
0.5816326530612255,0.4316578
0.8673469387755119,0.46910292
0.8163265306122511,0.46524572
0.7878787878787818,0.52787936
0.7378640776699115,0.45937482
0.7523809523809462,0.4569672
0.7999999999999972,0.4797151
0.8571428571428612,0.43000928
0.885714285714279,0.36575347
0.8476190476190482,0.3537889
0.8190476190476232,0.4380583
0.927536231884058,0.41671017
0.8985507246376812,0.4325528
0.9565217391304346,0.47350872
0.985507246376812,0.4161845
1.0,0.32969272
1.0,0.38969523
0.8840579710144927,0.38725087
0.5217391304347827,0.3451474
0.4202898550724638,0.3268252
0.3478260869565219,0.40493298
0.0,0.482156
0.0,0.4140345
0.0,0.44299752
0.0,0.41162446
0.0,0.4283495
0.0,0.421973
0.0,0.3461818
0.0,0.4029858
0.0,0.4502496
0.0,0.369945
0.1275510204081626,0.38843435
0.1377551020408152,0.4119465
0.0918367346938762,0.47343522
0.0510204081632661,0.38517076
0.0408163265306118,0.41362298
0.0459183673469389,0.45475507
0.1734693877551016,0.46557865
0.4642857142857171,0.3964052
0.5816326530612255,0.37957153
0.6632653061224492,0.43161425
0.8163265306122511,0.47036165
0.7959183673469354,0.46487343
0.7676767676767753,0.52622664
0.7669902912621325,0.45796332
0.7999999999999972,0.45793056
0.8571428571428541,0.4800143
0.8857142857142861,0.4284383
0.847619047619041,0.36378732
0.8190476190476161,0.3545679
0.7999999999999972,0.4366014
0.8985507246376814,0.41698837
0.9565217391304348,0.43281004
0.9855072463768116,0.47095677
1.0,0.41701773
1.0,0.3295954
0.8840579710144927,0.38889414
0.5217391304347827,0.38643503
0.4202898550724634,0.34401876
0.3478260869565219,0.32796276
0.2753623188405796,0.40839523
0.0,0.48377112
0.0,0.41526732
0.0,0.44387835
0.0,0.4123989
0.0,0.42802858
0.0,0.42323637
0.0,0.34686688
0.0,0.40168807
0.0,0.45322922
0.0,0.36850956
0.1377551020408152,0.3851778
0.0918367346938762,0.4153992
0.0510204081632643,0.47128797
0.0408163265306136,0.38386846
0.0459183673469389,0.41413414
0.1734693877551034,0.4549808
0.4642857142857135,0.46545044
0.5816326530612255,0.39524242
0.6632653061224492,0.3806225
0.7704081632653068,0.43112138
0.7959183673469425,0.47027478
0.7755102040816411,0.46272093
0.7979797979798064,0.52578396
0.8155339805825292,0.4564742
0.8571428571428541,0.45643207
0.885714285714279,0.47799757
0.8476190476190482,0.42786044
0.8190476190476161,0.36269808
0.7999999999999972,0.35523424
0.7619047619047592,0.43727562
0.9565217391304348,0.41802686
0.9855072463768118,0.43350178
1.0,0.46935523
1.0,0.4183263
0.8840579710144929,0.3291841
0.5217391304347825,0.38930136
0.4202898550724634,0.38716403
0.3478260869565215,0.34251443
0.2753623188405796,0.32926092
0.1884057971014492,0.41003162
0.0,0.48276794
0.0,0.4169364
0.0,0.44280192
0.0,0.41242146
0.0,0.4289029
0.0,0.42493227
0.0,0.34553835
0.0,0.40248266
0.0,0.4542773
0.0,0.36618364
0.0918367346938762,0.38550487
0.0510204081632661,0.41707522
0.0408163265306118,0.4714683
0.0459183673469425,0.38415104
0.1734693877551016,0.41279045
0.4642857142857135,0.4525096
0.5816326530612255,0.4649147
0.6632653061224492,0.39764264
0.770408163265305,0.37884665
0.8265306122448983,0.43470636
0.7755102040816411,0.46950546
0.8061224489795933,0.46164748
0.8484848484848442,0.52485734
0.8737864077669855,0.45428997
0.885714285714279,0.45426062
0.847619047619041,0.47802716
0.8190476190476232,0.42980424
0.8000000000000043,0.3625203
0.7619047619047592,0.3542531
0.7047619047619023,0.43809476
0.9855072463768118,0.419853
1.0,0.43226758
1.0,0.46843863
0.8840579710144927,0.41971892
0.5217391304347827,0.32783487
0.4202898550724638,0.38932678
0.3478260869565215,0.38733575
0.2753623188405796,0.3415093
0.1884057971014492,0.3298929
0.0434782608695654,0.4108201
0.0,0.48306647
0.0,0.41851115
0.0,0.44157287
0.0,0.4133635
0.0,0.4306066
0.0,0.42700306
0.0,0.3464051
0.0,0.40310788
0.0,0.4530201
0.0,0.36458814
0.0510204081632661,0.38643605
0.0408163265306118,0.4175555
0.0459183673469407,0.47371823
0.1734693877551052,0.38664395
0.4642857142857135,0.41018695
0.5816326530612255,0.44980252
0.6632653061224474,0.46582758
0.7704081632653068,0.39977232
0.8265306122448965,0.37788898
0.9132653061224508,0.438248
0.8061224489795933,0.4685926
0.8571428571428541,0.46103868
0.9090909090909064,0.52258754
0.9029126213592208,0.45081407
0.8476190476190482,0.45052302
0.8190476190476232,0.47792372
0.7999999999999972,0.42990696
0.7619047619047521,0.3627842
0.7047619047618952,0.35480678
0.6476190476190382,0.43828997
1.0,0.4242425
1.0,0.4312113
0.8840579710144927,0.46736884
0.5217391304347827,0.42108223
0.4202898550724638,0.32668066
0.3478260869565219,0.38928673
0.2753623188405796,0.38580608
0.1884057971014492,0.34077883
0.0434782608695649,0.331691
0.0289855072463764,0.4127676
0.0,0.4820236
0.0,0.41892448
0.0,0.4384121
0.0,0.41586062
0.0,0.4314728
0.0,0.43060488
0.0,0.35108712
0.0,0.40266487
0.0,0.449682
0.0,0.36543155
0.0408163265306118,0.3865491
0.0459183673469389,0.42160466
0.1734693877551016,0.47547805
0.4642857142857171,0.39044607
0.5816326530612255,0.40618578
0.6632653061224492,0.4458741
0.770408163265305,0.4670752
0.8265306122448983,0.3999868
0.9132653061224492,0.3776291
0.9489795918367356,0.4406139
0.8571428571428683,0.46732533
0.91836734693878,0.45999828
0.9393939393939376,0.5202284
0.8640776699029118,0.44800735
0.8190476190476161,0.44928128
0.7999999999999972,0.47660562
0.7619047619047592,0.42907387
0.7047619047619023,0.36329943
0.6476190476190453,0.35720086
0.5619047619047564,0.4388377
1.0,0.42690673
0.8840579710144927,0.43158555
0.5217391304347827,0.46677545
0.4202898550724634,0.42054397
0.3478260869565219,0.32774383
0.2753623188405796,0.39026666
0.1884057971014492,0.387429
0.0434782608695645,0.33865613
0.0289855072463769,0.33177546
-0.0724637681159423,0.41437835
0.0,0.48101342
0.0,0.42019242
0.0,0.4357979
0.0,0.41568768
0.0,0.4310897
0.0,0.43223953
0.0,0.35591376
0.0,0.40313506
0.0,0.44888055
0.0,0.36708102
0.0459183673469389,0.3851181
0.1734693877551034,0.42645884
0.4642857142857135,0.47415847
0.5816326530612255,0.39145544
0.6632653061224492,0.40322736
0.7704081632653068,0.44266558
0.8265306122448965,0.4633791
0.9132653061224508,0.40107167
0.948979591836734,0.37530488
0.9948979591836746,0.44381076
0.91836734693878,0.46712136
0.948979591836732,0.45698562
0.8989898989898961,0.5187677
0.8349514563106766,0.44548884
0.7999999999999972,0.4515097
0.7619047619047592,0.47565186
0.7047619047619094,0.42646617
0.6476190476190453,0.36125714
0.5619047619047564,0.35906008
0.5142857142857125,0.43788022
0.8840579710144929,0.42603517
0.5217391304347825,0.4281084
0.4202898550724634,0.46480536
0.3478260869565215,0.41945964
0.2753623188405796,0.32918945
0.1884057971014492,0.38988551
0.0434782608695645,0.3902967
0.0289855072463769,0.33799338
-0.0724637681159419,0.3329729
0.1159420289855073,0.41730505
0.0,0.48116213
0.0,0.42096972
0.0,0.4332113
0.0,0.41500255
0.0,0.4287583
0.0,0.43306005
0.0,0.35968053
0.0,0.40180755
0.0,0.4519545
0.0,0.36820906
0.1734693877551016,0.3804239
0.4642857142857135,0.42984483
0.5816326530612255,0.46873525
0.6632653061224492,0.386961
0.770408163265305,0.40338784
0.8265306122448983,0.44108054
0.9132653061224474,0.4580968
0.9489795918367356,0.4026132
0.9948979591836729,0.37349766
0.8979591836734695,0.44431186
0.9489795918367392,0.4673882
0.908163265306122,0.45359892
0.8686868686868792,0.518129
0.8155339805825292,0.43989313
0.7619047619047592,0.45480832
0.7047619047619023,0.47309706
0.6476190476190382,0.4236287
0.5619047619047564,0.3575803
0.5142857142857125,0.36069354
0.5333333333333385,0.43801022
0.5217391304347827,0.4226065
0.4202898550724638,0.42518508
0.3478260869565215,0.4625221
0.2753623188405796,0.41807353
0.1884057971014492,0.3291148
0.0434782608695654,0.38879842
0.0289855072463764,0.39072883
-0.0724637681159423,0.33508638
0.1159420289855073,0.33415267
0.1594202898550727,0.41803598
0.0,0.48083553
0.0,0.42190218
0.0,0.4299139
0.0,0.41489893
0.0,0.42651048
0.0,0.43119562
0.0,0.3620484
0.0,0.39986315
0.0,0.456581
0.0,0.36940882
0.4642857142857135,0.37705535
0.5816326530612255,0.43163323
0.6632653061224474,0.46598482
0.7704081632653068,0.3827876
0.8265306122448965,0.40508577
0.9132653061224508,0.43979225
0.948979591836734,0.45340624
0.9948979591836746,0.4042806
0.8979591836734677,0.3712437
0.7295918367346932,0.44332662
0.9081632653061292,0.47018158
0.8775510204081698,0.45117742
0.8484848484848442,0.51476854
0.7766990291262061,0.43458796
0.7047619047618952,0.45605308
0.6476190476190382,0.47090358
0.5619047619047564,0.4214263
0.5142857142857125,0.3548986
0.5333333333333385,0.36070505
0.5619047619047564,0.43875146
0.4202898550724638,0.4221592
0.3478260869565219,0.4226672
0.2753623188405796,0.46001995
0.1884057971014492,0.4179056
0.0434782608695649,0.32874072
0.0289855072463764,0.3889184
-0.0724637681159419,0.39137495
0.1159420289855068,0.33274335
0.1594202898550727,0.33351988
0.1304347826086958,0.41754043
0.0,0.4759749
0.0,0.42327577
0.0,0.42602438
0.0,0.4148381
0.0,0.42182538
0.0,0.42983228
0.0,0.36684075
0.0,0.39618266
0.0,0.46053162
0.0,0.3737352
0.5816326530612255,0.37353545
0.6632653061224492,0.43373132
0.770408163265305,0.46417144
0.8265306122448983,0.37970027
0.9132653061224492,0.4053786
0.9489795918367356,0.43797237
0.9948979591836729,0.45095432
0.8979591836734695,0.40262893
0.7295918367346932,0.37150288
0.7653061224489797,0.44192863
0.8775510204081698,0.47221398
0.8571428571428541,0.44988745
0.8080808080808168,0.51015425
0.7184466019417499,0.42991042
0.6476190476190453,0.45470968
0.5619047619047564,0.4705197
0.5142857142857125,0.4206689
0.5333333333333314,0.35398364
0.5619047619047564,0.36086154
0.5999999999999943,0.43985555
0.3478260869565219,0.4220571
0.2753623188405796,0.41982946
0.1884057971014492,0.456556
0.0434782608695645,0.4175887
0.0289855072463769,0.32806084
-0.0724637681159423,0.38941842
0.1159420289855073,0.38995162
0.1594202898550722,0.33207795
0.1304347826086958,0.33330595
0.2608695652173911,0.4162084
0.0,0.47039023
0.0,0.42534938
0.0,0.42275915
0.0,0.4133828
0.0,0.41688707
0.0,0.42859033
0.0,0.37057626
0.0,0.39221624
0.0,0.4627079
0.0,0.37807423
0.6632653061224492,0.371364
0.7704081632653068,0.4351137
0.8265306122448965,0.46254423
0.9132653061224508,0.3785615
0.948979591836734,0.40563625
0.9948979591836746,0.4356806
0.8979591836734677,0.44964758
0.729591836734695,0.40093476
0.7653061224489797,0.37438926
0.6275510204081627,0.43894643
0.8571428571428683,0.4712344
0.8163265306122511,0.44817075
0.7474747474747545,0.5085541
0.6601941747572795,0.42347234
0.5619047619047564,0.45236433
0.5142857142857125,0.4695265
0.5333333333333314,0.4215063
0.5619047619047564,0.35579526
0.5999999999999943,0.3592896
0.6380952380952323,0.43968278
0.2753623188405796,0.42424512
0.1884057971014492,0.41570845
0.0434782608695645,0.45180538
0.0289855072463769,0.41694757
-0.0724637681159419,0.3277604
0.1159420289855073,0.3934634
0.1594202898550722,0.38706818
0.1304347826086953,0.33241004
0.2608695652173916,0.33353543
0.4347826086956523,0.41333517
0.0,0.46093196
0.0,0.42509145
0.0,0.4201516
0.0,0.41363457
0.0,0.41246468
0.0,0.42460418
0.0,0.37440643
0.0,0.39067757
0.0,0.46177015
0.0,0.38239196
0.770408163265305,0.3706536
0.8265306122448983,0.43455482
0.9132653061224474,0.4634531
0.9489795918367356,0.3818638
0.9948979591836729,0.40503624
0.8979591836734695,0.43142942
0.7295918367346932,0.44665742
0.7653061224489797,0.3975627
0.6275510204081627,0.37549588
0.5051020408163271,0.43087855
0.8163265306122511,0.47323477
0.7551020408163254,0.44606328
0.686868686868678,0.5047966
0.572815533980588,0.419209
0.5142857142857125,0.45093024
0.5333333333333385,0.46914575
0.5619047619047564,0.4195566
0.5999999999999943,0.3544094
0.6380952380952394,0.3591085
0.7238095238095283,0.4388268
0.1884057971014492,0.42498446
0.0434782608695654,0.41196364
0.0289855072463764,0.44944525
-0.0724637681159423,0.41624552
0.1159420289855073,0.32702473
0.1594202898550727,0.3944985
0.1304347826086958,0.38497815
0.2608695652173911,0.3347928
0.4347826086956523,0.33462912
0.5652173913043477,0.413009
0.0,0.4545873
0.0,0.42389035
0.0,0.41837382
0.0,0.415144
0.0,0.40868774
0.0,0.4231106
0.0,0.37886202
0.0,0.39051262
0.0,0.46073624
0.0,0.38535663
0.8265306122448965,0.3699914
0.9132653061224508,0.43522018
0.948979591836734,0.46294892
0.9948979591836746,0.3823687
0.8979591836734677,0.40550804
0.7295918367346932,0.42942736
0.7653061224489797,0.4473738
0.6275510204081645,0.3943241
0.5051020408163254,0.37881514
0.4387755102040831,0.42178458
0.7551020408163254,0.47309753
0.6938775510204067,0.44448638
0.5959595959595987,0.5043171
0.5242718446601913,0.4153161
0.5333333333333385,0.45195237
0.5619047619047564,0.46853906
0.5999999999999943,0.42068097
0.6380952380952394,0.35129577
0.7238095238095212,0.36027205
0.7809523809523782,0.43846932
0.0434782608695649,0.4240021
0.0289855072463764,0.40937042
-0.0724637681159419,0.4481088
0.1159420289855068,0.41360304
0.1594202898550727,0.32618
0.1304347826086958,0.39610723
0.2608695652173911,0.38487154
0.4347826086956519,0.33554164
0.5652173913043479,0.33634102
0.6231884057971016,0.4111554
0.0,0.44891647
0.0,0.42479533
0.0,0.41667438
0.0,0.41330713
0.0,0.4072916
0.0,0.42119813
0.0,0.38158768
0.0,0.39248738
0.0,0.460346
0.0,0.3873492
0.9132653061224492,0.3697907
0.9489795918367356,0.43403625
0.9948979591836729,0.46228227
0.8979591836734695,0.3820795
0.7295918367346932,0.40722185
0.7653061224489797,0.42814922
0.6275510204081609,0.44190082
0.5051020408163307,0.39345527
0.4387755102040813,0.37788406
0.408163265306122,0.4145617
0.6938775510204138,0.47405443
0.6020408163265287,0.44469386
0.5454545454545467,0.5034664
0.5436893203883528,0.41307425
0.5619047619047564,0.45248532
0.5999999999999943,0.46995708
0.6380952380952465,0.42300564
0.7238095238095283,0.35101783
0.7809523809523853,0.3619122
0.8285714285714221,0.4377483
0.0289855072463769,0.42146814
-0.0724637681159423,0.40669012
0.1159420289855073,0.449427
0.1594202898550722,0.41280752
0.1304347826086958,0.32452738
0.2608695652173911,0.39613423
0.4347826086956519,0.388548
0.5652173913043481,0.33629924
0.6231884057971016,0.33813107
0.681159420289855,0.40906325
0.0,0.44527957
0.0,0.42426145
0.0,0.41781005
0.0,0.41227967
0.0,0.40586486
0.0,0.42099783
0.0,0.38326418
0.0,0.39332023
0.0,0.45754972
0.0,0.38789588
0.948979591836734,0.36841768
0.9948979591836746,0.43191367
0.8979591836734677,0.4613083
0.729591836734695,0.38357592
0.7653061224489797,0.40804565
0.6275510204081627,0.43012995
0.5051020408163254,0.43543905
0.4387755102040849,0.39176384
0.408163265306122,0.37864298
0.3928571428571423,0.41023788
0.6020408163265358,0.47213852
0.5510204081632608,0.4469147
0.5656565656565675,0.5027601
0.572815533980588,0.41103095
0.5999999999999943,0.45229274
0.6380952380952323,0.47042885
0.7238095238095212,0.4248206
0.7809523809523782,0.35396066
0.8285714285714292,0.36187875
0.885714285714279,0.4373387
-0.0724637681159419,0.41904676
0.1159420289855073,0.40309736
0.1594202898550722,0.45094916
0.1304347826086953,0.41093302
0.2608695652173916,0.32301244
0.4347826086956523,0.39645928
0.5652173913043477,0.38818645
0.6231884057971016,0.33699316
0.6811594202898552,0.34058625
0.7681159420289856,0.4063728
0.0,0.4477132
0.0,0.42352518
0.0,0.42164704
0.0,0.4140933
0.0,0.4067172
0.0,0.41994926
0.0,0.38480175
0.0,0.39453757
0.0,0.45610422
0.0,0.38811702
0.9948979591836729,0.36654672
0.8979591836734695,0.43180788
0.7295918367346932,0.46214744
0.7653061224489797,0.38539395
0.6275510204081627,0.41087008
0.5051020408163271,0.43331513
0.4387755102040795,0.43237996
0.4081632653061255,0.3902225
0.3928571428571423,0.38080147
0.362244897959183,0.4049826
0.5510204081632679,0.47208416
0.5714285714285765,0.44768444
0.5959595959595987,0.501299
0.6116504854368827,0.41070008
0.6380952380952394,0.45233905
0.7238095238095283,0.46943134
0.7809523809523853,0.4229694
0.8285714285714292,0.35787728
0.885714285714279,0.3627923
0.885714285714279,0.4361896
0.1159420289855073,0.41813788
0.1594202898550727,0.4002075
0.1304347826086958,0.45194644
0.2608695652173911,0.40955374
0.4347826086956523,0.32381058
0.5652173913043477,0.39892375
0.6231884057971011,0.3909207
0.681159420289855,0.33756593
0.7681159420289858,0.3438461
0.7681159420289856,0.40371165
0.0,0.44649488
0.0,0.42225003
0.0,0.42459872
0.0,0.4159255
0.0,0.40711156
0.0,0.41938764
0.0,0.38894922
0.0,0.39722142
0.0,0.45368654
0.0,0.38877591
0.8979591836734677,0.36406934
0.7295918367346932,0.4316461
0.7653061224489797,0.46314636
0.6275510204081645,0.38696197
0.5051020408163254,0.41115505
0.4387755102040831,0.4354838
0.408163265306122,0.42802194
0.3928571428571441,0.38872674
0.362244897959183,0.3825121
0.3520408163265323,0.40048164
0.5714285714285836,0.47408217
0.6020408163265287,0.44855854
0.636363636363626,0.49950564
0.6504854368932058,0.41504365
0.7238095238095212,0.45542756
0.7809523809523782,0.47094524
0.8285714285714363,0.42235464
0.885714285714279,0.3610598
0.885714285714279,0.36432332
0.8571428571428541,0.43618616
0.1594202898550727,0.41458458
0.1304347826086958,0.39816743
0.2608695652173911,0.45247462
0.4347826086956519,0.40834716
0.5652173913043479,0.32585528
0.6231884057971016,0.3994308
0.681159420289855,0.3916873
0.7681159420289854,0.33891752
0.7681159420289858,0.34683186
0.7536231884057971,0.4037845
0.0,0.44915873
0.0,0.42128667
0.0,0.42942205
0.0,0.41634306
0.0,0.40809995
0.0,0.42110348
0.0,0.38878158
0.0,0.39975387
0.0,0.45239472
0.0,0.38590237
0.7295918367346932,0.36298698
0.7653061224489797,0.4291807
0.6275510204081609,0.46182942
0.5051020408163307,0.3878119
0.4387755102040813,0.41305748
0.408163265306122,0.43877095
0.3928571428571423,0.42649472
0.3622448979591866,0.38926056
0.3520408163265305,0.38461939
0.3367346938775508,0.39913696
0.6020408163265358,0.47377408
0.6428571428571388,0.45000842
0.6767676767676818,0.50319755
0.7378640776699115,0.4196406
0.7809523809523853,0.45550883
0.8285714285714221,0.46971136
0.8857142857142861,0.42446783
0.885714285714279,0.36265936
0.8571428571428541,0.3633049
0.7523809523809462,0.4360549
0.1304347826086958,0.4137035
0.2608695652173911,0.39869013
0.4347826086956519,0.4548505
0.5652173913043481,0.40644002
0.6231884057971016,0.3275879
0.681159420289855,0.39768022
0.7681159420289849,0.3897309
0.7681159420289854,0.34082106
0.7536231884057971,0.35013825
0.826086956521739,0.40197966
0.0,0.45109043
0.0,0.42109245
0.0,0.4328668
0.0,0.4180652
0.0,0.41063747
0.0,0.4211966
0.0,0.38582304
0.0,0.40107912
0.0,0.44754642
0.0,0.38371196
0.7653061224489797,0.36599982
0.6275510204081627,0.42479452
0.5051020408163254,0.4629876
0.4387755102040849,0.38910937
0.408163265306122,0.41330177
0.3928571428571423,0.44148076
0.362244897959183,0.42698643
0.352040816326534,0.38891065
0.3367346938775508,0.38294747
0.2908163265306118,0.39962026
0.6428571428571388,0.47412753
0.683673469387756,0.45045164
0.7676767676767753,0.5045166
0.7961165048543677,0.42644346
0.8285714285714292,0.45542958
0.885714285714279,0.46948284
0.8857142857142861,0.42657968
0.8571428571428541,0.36382923
0.7523809523809462,0.3627705
0.6952380952380892,0.43627444
0.2608695652173916,0.41429567
0.4347826086956523,0.40114418
0.5652173913043477,0.45566392
0.6231884057971016,0.40624988
0.6811594202898552,0.3308097
0.7681159420289856,0.39611217
0.7681159420289849,0.38772398
0.7536231884057969,0.34292176
0.8260869565217392,0.35091913
0.8840579710144927,0.40239376
0.0,0.45318773
0.0,0.420552
0.0,0.43378907
0.0,0.4184723
0.0,0.41355535
0.0,0.42248842
0.0,0.38130808
0.0,0.4025965
0.0,0.4437599
0.0,0.381881
0.6275510204081627,0.3701776
0.5051020408163271,0.4194504
0.4387755102040795,0.46466345
0.4081632653061255,0.3910032
0.3928571428571423,0.41242722
0.362244897959183,0.44136596
0.3520408163265305,0.43130156
0.3367346938775526,0.38983437
0.2908163265306118,0.38230735
0.2653061224489796,0.40289643
0.6836734693877702,0.47597784
0.7755102040816411,0.4510092
0.8282828282828376,0.5040937
0.8446601941747645,0.43247622
0.885714285714279,0.4570811
0.885714285714279,0.47127992
0.8571428571428612,0.42811975
0.7523809523809533,0.36402765
0.6952380952380963,0.3620155
0.7809523809523782,0.43624038
0.4347826086956523,0.4145519
0.5652173913043477,0.4047642
0.6231884057971011,0.4548955
0.681159420289855,0.40678886
0.7681159420289858,0.3333533
0.7681159420289856,0.3950589
0.7536231884057969,0.3836539
0.8260869565217392,0.3442763
0.8840579710144929,0.34937364
0.8695652173913042,0.40487352
0.0,0.45751232
0.0,0.42031473
0.0,0.43454286
0.0,0.41883323
0.0,0.41639256
0.0,0.42345694
0.0,0.37637404
0.0,0.40280566
0.0,0.44213462
0.0,0.37916523
0.5051020408163254,0.37372583
0.4387755102040831,0.41585934
0.408163265306122,0.46546742
0.3928571428571441,0.3925736
0.362244897959183,0.4119604
0.3520408163265323,0.4406587
0.3367346938775508,0.43852836
0.2908163265306172,0.3906819
0.2653061224489796,0.3828253
0.2448979591836728,0.40579078
0.7755102040816411,0.47701356
0.8367346938775526,0.45192087
0.8787878787878896,0.5081019
0.9029126213592208,0.4390668
0.885714285714279,0.4589668
0.8571428571428541,0.4716195
0.7523809523809462,0.42909655
0.6952380952380892,0.36589858
0.7809523809523853,0.36082917
0.847619047619041,0.43553782
0.5652173913043479,0.4146128
0.6231884057971016,0.40887737
0.681159420289855,0.45656538
0.7681159420289854,0.4073711
0.7681159420289858,0.3351747
0.7536231884057971,0.39558065
0.8260869565217388,0.38270885
0.8840579710144927,0.3452474
0.8695652173913044,0.34765887
0.826086956521739,0.40414593
0.0,0.45980647
0.0,0.41883346
0.0,0.4357025
0.0,0.4196422
0.0,0.41880292
0.0,0.42216837
0.0,0.37174633
0.0,0.40329558
0.0,0.43960366
0.0,0.37615198
0.4387755102040813,0.37716687
0.408163265306122,0.41165078
0.3928571428571423,0.46761107
0.3622448979591866,0.39374068
0.3520408163265305,0.41101068
0.3367346938775508,0.44145158
0.2908163265306118,0.4427276
0.2653061224489832,0.39057747
0.244897959183671,0.38193628
0.2806122448979593,0.4086714
0.8367346938775597,0.47527578
0.8877551020408205,0.45487425
0.9393939393939376,0.5144261
0.9029126213592208,0.4447852
0.8571428571428541,0.45947802
0.7523809523809462,0.4720381
0.6952380952380821,0.431169
0.7809523809523782,0.36761102
0.8476190476190482,0.35728893
0.8666666666666671,0.43598217
0.6231884057971016,0.41527277
0.681159420289855,0.4137801
0.7681159420289849,0.46063417
0.7681159420289854,0.4079326
0.7536231884057971,0.33611923
0.826086956521739,0.39565417
0.8840579710144927,0.3814187
0.8695652173913042,0.34627372
0.8260869565217392,0.34355032
0.6666666666666667,0.40170223
0.0,0.46613383
0.0,0.4170973
0.0,0.4384755
0.0,0.41911492
0.0,0.42326432
0.0,0.42012998
0.0,0.36549005
0.0,0.40373823
0.0,0.4402968
0.0,0.37472475
0.408163265306122,0.38038024
0.3928571428571423,0.40805906
0.362244897959183,0.47076124
0.352040816326534,0.39271155
0.3367346938775508,0.41246107
0.2908163265306118,0.44303074
0.2653061224489796,0.44785193
0.2448979591836746,0.39055166
0.2806122448979593,0.37952548
0.3775510204081627,0.41138503
0.8877551020408276,0.47261286
0.948979591836732,0.45805156
0.9393939393939376,0.52143955
0.8737864077669855,0.4483582
0.7523809523809462,0.45908064
0.6952380952380892,0.4721254
0.7809523809523853,0.4314161
0.847619047619041,0.367684
0.8666666666666671,0.35420084
0.9047619047619052,0.4361058
0.6811594202898552,0.41561845
0.7681159420289856,0.41873693
0.7681159420289849,0.46500134
0.7536231884057969,0.40849337
0.8260869565217392,0.33571404
0.8840579710144927,0.3950495
0.8695652173913042,0.37891844
0.8260869565217392,0.34756717
0.6666666666666667,0.33842328
0.3913043478260869,0.39946005
0.0,0.47285876
0.0,0.41582727
0.0,0.43975157
0.0,0.41763955
0.0,0.42694175
0.0,0.41855544
0.0,0.35824472
0.0,0.40393147
0.0,0.44128248
0.0,0.37368125
0.3928571428571423,0.38420337
0.362244897959183,0.40595853
0.3520408163265305,0.4741712
0.3367346938775526,0.39120105
0.2908163265306118,0.4136167
0.2653061224489796,0.44511914
0.2448979591836728,0.4538301
0.2806122448979593,0.391715
0.3775510204081627,0.37717363
0.6020408163265305,0.41452557
0.9489795918367392,0.47278053
0.948979591836732,0.45995617
0.9090909090909064,0.52514493
0.7669902912621325,0.45047963
0.6952380952380963,0.46067807
0.7809523809523782,0.47365513
0.8476190476190482,0.42983845
0.8666666666666671,0.36668408
0.9047619047619052,0.352304
0.9047619047619052,0.43674356
0.7681159420289858,0.41461325
0.7681159420289856,0.42342767
0.7536231884057969,0.46772408
0.8260869565217392,0.40967658
0.8840579710144929,0.33417034
0.8695652173913042,0.39561278
0.8260869565217388,0.37873444
0.6666666666666665,0.346484
0.3913043478260873,0.33446774
0.2753623188405796,0.39898816
0.0,0.47816774
0.0,0.41394016
0.0,0.44053617
0.0,0.4163135
0.0,0.42815003
0.0,0.41728133
0.0,0.3524306
0.0,0.40308225
0.0,0.4451206
0.0,0.3723243
0.362244897959183,0.38429523
0.3520408163265323,0.40716904
0.3367346938775508,0.4761052
0.2908163265306172,0.38859478
0.2653061224489796,0.41519487
0.2448979591836728,0.4481197
0.2806122448979575,0.45829576
0.3775510204081662,0.39299667
0.6020408163265305,0.37672102
0.6989795918367356,0.4180229
0.9489795918367392,0.47433513
0.91836734693878,0.4611091
0.7979797979798064,0.5261761
0.708737864077662,0.45112315
0.7809523809523853,0.4605495
0.847619047619041,0.47542068
0.8666666666666742,0.42834502
0.9047619047619052,0.36457318
0.9047619047619052,0.35169932
0.8666666666666671,0.43702525
0.7681159420289858,0.41465402
0.7536231884057971,0.42535135
0.8260869565217388,0.46842155
0.8840579710144927,0.41113073
0.8695652173913044,0.33203343
0.826086956521739,0.39438486
0.6666666666666665,0.37943834
0.3913043478260865,0.3453428
0.2753623188405796,0.33338574
0.1739130434782607,0.40102148
0.0,0.480159
0.0,0.4143148
0.0,0.44146702
0.0,0.41535914
0.0,0.42798865
0.0,0.41850787
0.0,0.35028026
0.0,0.4006582
0.0,0.44922474
0.0,0.37211713
0.3520408163265305,0.38277575
0.3367346938775508,0.4098037
0.2908163265306118,0.47536814
0.2653061224489832,0.38570982
0.244897959183671,0.4161195
0.2806122448979593,0.45041007
0.3775510204081627,0.4603528
0.6020408163265323,0.39335802
0.6989795918367339,0.37751406
0.7755102040816322,0.42051747
0.91836734693878,0.47580686
0.8061224489795933,0.46032667
0.7373737373737299,0.525517
0.7961165048543677,0.4502219
0.8476190476190482,0.45824698
0.8666666666666671,0.4752016
0.904761904761898,0.42746076
0.9047619047619052,0.3626879
0.8666666666666671,0.35175788
0.847619047619041,0.4370529
0.7536231884057971,0.41766995
0.826086956521739,0.42656213
0.8840579710144927,0.4674614
0.8695652173913042,0.41370094
0.8260869565217392,0.32993847
0.6666666666666667,0.39400566
0.3913043478260869,0.38039672
0.2753623188405796,0.34428826
0.1739130434782612,0.33343625
0.0869565217391303,0.4042485
0.0,0.47842112
0.0,0.41580373
0.0,0.44072232
0.0,0.4156901
0.0,0.4266751
0.0,0.421841
0.0,0.35140944
0.0,0.39910537
0.0,0.45082456
0.0,0.3724259
0.3367346938775508,0.3816558
0.2908163265306118,0.41387808
0.2653061224489796,0.47385904
0.2448979591836746,0.38497826
0.2806122448979593,0.4147177
0.3775510204081627,0.45050037
0.6020408163265287,0.46103498
0.6989795918367374,0.3931768
0.7755102040816322,0.3776005
0.8367346938775526,0.42379677
0.8061224489795933,0.4757473
0.7448979591836675,0.45934582
0.8282828282828376,0.525015
0.8640776699029118,0.4489758
0.8666666666666671,0.45615047
0.9047619047619052,0.4746724
0.904761904761898,0.42768875
0.8666666666666671,0.3613459
0.8476190476190482,0.35243645
0.8095238095238102,0.4377051
0.8260869565217392,0.42079496
0.8840579710144927,0.4278492
0.8695652173913042,0.46676588
0.8260869565217392,0.41543224
0.6666666666666667,0.32879597
0.3913043478260869,0.39344537
0.2753623188405796,0.3811335
0.1739130434782607,0.342307
0.0869565217391308,0.33277854
0.1014492753623188,0.40659815
0.0,0.4770038
0.0,0.41701707
0.0,0.4395248
0.0,0.41517976
0.0,0.42580497
0.0,0.42487848
0.0,0.3519886
0.0,0.3983919
0.0,0.45225233
0.0,0.37151778
0.2908163265306118,0.3818043
0.2653061224489796,0.41753536
0.2448979591836728,0.47413522
0.2806122448979593,0.38530558
0.3775510204081627,0.41227922
0.6020408163265305,0.44862244
0.6989795918367339,0.46123585
0.7755102040816322,0.39506868
0.8367346938775508,0.37622303
0.887755102040817,0.42817175
