Actual,Predicted
0.4457831325301384,0.4446303
0.3975903614457792,0.38177508
0.3253012048192829,0.4398001
0.2530120481927582,0.36416772
0.2409638554216968,0.34643424
0.2409638554216968,0.46696526
0.2771084337349379,0.43395048
0.3132530120481931,0.35917795
0.3855421686747178,0.34973523
0.409638554216869,0.4037216
0.6904761904761907,0.3968453
0.666666666666667,0.5201935
0.666666666666667,0.4400171
0.6904761904761898,0.46110862
0.6904761904761907,0.40749016
0.666666666666667,0.37597165
0.666666666666667,0.37950483
0.6904761904761898,0.36076218
0.6904761904761907,0.40315938
0.6190476190476195,0.3403688
0.0,0.41549525
0.0,0.36260432
0.0,0.38311276
0.0,0.3844441
0.0,0.403157
0.0,0.36877012
0.0,0.3640051
0.0,0.42502335
0.0,0.44165155
0.0,0.39877594
0.4824561403508767,0.42075476
0.4912280701754383,0.37844938
0.4824561403508838,0.4570617
0.4561403508771882,0.43157834
0.4649122807017569,0.4842611
0.4912280701754383,0.38360277
0.4824561403508838,0.4390322
0.4824561403508767,0.4273776
0.5,0.42628717
0.5526315789473699,0.4029572
0.3975903614457792,0.44552615
0.3253012048192829,0.38122037
0.2530120481927724,0.4396102
0.2409638554216826,0.36310753
0.2409638554216968,0.34610575
0.2771084337349521,0.46621972
0.3132530120481931,0.43640244
0.3855421686747036,0.3606667
0.4096385542168548,0.34812877
0.4698795180722754,0.4043719
0.6666666666666665,0.39706415
0.666666666666667,0.519912
0.6904761904761907,0.43803245
0.6904761904761898,0.4618779
0.6666666666666665,0.4057171
0.666666666666667,0.37630984
0.6904761904761907,0.37958533
0.6904761904761898,0.35992417
0.6190476190476191,0.40339118
0.5238095238095242,0.3394357
0.0,0.41618717
0.0,0.3640642
0.0,0.38333502
0.0,0.3821974
0.0,0.40297103
0.0,0.36833382
0.0,0.36463833
0.0,0.4264945
0.0,0.44201508
0.0,0.39771956
0.4912280701754383,0.42155924
0.4824561403508767,0.3794774
0.4561403508771953,0.4575192
0.4649122807017534,0.4299444
0.4912280701754383,0.48558757
0.4824561403508767,0.38557255
0.4824561403508838,0.44015256
0.5,0.42574173
0.5526315789473699,0.42759344
0.622807017543856,0.40295306
0.3253012048192971,0.44627798
0.2530120481927724,0.380654
0.2409638554216826,0.43860063
0.2409638554216826,0.36361447
0.2771084337349379,0.34548876
0.3132530120481931,0.46505898
0.3855421686746894,0.43919206
0.4096385542168548,0.3629627
0.4698795180722754,0.34761983
0.5180722891566347,0.40601644
0.6666666666666665,0.3962571
0.6904761904761907,0.51991475
0.6904761904761907,0.435637
0.6666666666666661,0.46262726
0.6666666666666665,0.40725458
0.6904761904761907,0.37823853
0.6904761904761907,0.3796442
0.6190476190476177,0.359932
0.5238095238095237,0.40297464
0.4285714285714288,0.33874872
0.0,0.41634345
0.0,0.36533275
0.0,0.3825772
0.0,0.38027903
0.0,0.40206003
0.0,0.36812952
0.0,0.36293775
0.0,0.42740828
0.0,0.44187185
0.0,0.39608866
0.4824561403508767,0.4223888
0.4561403508771953,0.37977403
0.4649122807017534,0.45956945
0.4912280701754383,0.4282303
0.4824561403508767,0.4852299
0.4824561403508767,0.38539693
0.5,0.44012636
0.5526315789473628,0.42499807
0.622807017543856,0.4276868
0.7017543859649109,0.4030418
0.2530120481927582,0.44698772
0.2409638554216968,0.37960547
0.2409638554216826,0.43734822
0.2771084337349379,0.36450443
0.3132530120481789,0.3449429
0.3855421686747036,0.46359164
0.4096385542168548,0.4416536
0.4698795180722754,0.363967
0.5180722891566347,0.34763816
0.5180722891566347,0.40720776
0.6904761904761907,0.39619926
0.6904761904761907,0.5204145
0.666666666666667,0.4336973
0.6666666666666661,0.4631326
0.6904761904761907,0.40977368
0.6904761904761907,0.37977082
0.6190476190476195,0.38010287
0.5238095238095228,0.3597247
0.4285714285714284,0.40344507
0.3571428571428572,0.33877134
0.0,0.41691655
0.0,0.3656621
0.0,0.38116068
0.0,0.37922147
0.0,0.3997636
0.0,0.36779633
0.0,0.359889
0.0,0.4275892
0.0,0.44243696
0.0,0.39432907
0.4561403508771953,0.42257667
0.4649122807017534,0.37935174
0.4912280701754383,0.4622706
0.4824561403508767,0.427414
0.4824561403508767,0.48505607
0.5,0.38473636
0.5526315789473699,0.44014385
0.6228070175438596,0.42487043
0.7017543859649109,0.4279774
0.8157894736842124,0.40260348
0.2409638554216968,0.4471015
0.2409638554216968,0.37857428
0.2771084337349379,0.43727526
0.3132530120481931,0.3660305
0.3855421686747178,0.34403822
0.409638554216869,0.46377546
0.4698795180722754,0.44468844
0.5180722891566205,0.36425686
0.5180722891566347,0.34830183
0.5180722891566347,0.40730253
0.6904761904761907,0.39690918
0.666666666666667,0.5212728
0.666666666666667,0.4332233
0.6904761904761898,0.46229634
0.6904761904761907,0.4129372
0.6190476190476195,0.38138047
0.5238095238095246,0.3796835
0.4285714285714279,0.35995513
0.3571428571428572,0.4035265
0.2619047619047618,0.3398576
0.0,0.41736853
0.0,0.36544997
0.0,0.3806099
0.0,0.3782278
0.0,0.39773968
0.0,0.3679517
0.0,0.35700974
0.0,0.4270744
0.0,0.44321647
0.0,0.39361686
0.4649122807017569,0.42347467
0.4912280701754383,0.37682402
0.4824561403508838,0.4655553
0.4824561403508767,0.42789784
0.5,0.4845156
0.5526315789473699,0.3830572
0.6228070175438596,0.43907568
0.7017543859649145,0.42553017
0.8157894736842088,0.42738616
0.8859649122807021,0.40192056
0.2409638554216968,0.44687164
0.2771084337349521,0.37843764
0.3132530120481931,0.43739557
0.3855421686747036,0.3675815
0.4096385542168548,0.3437304
0.4698795180722754,0.4638865
0.5180722891566205,0.4455002
0.5180722891566205,0.36280233
0.5180722891566347,0.35029852
0.4819277108433653,0.40670353
0.6666666666666665,0.39801076
0.666666666666667,0.5220615
0.6904761904761907,0.43353713
0.6904761904761898,0.46148622
0.6190476190476191,0.41592652
0.5238095238095242,0.38283435
0.4285714285714288,0.37965572
0.3571428571428567,0.36102366
0.2619047619047618,0.40306616
0.2380952380952381,0.34075582
0.0,0.41717285
0.0,0.36509162
0.0,0.37997103
0.0,0.37898114
0.0,0.3963802
0.0,0.36820072
0.0,0.35444418
0.0,0.42625654
0.0,0.4435522
0.0,0.3926438
0.4912280701754383,0.42346302
0.4824561403508767,0.37552512
0.4824561403508838,0.46720147
0.5,0.42953476
0.5526315789473699,0.48445857
0.622807017543856,0.38118166
0.7017543859649145,0.43812406
0.8157894736842053,0.4276671
0.8859649122807021,0.4255171
0.9035087719298254,0.40175778
0.2771084337349379,0.44540447
0.3132530120481931,0.3792867
0.3855421686746894,0.43855616
0.4096385542168548,0.36876
0.4698795180722754,0.34328365
0.5180722891566347,0.46351096
0.5180722891566205,0.44548807
0.5180722891566205,0.3610625
0.4819277108433795,0.3529998
0.4819277108433653,0.40566397
0.6666666666666665,0.399035
0.6904761904761907,0.5229671
0.6904761904761907,0.43399057
0.6190476190476177,0.46079966
0.5238095238095237,0.41752398
0.4285714285714288,0.38373944
0.3571428571428567,0.37874073
0.261904761904761,0.3620481
0.2380952380952381,0.4017333
0.3095238095238093,0.34186307
0.0,0.41572744
0.0,0.36508423
0.0,0.38037503
0.0,0.379789
0.0,0.39557704
0.0,0.36873487
0.0,0.35327965
0.0,0.4249537
0.0,0.44240615
0.0,0.39228332
0.4824561403508767,0.42440754
0.4824561403508767,0.37585306
0.5,0.4669354
0.5526315789473628,0.43127638
0.622807017543856,0.48429856
0.7017543859649109,0.37967855
0.8157894736842088,0.43731502
0.8859649122807021,0.42970374
0.9035087719298254,0.42442644
0.8245614035087705,0.40228334
0.3132530120481789,0.44273204
0.3855421686747036,0.37988174
0.4096385542168548,0.4405468
0.4698795180722754,0.3689031
0.5180722891566347,0.3431076
0.5180722891566347,0.46267933
0.5180722891566205,0.44421712
0.4819277108433795,0.35885903
0.4819277108433795,0.35574028
0.5180722891566347,0.40470982
0.6904761904761907,0.39959526
0.6904761904761907,0.52373606
0.6190476190476195,0.43520108
0.5238095238095228,0.46003675
0.4285714285714284,0.41852072
0.3571428571428572,0.38484073
0.2619047619047627,0.37704784
0.2380952380952372,0.36329678
0.3095238095238093,0.4000023
0.4047619047619046,0.34337488
0.0,0.414392
0.0,0.36531737
0.0,0.38155586
0.0,0.381026
0.0,0.39503133
0.0,0.36865807
0.0,0.35283345
0.0,0.4234805
0.0,0.4405686
0.0,0.3919782
0.4824561403508767,0.42517704
0.5,0.3768411
0.5526315789473699,0.4645413
0.6228070175438596,0.43298787
0.7017543859649109,0.48345503
0.8157894736842124,0.37859172
0.8859649122807021,0.43672842
0.9035087719298184,0.43126005
0.824561403508774,0.42281282
0.8070175438596507,0.40357858
0.3855421686747178,0.44028738
0.409638554216869,0.38019466
0.4698795180722754,0.44251764
0.5180722891566205,0.3687817
0.5180722891566347,0.3431959
0.5180722891566347,0.46169978
0.4819277108433653,0.4420544
0.4819277108433795,0.3578577
0.5180722891566347,0.35726067
0.4216867469879588,0.40436828
0.6904761904761907,0.39929596
0.6190476190476195,0.5227483
0.5238095238095246,0.43633702
0.4285714285714279,0.45864794
0.3571428571428572,0.41912633
0.2619047619047618,0.38655922
0.2380952380952381,0.37506613
0.3095238095238084,0.36469498
0.4047619047619046,0.3982499
0.3571428571428572,0.34572682
0.0,0.4131087
0.0,0.36563465
0.0,0.38313863
0.0,0.38116762
0.0,0.39525896
0.0,0.36900735
0.0,0.35276607
0.0,0.42153394
0.0,0.43857998
0.0,0.39240974
0.5,0.42492428
0.5526315789473699,0.37824678
0.6228070175438596,0.46185726
0.7017543859649145,0.4340353
0.8157894736842088,0.482002
0.8859649122807021,0.37829897
0.9035087719298218,0.4360387
0.8245614035087669,0.4313471
0.8070175438596507,0.42181143
0.7543859649122773,0.40490675
0.4096385542168548,0.4378388
0.4698795180722754,0.3792487
0.5180722891566205,0.44406217
0.5180722891566205,0.36811462
0.5180722891566347,0.34391144
0.4819277108433653,0.4608704
0.4819277108433653,0.43996122
0.5180722891566205,0.35739425
0.4216867469879588,0.3580124
0.409638554216869,0.4038122
0.6190476190476191,0.39916733
0.5238095238095242,0.5214606
0.4285714285714288,0.43808994
0.3571428571428567,0.45682785
0.2619047619047618,0.41922528
0.2380952380952381,0.3877903
0.3095238095238102,0.37334278
0.4047619047619033,0.3657383
0.3571428571428572,0.39666843
0.4047619047619046,0.34767646
0.0,0.41218284
0.0,0.36555478
0.0,0.38520047
0.0,0.3811645
0.0,0.39533147
0.0,0.36909065
0.0,0.35306022
0.0,0.4195137
0.0,0.43645903
0.0,0.39342672
0.5526315789473699,0.42372164
0.622807017543856,0.3799046
0.7017543859649145,0.45883286
0.8157894736842053,0.43530872
0.8859649122807021,0.4806243
0.9035087719298254,0.37895477
0.824561403508774,0.43623418
0.8070175438596507,0.4301732
0.7543859649122808,0.42142463
0.7280701754385959,0.4062233
0.4698795180722754,0.43854663
0.5180722891566347,0.376663
0.5180722891566205,0.44680876
0.5180722891566205,0.36768007
0.4819277108433795,0.3434289
0.4819277108433653,0.46213725
0.5180722891566205,0.438698
0.4216867469879588,0.3569838
0.4096385542168548,0.35672012
0.4819277108433653,0.40360755
0.5238095238095237,0.39785716
0.4285714285714288,0.5217768
0.3571428571428567,0.4417952
0.261904761904761,0.45663226
0.2380952380952381,0.41993827
0.3095238095238093,0.3902953
0.4047619047619051,0.37058204
0.3571428571428567,0.36550415
0.4047619047619046,0.39505634
0.4047619047619046,0.34817567
0.0,0.4106078
0.0,0.3651001
0.0,0.38785106
0.0,0.37994802
0.0,0.3959182
0.0,0.36813778
0.0,0.35315785
0.0,0.41901076
0.0,0.43642533
0.0,0.39389873
0.622807017543856,0.42319673
0.7017543859649109,0.38025403
0.8157894736842088,0.4577184
0.8859649122807021,0.43787208
0.9035087719298254,0.48250356
0.8245614035087705,0.38000312
0.8070175438596543,0.43812022
0.7543859649122808,0.42750788
0.7280701754385959,0.4214744
0.7017543859649109,0.40744802
0.5180722891566347,0.4403085
0.5180722891566347,0.37446997
0.5180722891566205,0.44917095
0.4819277108433795,0.36722407
0.4819277108433795,0.3425167
0.5180722891566347,0.46355852
0.4216867469879446,0.43825445
0.4096385542168548,0.3566745
0.4819277108433795,0.3546959
0.6024096385542208,0.40344524
0.4285714285714284,0.39645085
0.3571428571428572,0.5232897
0.2619047619047627,0.4462991
0.2380952380952372,0.45808467
0.3095238095238093,0.4207553
0.4047619047619046,0.39306986
0.3571428571428567,0.36695275
0.4047619047619033,0.3638532
0.4047619047619046,0.39396638
0.5476190476190474,0.3475041
0.0,0.40949693
0.0,0.36433628
0.0,0.39094746
0.0,0.3774222
0.0,0.3975302
0.0,0.36722395
0.0,0.35339102
0.0,0.41942382
0.0,0.43773234
0.0,0.39433515
0.7017543859649109,0.42257255
0.8157894736842124,0.37921777
0.8859649122807021,0.45805663
0.9035087719298184,0.441016
0.824561403508774,0.48636767
0.8070175438596507,0.38120848
0.7543859649122808,0.44048223
0.7280701754385959,0.42451146
0.7017543859649109,0.42119282
0.622807017543856,0.40858978
0.5180722891566347,0.44297945
0.5180722891566347,0.37295735
0.4819277108433653,0.44965714
0.4819277108433795,0.3672391
0.5180722891566347,0.34175733
0.4216867469879588,0.46546093
0.4096385542168548,0.4385063
0.4819277108433795,0.35569444
0.6024096385542208,0.35193422
0.6626506024096273,0.40379444
0.3571428571428572,0.39542228
0.2619047619047618,0.52615535
0.2380952380952381,0.45016828
0.3095238095238084,0.4611642
0.4047619047619046,0.42076075
0.3571428571428572,0.39317924
0.4047619047619051,0.36547512
0.4047619047619033,0.36098513
0.5476190476190474,0.3952984
0.5952380952380953,0.34532955
0.0,0.40909448
0.0,0.3632403
0.0,0.39198852
0.0,0.3757105
0.0,0.39874336
0.0,0.36554623
0.0,0.3532901
0.0,0.42139935
0.0,0.4401123
0.0,0.39525986
0.8157894736842088,0.42162594
0.8859649122807021,0.3777761
0.9035087719298218,0.45949972
0.8245614035087669,0.44390637
0.8070175438596507,0.49109852
0.7543859649122773,0.38337317
0.7280701754385923,0.4433442
0.7017543859649145,0.42226762
0.622807017543856,0.42292613
0.6052631578947398,0.40845934
0.5180722891566347,0.44508126
0.4819277108433653,0.37280276
0.4819277108433653,0.44870892
0.5180722891566205,0.36766
0.4216867469879588,0.34143677
0.409638554216869,0.46722642
0.4819277108433653,0.4402098
0.6024096385542208,0.35443196
0.6626506024096415,0.34975994
0.7349397590361377,0.40497407
0.2619047619047618,0.395215
0.2380952380952381,0.5288272
0.3095238095238102,0.45199803
0.4047619047619033,0.46441367
0.3571428571428572,0.41992456
0.4047619047619046,0.39037186
0.4047619047619051,0.36687425
0.5476190476190466,0.3596614
0.5952380952380953,0.39830405
0.5952380952380953,0.34320086
0.0,0.40899724
0.0,0.3635351
0.0,0.39001888
0.0,0.37590322
0.0,0.39764687
0.0,0.36441705
0.0,0.35333964
0.0,0.424191
0.0,0.44149435
0.0,0.39548606
0.8859649122807021,0.42161238
0.9035087719298254,0.37640604
0.824561403508774,0.4614084
0.8070175438596507,0.44657582
0.7543859649122808,0.49333742
0.7280701754385959,0.38518274
0.7017543859649145,0.44486457
0.6228070175438596,0.4218453
0.6052631578947398,0.42638406
0.6140350877192979,0.40637517
0.4819277108433795,0.44683832
0.4819277108433653,0.3728034
0.5180722891566205,0.44884464
0.4216867469879588,0.36808234
0.4096385542168548,0.3405488
0.4819277108433653,0.46866542
0.6024096385542066,0.44199407
0.6626506024096415,0.35418826
0.7349397590361377,0.3483245
0.819277108433738,0.4067164
0.2380952380952381,0.39357716
0.3095238095238093,0.52985066
0.4047619047619051,0.45213085
0.3571428571428567,0.4676519
0.4047619047619046,0.42029452
0.4047619047619046,0.38875622
0.5476190476190474,0.3684619
0.5952380952380949,0.35922122
0.5952380952380953,0.40108025
0.714285714285714,0.34277382
0.0,0.40862778
0.0,0.364997
0.0,0.38757825
0.0,0.37575135
0.0,0.39639074
0.0,0.3635395
0.0,0.35307503
0.0,0.4277342
0.0,0.4430624
0.0,0.3938553
0.9035087719298254,0.42308605
0.8245614035087705,0.37615317
0.8070175438596543,0.46401232
0.7543859649122808,0.4483778
0.7280701754385959,0.49514672
0.7017543859649109,0.38510454
0.6228070175438596,0.4455662
0.6052631578947363,0.42179886
0.6140350877192979,0.42808574
0.5087719298245617,0.40466326
0.4819277108433795,0.44905767
0.5180722891566347,0.37161946
0.4216867469879446,0.4491622
0.4096385542168548,0.3679528
0.4819277108433795,0.33899033
0.6024096385542208,0.47079593
0.6626506024096273,0.44510967
0.7349397590361377,0.35256398
0.819277108433738,0.34734935
0.90361445783131,0.408644
0.3095238095238093,0.39417496
0.4047619047619046,0.53239524
0.3571428571428567,0.4516138
0.4047619047619033,0.46988332
0.4047619047619046,0.42162278
0.5476190476190474,0.3853635
0.5952380952380949,0.36959058
0.5952380952380949,0.3577648
0.7142857142857144,0.40465093
0.7619047619047619,0.34218806
0.0,0.40983427
0.0,0.36523062
0.0,0.38527715
0.0,0.37679234
0.0,0.39299735
0.0,0.36093086
0.0,0.35168234
0.0,0.43152317
0.0,0.44568557
0.0,0.39144343
0.824561403508774,0.42439994
0.8070175438596507,0.3747207
0.7543859649122808,0.46819502
0.7280701754385959,0.45101145
0.7017543859649109,0.49848032
0.622807017543856,0.3842121
0.6052631578947363,0.44722116
0.6140350877192979,0.4216545
0.5087719298245617,0.42892945
0.4912280701754383,0.40156844
0.5180722891566347,0.45041993
0.4216867469879588,0.37254888
0.4096385542168548,0.45018572
0.4819277108433795,0.36781323
0.6024096385542208,0.33720997
0.6626506024096273,0.47243
0.7349397590361377,0.44738877
0.8192771084337238,0.35127982
0.903614457831324,0.34685558
0.90361445783131,0.41015792
0.4047619047619046,0.3948718
0.3571428571428572,0.53339165
0.4047619047619051,0.45073873
0.4047619047619033,0.47126675
0.5476190476190474,0.42277038
0.5952380952380953,0.38310975
0.5952380952380949,0.37117517
0.7142857142857144,0.35744435
0.7619047619047619,0.40699005
0.7380952380952381,0.34201837
0.0,0.4101677
0.0,0.36550066
0.0,0.3823234
0.0,0.37790915
0.0,0.39040202
0.0,0.35951012
0.0,0.3501945
0.0,0.43345737
0.0,0.4476705
0.0,0.38978207
0.8070175438596507,0.42595422
0.7543859649122773,0.3738419
0.7280701754385923,0.47237563
0.7017543859649145,0.4523913
0.622807017543856,0.50088024
0.6052631578947398,0.3807966
0.6140350877193015,0.44686472
0.5087719298245545,0.4225583
0.4912280701754383,0.42990515
0.5175438596491233,0.3972619
0.4216867469879588,0.4515329
0.409638554216869,0.37393737
0.4819277108433653,0.45022476
0.6024096385542208,0.3678048
0.6626506024096415,0.33678216
0.7349397590361377,0.4732985
0.819277108433738,0.44746295
0.903614457831324,0.350958
0.903614457831324,0.34684527
0.8072289156626482,0.41123006
0.3571428571428572,0.39528248
0.4047619047619046,0.5331517
0.4047619047619051,0.44974554
0.5476190476190466,0.4721986
0.5952380952380953,0.42258495
0.5952380952380953,0.38013026
0.7142857142857153,0.37356925
0.761904761904761,0.35646313
0.7380952380952381,0.4092576
0.666666666666667,0.34073675
0.0,0.4113462
0.0,0.36554417
0.0,0.37834513
0.0,0.3794074
0.0,0.38857448
0.0,0.35905403
0.0,0.3496763
0.0,0.43326256
0.0,0.44829354
0.0,0.39013225
0.7543859649122808,0.42565477
0.7280701754385959,0.3745899
0.7017543859649145,0.47593683
0.6228070175438596,0.45167863
0.6052631578947398,0.50240076
0.6140350877192979,0.378755
0.5087719298245617,0.44602513
0.4912280701754383,0.4234054
0.5175438596491233,0.43169317
0.5350877192982466,0.39307863
0.4096385542168548,0.4539116
0.4819277108433653,0.375246
0.6024096385542066,0.4523518
0.6626506024096415,0.36788046
0.7349397590361377,0.33433998
0.819277108433738,0.47585744
0.90361445783131,0.44714835
0.903614457831324,0.35110107
0.8072289156626624,0.34470618
0.7349397590361377,0.41259527
0.4047619047619046,0.39363614
0.4047619047619046,0.53354234
0.5476190476190474,0.449421
0.5952380952380949,0.47332647
0.5952380952380953,0.42177796
0.714285714285714,0.37935218
0.7619047619047619,0.37555525
0.7380952380952372,0.3564484
0.6666666666666665,0.40970415
0.6904761904761907,0.33926165
0.0,0.40995783
0.0,0.3644953
0.0,0.3753369
0.0,0.38055015
0.0,0.38847372
0.0,0.3586298
0.0,0.34931523
0.0,0.43402055
0.0,0.4492134
0.0,0.39108843
0.7280701754385959,0.42601925
0.7017543859649109,0.374548
0.6228070175438596,0.4777828
0.6052631578947363,0.452087
0.6140350877192979,0.5042885
0.5087719298245617,0.37602207
0.4912280701754383,0.44544905
0.5175438596491233,0.42380568
0.5350877192982431,0.43439823
0.5087719298245617,0.39055434
0.4819277108433795,0.45490825
0.6024096385542208,0.37539712
0.6626506024096273,0.45239592
0.7349397590361377,0.36715227
0.819277108433738,0.33254114
0.90361445783131,0.47720116
0.90361445783131,0.44736904
0.8072289156626624,0.3497442
0.7349397590361377,0.34442368
0.6144578313252964,0.41116643
0.4047619047619046,0.39327526
0.5476190476190474,0.5368145
0.5952380952380949,0.44973195
0.5952380952380949,0.47419107
0.7142857142857144,0.4214239
0.7619047619047619,0.37864828
0.7380952380952381,0.37669247
0.6666666666666661,0.35546574
0.6904761904761907,0.40973002
0.714285714285714,0.33675832
0.0,0.40954983
0.0,0.36356312
0.0,0.37538278
0.0,0.38196743
0.0,0.38933086
0.0,0.3568754
0.0,0.34961537
0.0,0.43501005
0.0,0.45045277
0.0,0.3918144
0.7017543859649109,0.4265868
0.622807017543856,0.37401804
0.6052631578947363,0.47805837
0.6140350877192979,0.45271838
0.5087719298245617,0.50625277
0.4912280701754383,0.3757224
0.5175438596491269,0.44632578
0.5350877192982395,0.4261151
0.5087719298245617,0.43402123
0.4824561403508767,0.39187315
0.6024096385542208,0.45560402
0.6626506024096273,0.37536478
0.7349397590361377,0.45267618
0.8192771084337238,0.3662076
0.903614457831324,0.33001179
0.90361445783131,0.47850847
0.8072289156626482,0.44582874
0.7349397590361377,0.34849113
0.6144578313252964,0.34396285
0.5180722891566347,0.41063055
0.5476190476190474,0.3917142
0.5952380952380953,0.53974617
0.5952380952380949,0.45062074
0.7142857142857144,0.4747661
0.7619047619047619,0.42085665
0.7380952380952381,0.3780567
0.666666666666667,0.37628952
0.6904761904761898,0.35461903
0.7142857142857144,0.4098783
0.8095238095238093,0.33594215
0.0,0.40982792
0.0,0.36194825
0.0,0.37516892
0.0,0.38357455
0.0,0.3905258
0.0,0.35545802
0.0,0.3502531
0.0,0.43461996
0.0,0.45109302
0.0,0.3926391
0.622807017543856,0.42596334
0.6052631578947398,0.37476444
0.6140350877193015,0.47768307
0.5087719298245545,0.4526526
0.4912280701754383,0.5083546
0.5175438596491233,0.37476367
0.5350877192982466,0.448122
0.5087719298245545,0.4281278
0.4824561403508767,0.43380824
0.3684210526315787,0.391236
0.6626506024096415,0.45428142
0.7349397590361377,0.3768642
0.819277108433738,0.45066002
0.903614457831324,0.36489373
0.903614457831324,0.32990396
0.8072289156626482,0.4791316
0.7349397590361377,0.44375727
0.6144578313252964,0.34592444
0.5180722891566347,0.34347063
0.4939759036144693,0.4085259
0.5952380952380953,0.39339662
0.5952380952380953,0.54142857
0.7142857142857153,0.4510721
0.761904761904761,0.47414216
0.7380952380952381,0.41680828
0.666666666666667,0.37361377
0.6904761904761907,0.37865773
0.7142857142857144,0.3545377
0.8095238095238098,0.41032332
0.8809523809523809,0.3351003
0.0,0.41142407
0.0,0.36010104
0.0,0.37457475
0.0,0.38625106
0.0,0.39228156
0.0,0.35559112
0.0,0.3526279
0.0,0.4327654
0.0,0.45090532
0.0,0.39485228
0.6052631578947398,0.42372757
0.6140350877192979,0.37538978
0.5087719298245617,0.4748488
0.4912280701754383,0.45270595
0.5175438596491233,0.5083215
0.5350877192982466,0.3759331
0.5087719298245617,0.44793355
0.4824561403508767,0.4316363
0.3684210526315787,0.43394625
0.2807017543859658,0.39124686
0.7349397590361377,0.45257878
0.819277108433738,0.37691915
0.90361445783131,0.44952336
0.903614457831324,0.36224097
0.8072289156626624,0.32916087
0.7349397590361377,0.47994426
0.6144578313252964,0.4420581
0.5180722891566205,0.34592465
0.4939759036144551,0.34268254
0.6144578313252964,0.4067307
0.5952380952380953,0.3940218
0.714285714285714,0.5433447
0.7619047619047619,0.4506048
0.7380952380952372,0.47438657
0.6666666666666665,0.41313392
0.6904761904761907,0.3707525
0.7142857142857153,0.38072628
0.8095238095238084,0.35425022
0.8809523809523809,0.4088109
0.9285714285714288,0.33241472
0.0,0.41206992
0.0,0.35902354
0.0,0.37507257
0.0,0.38719493
0.0,0.39396265
0.0,0.35668397
0.0,0.354358
0.0,0.43167573
0.0,0.4497524
0.0,0.39759818
0.6140350877192979,0.4240038
0.5087719298245617,0.37732643
0.4912280701754383,0.47044045
0.5175438596491233,0.4522816
0.5350877192982431,0.5077411
0.5087719298245617,0.37684518
0.4824561403508838,0.44914886
0.3684210526315787,0.43410134
0.2807017543859658,0.43352157
0.2192982456140377,0.39143825
0.819277108433738,0.4528271
0.90361445783131,0.37498662
0.90361445783131,0.45119444
0.8072289156626624,0.35937577
0.7349397590361377,0.3275449
0.6144578313252964,0.4815822
0.5180722891566205,0.44048983
0.4939759036144551,0.34699118
0.6144578313252964,0.34059486
0.6265060240963862,0.4059
0.7142857142857144,0.39280206
0.7619047619047619,0.5450443
0.7380952380952381,0.4496514
0.6666666666666661,0.47502238
0.6904761904761907,0.41095665
0.714285714285714,0.37018058
0.8095238095238093,0.37856624
0.8809523809523805,0.35333183
0.9285714285714288,0.407037
0.9523809523809526,0.33215716
0.0,0.41329822
0.0,0.3578413
0.0,0.37928694
0.0,0.38621435
0.0,0.3957119
0.0,0.35643893
0.0,0.35746306
0.0,0.43308768
0.0,0.4507583
0.0,0.3971576
0.5087719298245617,0.4238187
0.4912280701754383,0.37773916
0.5175438596491269,0.46751595
0.5350877192982395,0.45233867
0.5087719298245617,0.51029164
0.4824561403508767,0.3779051
0.3684210526315787,0.45107815
0.2807017543859658,0.43308038
0.2192982456140377,0.43107525
0.2192982456140377,0.39300346
0.903614457831324,0.45476833
0.90361445783131,0.37090665
0.8072289156626482,0.45149243
0.7349397590361377,0.35678837
0.6144578313252964,0.32498196
0.5180722891566347,0.48451632
0.4939759036144551,0.4410069
0.6144578313252964,0.34699115
0.6265060240963862,0.33782306
0.6626506024096273,0.4053016
0.7619047619047619,0.39215156
0.7380952380952381,0.548247
0.666666666666667,0.44915742
0.6904761904761898,0.47588605
0.7142857142857144,0.41070288
0.8095238095238093,0.3689235
0.8809523809523814,0.37633902
0.928571428571428,0.35020584
0.9523809523809526,0.40570304
0.8095238095238093,0.33046257
0.0,0.4155671
0.0,0.35618144
0.0,0.38228062
0.0,0.3847526
0.0,0.39650476
0.0,0.3551178
0.0,0.35840446
0.0,0.43468827
0.0,0.45148546
0.0,0.3979665
0.4912280701754383,0.42316967
0.5175438596491233,0.37791112
0.5350877192982466,0.46733746
0.5087719298245545,0.45261577
0.4824561403508767,0.5137573
0.3684210526315787,0.3802205
0.2807017543859658,0.45443827
0.2192982456140342,0.431776
0.2192982456140377,0.42940953
0.3771929824561439,0.39463583
0.903614457831324,0.45748746
0.8072289156626482,0.3678743
0.7349397590361377,0.45218265
0.6144578313252964,0.35687754
0.5180722891566347,0.32432586
0.4939759036144693,0.48714474
0.6144578313252964,0.44196123
0.6265060240963862,0.34770656
0.6626506024096415,0.33385953
0.6746987951807313,0.40591872
0.7380952380952381,0.39095592
0.666666666666667,0.54792285
0.6904761904761907,0.44799227
0.7142857142857144,0.47732425
0.8095238095238098,0.41021475
0.8809523809523809,0.3699051
0.928571428571428,0.37492085
0.9523809523809516,0.34873867
0.8095238095238098,0.404694
0.5,0.33091855
0.0,0.41690493
0.0,0.35567272
0.0,0.3833017
0.0,0.38137898
0.0,0.39720583
0.0,0.35508737
0.0,0.35870832
0.0,0.43557099
0.0,0.45160714
0.0,0.39730942
0.5175438596491233,0.42018124
0.5350877192982466,0.37817466
0.5087719298245617,0.46963668
0.4824561403508767,0.4507753
0.3684210526315787,0.5164542
0.2807017543859658,0.38072816
0.2192982456140377,0.45549965
0.2192982456140342,0.42852983
0.3771929824561439,0.4305745
0.6315789473684212,0.39549103
0.8072289156626624,0.45999342
0.7349397590361377,0.36638576
0.6144578313252964,0.45155174
0.5180722891566205,0.3568143
0.4939759036144551,0.32400316
0.6144578313252964,0.48828116
0.626506024096372,0.44515574
0.6626506024096415,0.34852454
0.6746987951807171,0.33155167
0.590361445783131,0.40724695
0.6666666666666665,0.39107037
0.6904761904761907,0.5485035
0.7142857142857153,0.4454777
0.8095238095238084,0.4784354
0.8809523809523809,0.4103113
0.9285714285714288,0.36937723
0.9523809523809526,0.37417185
0.8095238095238084,0.34561262
0.5,0.40518573
0.3571428571428572,0.32891464
0.0,0.4191129
0.0,0.3552749
0.0,0.3826356
0.0,0.378711
0.0,0.3966131
0.0,0.3542857
0.0,0.3584757
0.0,0.43766826
0.0,0.45203084
0.0,0.3962448
0.5350877192982431,0.41948774
0.5087719298245617,0.37726632
0.4824561403508838,0.47304776
0.3684210526315787,0.44937727
0.2807017543859658,0.5190143
0.2192982456140377,0.38186288
0.2192982456140377,0.45579222
0.3771929824561333,0.42614466
0.6315789473684248,0.43176588
0.7456140350877192,0.3965563
0.7349397590361377,0.46221036
0.6144578313252964,0.36624023
0.5180722891566205,0.4509255
0.4939759036144551,0.35763395
0.6144578313252964,0.3236702
0.6265060240963862,0.48901337
0.6626506024096273,0.44932038
0.6746987951807171,0.35029685
0.5903614457831168,0.33017415
0.5180722891566347,0.4083527
0.6904761904761907,0.39115283
0.714285714285714,0.54960644
0.8095238095238093,0.44286925
0.8809523809523805,0.47938463
0.9285714285714288,0.4106385
0.9523809523809526,0.37003502
0.8095238095238093,0.37280756
0.5,0.3433783
0.3571428571428572,0.4048987
0.2619047619047618,0.32707077
0.0,0.42042553
0.0,0.35441563
0.0,0.3825463
0.0,0.37563157
0.0,0.39616144
0.0,0.3531888
0.0,0.35748303
0.0,0.43986428
0.0,0.45363566
0.0,0.39429888
0.5087719298245617,0.42144874
0.4824561403508767,0.3751742
0.3684210526315787,0.47699422
0.2807017543859658,0.44695202
0.2192982456140377,0.5204375
0.2192982456140377,0.38104618
0.3771929824561404,0.45588413
0.6315789473684212,0.42441863
0.7456140350877192,0.43321154
0.8508771929824555,0.39733726
0.6144578313252964,0.4632701
0.5180722891566347,0.36815256
0.4939759036144551,0.44749385
0.6144578313252964,0.35979995
0.6265060240963862,0.32503036
0.6626506024096273,0.48749745
0.6746987951807171,0.45010078
0.5903614457831168,0.35222408
0.5180722891566347,0.32935572
0.457831325301214,0.40840793
0.7142857142857144,0.39128435
0.8095238095238093,0.5511078
0.8809523809523814,0.43948644
0.928571428571428,0.47954723
0.9523809523809526,0.41060042
0.8095238095238093,0.37089527
0.5000000000000009,0.37527066
0.3571428571428567,0.3431322
0.2619047619047618,0.40362653
0.2619047619047618,0.3239113
0.0,0.42271006
0.0,0.35292485
0.0,0.37956285
0.0,0.376701
0.0,0.39509627
0.0,0.35198766
0.0,0.35659155
0.0,0.43842438
0.0,0.45383748
0.0,0.39195126
0.4824561403508767,0.42211294
0.3684210526315787,0.37439385
0.2807017543859658,0.47922665
0.2192982456140342,0.44273844
0.2192982456140377,0.5168944
0.3771929824561439,0.37825787
0.6315789473684248,0.45361757
0.7456140350877192,0.42706278
0.850877192982459,0.43317464
0.8508771929824555,0.39812815
0.5180722891566347,0.46295244
0.4939759036144693,0.3704247
0.6144578313252964,0.44404855
0.6265060240963862,0.36237967
0.6626506024096415,0.32720852
0.6746987951807313,0.48527965
0.590361445783131,0.44874913
0.5180722891566205,0.35398498
0.4578313253011998,0.3293926
0.3975903614457792,0.4074769
0.8095238095238098,0.39117914
0.8809523809523809,0.5517583
0.928571428571428,0.43658802
0.9523809523809516,0.47819582
0.8095238095238098,0.41059628
0.5,0.3718506
0.3571428571428567,0.38008156
0.261904761904761,0.34446675
0.2619047619047618,0.40148288
0.1190476190476186,0.3220326
0.0,0.4231424
0.0,0.3501583
0.0,0.37552792
0.0,0.38005313
0.0,0.39480588
0.0,0.35302347
0.0,0.35632604
0.0,0.4340509
0.0,0.45348412
0.0,0.38965285
0.3684210526315787,0.4228134
0.2807017543859658,0.3737099
0.2192982456140377,0.47980332
0.2192982456140342,0.43955025
0.3771929824561439,0.5103325
0.6315789473684212,0.3739544
0.7456140350877227,0.45000234
0.8508771929824555,0.43194023
0.850877192982459,0.43279174
0.9649122807017498,0.39818597
0.4939759036144551,0.461595
0.6144578313252964,0.3702033
0.626506024096372,0.44218692
0.6626506024096415,0.36293292
0.6746987951807171,0.32860857
0.590361445783131,0.48210052
0.5180722891566205,0.448437
0.4578313253011998,0.35344177
0.3975903614457792,0.33236045
0.3132530120481931,0.4059349
0.8809523809523809,0.39369893
0.9285714285714288,0.5511889
0.9523809523809526,0.43499497
0.8095238095238084,0.4762416
0.5,0.4120239
0.3571428571428572,0.37260982
0.2619047619047627,0.38434878
0.261904761904761,0.3487649
0.1190476190476186,0.40094894
0.0,0.3226333
0.0,0.42294607
0.0,0.3502889
0.0,0.37239033
0.0,0.3830504
0.0,0.39288792
0.0,0.3548503
0.0,0.35357228
0.0,0.43189305
0.0,0.45405108
0.0,0.3871106
0.2807017543859658,0.42380112
0.2192982456140377,0.3730921
0.2192982456140377,0.4785793
0.3771929824561333,0.4388744
0.6315789473684248,0.50596726
0.7456140350877192,0.37147972
0.850877192982459,0.44754818
0.8508771929824555,0.43716487
0.9649122807017534,0.4296185
1.061403508771928,0.39825457
0.6144578313252964,0.4599984
0.6265060240963862,0.36922744
0.6626506024096273,0.44447213
0.6746987951807171,0.3622688
0.5903614457831168,0.328435
0.5180722891566347,0.47913286
0.4578313253011998,0.44740152
0.3975903614457792,0.3536405
0.3132530120481789,0.33776516
0.2891566265060135,0.40409437
0.9285714285714288,0.39509276
0.9523809523809526,0.54886967
0.8095238095238093,0.43516424
0.5,0.47393402
0.3571428571428572,0.41680738
0.2619047619047618,0.37788153
0.2619047619047627,0.38415107
0.1190476190476177,0.35345313
0.0,0.39958104
0.2142857142857144,0.3259352
0.0,0.42098764
0.0,0.35309717
0.0,0.37200975
0.0,0.38358095
0.0,0.39128774
0.0,0.3582863
0.0,0.3498541
0.0,0.43028986
0.0,0.45318562
0.0,0.38550162
0.2192982456140377,0.426623
0.2192982456140377,0.3725033
0.3771929824561404,0.47673196
0.6315789473684212,0.4390397
0.7456140350877192,0.50335157
0.8508771929824555,0.36814708
0.850877192982459,0.44532868
0.9649122807017568,0.4397183
1.061403508771928,0.42472512
0.9122807017543836,0.3977628
0.6265060240963862,0.45745897
0.6626506024096273,0.3668656
0.6746987951807171,0.4494566
0.5903614457831168,0.3621745
0.5180722891566347,0.32970762
0.457831325301214,0.47571105
0.3975903614457792,0.44612062
0.3132530120481931,0.35228717
0.2891566265060135,0.3435284
0.1807228915662619,0.4023682
0.9523809523809526,0.3971795
0.8095238095238093,0.5433819
0.5000000000000009,0.43735072
0.3571428571428567,0.47148895
0.2619047619047618,0.42091224
0.2619047619047618,0.38428444
0.1190476190476195,0.3771955
0.0,0.35722172
0.2142857142857144,0.39890617
0.2380952380952381,0.33437583
0.0,0.41956845
0.0,0.3580867
0.0,0.3775725
0.0,0.38044593
0.0,0.39189023
0.0,0.3606282
0.0,0.34741393
0.0,0.42851037
0.0,0.45240027
0.0,0.3854677
0.2192982456140377,0.4255134
0.3771929824561439,0.37403694
0.6315789473684248,0.4755864
0.7456140350877192,0.4390329
0.850877192982459,0.50575423
0.8508771929824555,0.36931732
0.9649122807017568,0.4465387
1.0614035087719245,0.4362486
0.912280701754387,0.42028552
0.9035087719298254,0.397606
0.6626506024096415,0.4560495
0.6746987951807313,0.3638452
0.590361445783131,0.45365426
0.5180722891566205,0.36255708
0.4578313253011998,0.3306874
0.3975903614457792,0.47491187
0.3132530120481931,0.44504708
0.2891566265060135,0.35142273
0.1807228915662762,0.34625793
0.2530120481927724,0.40096757
0.8095238095238098,0.39827472
0.5,0.54008937
0.3571428571428567,0.44150198
0.261904761904761,0.46831602
0.2619047619047618,0.42499974
0.1190476190476186,0.3914694
0.0,0.36970463
0.2142857142857144,0.35888568
0.2380952380952381,0.3960286
0.4047619047619046,0.34037614
0.0,0.41716027
0.0,0.3583576
0.0,0.3847361
0.0,0.37577435
0.0,0.394923
0.0,0.36136562
0.0,0.34561184
0.0,0.42482257
0.0,0.45058036
0.0,0.38697505
0.3771929824561439,0.42426398
0.6315789473684212,0.37422144
0.7456140350877227,0.47523552
0.8508771929824555,0.44009548
0.850877192982459,0.50753915
0.9649122807017498,0.37140808
1.061403508771928,0.4479938
0.912280701754387,0.4314151
0.9035087719298254,0.419
0.7543859649122773,0.39966434
0.6746987951807171,0.45233428
0.590361445783131,0.36388117
0.5180722891566205,0.45453358
0.4578313253011998,0.36455193
0.3975903614457792,0.33223906
0.3132530120481931,0.47376925
0.2891566265060135,0.44328865
0.1807228915662762,0.35284746
0.2530120481927582,0.346956
0.2530120481927724,0.40054828
0.5,0.39655432
0.3571428571428572,0.53803456
0.2619047619047627,0.44331157
0.261904761904761,0.46756566
0.1190476190476186,0.4261115
0.0,0.39519557
0.2142857142857144,0.36529896
0.2380952380952372,0.35759842
0.4047619047619046,0.3928602
0.5,0.3424555
0.0,0.41428092
0.0,0.35808384
0.0,0.38953957
0.0,0.3726993
0.0,0.39759982
0.0,0.36330873
0.0,0.34543148
0.0,0.42167604
0.0,0.44686463
0.0,0.38975796
0.6315789473684248,0.4232108
0.7456140350877192,0.3753549
0.850877192982459,0.47228765
0.8508771929824555,0.44102797
0.9649122807017534,0.5054533
1.061403508771928,0.37445524
0.912280701754387,0.4478464
0.9035087719298184,0.4276879
0.7543859649122808,0.41965932
0.6666666666666643,0.40546674
0.5903614457831168,0.44965324
0.5180722891566347,0.36519653
0.4578313253011998,0.4556842
0.3975903614457792,0.36659864
0.3132530120481789,0.33385566
0.2891566265060135,0.47236675
0.1807228915662619,0.44286132
0.2530120481927582,0.35462224
0.2530120481927582,0.34821346
0.3373493975903727,0.40140155
0.3571428571428572,0.39313042
0.2619047619047618,0.5374191
0.2619047619047627,0.44451606
0.1190476190476177,0.4675386
0.0,0.42706567
0.2142857142857144,0.397974
0.2380952380952381,0.36236784
0.4047619047619033,0.35692313
0.5,0.39206657
0.6190476190476195,0.34385514
0.0,0.41071057
0.0,0.3590011
0.0,0.39207464
0.0,0.3708419
0.0,0.39772698
0.0,0.36334068
0.0,0.34522462
0.0,0.42053655
0.0,0.44248095
0.0,0.39050674
0.7456140350877192,0.4240183
0.8508771929824555,0.37743884
0.850877192982459,0.47073925
0.9649122807017568,0.44282007
1.061403508771928,0.5032244
0.9122807017543836,0.37670237
0.9035087719298218,0.4490577
0.7543859649122808,0.42391667
0.6666666666666679,0.42215
0.5438596491228083,0.4098471
0.5180722891566347,0.44588047
0.457831325301214,0.36754012
0.3975903614457792,0.45861825
0.3132530120481931,0.3672637
0.2891566265060135,0.33524412
0.1807228915662619,0.46995717
0.2530120481927724,0.44405922
0.2530120481927582,0.3566936
0.3373493975903585,0.35086215
0.3975903614457792,0.4020778
0.2619047619047618,0.39176124
0.2619047619047618,0.5369246
0.1190476190476195,0.44589627
0.0,0.4669955
0.2142857142857144,0.42981118
0.2380952380952381,0.40072045
0.4047619047619051,0.36028576
0.5,0.35616136
0.6190476190476191,0.3917243
0.714285714285714,0.34462312
0.0,0.40871674
0.0,0.35901934
0.0,0.39298898
0.0,0.36903524
0.0,0.39597473
0.0,0.36258155
0.0,0.3426515
0.0,0.42011166
0.0,0.44024247
0.0,0.38924626
0.850877192982459,0.42769283
0.8508771929824555,0.37858143
0.9649122807017568,0.46914247
1.0614035087719245,0.44597998
0.912280701754387,0.5011581
0.9035087719298254,0.37606236
0.7543859649122808,0.44930345
0.6666666666666607,0.4223521
0.5438596491228118,0.42171118
0.4736842105263186,0.41223142
0.4578313253011998,0.44493914
0.3975903614457792,0.36909652
0.3132530120481931,0.45849884
0.2891566265060135,0.36858192
0.1807228915662762,0.33793133
0.2530120481927724,0.46745852
0.2530120481927724,0.4439644
0.3373493975903585,0.35843915
0.3975903614457792,0.35142052
0.5662650602409656,0.40477285
0.2619047619047618,0.3921798
0.1190476190476186,0.53306544
0.0,0.44772357
0.2142857142857144,0.46736684
0.2380952380952381,0.4337914
0.4047619047619046,0.4019816
0.5000000000000009,0.35897005
0.6190476190476177,0.3549774
0.7142857142857144,0.3936846
0.7380952380952381,0.34595114
0.0,0.40897837
0.0,0.35834056
0.0,0.3936362
0.0,0.3673796
0.0,0.39551297
0.0,0.3615507
0.0,0.33939603
0.0,0.42053342
0.0,0.44365558
0.0,0.38895535
0.850877192982459,0.42728868
0.9649122807017498,0.37569094
1.061403508771928,0.47227803
0.912280701754387,0.44650096
0.9035087719298254,0.5009526
0.7543859649122773,0.37605667
0.6666666666666679,0.44910067
0.5438596491228083,0.4195786
0.473684210526315,0.42261907
0.4298245614035103,0.41193116
0.3975903614457792,0.44690782
0.3132530120481931,0.37172624
0.2891566265060135,0.45460823
0.1807228915662762,0.37092507
0.2530120481927582,0.34128457
0.2530120481927724,0.46638316
0.3373493975903585,0.4435255
0.3975903614457792,0.35715955
0.5662650602409798,0.35033202
0.6506024096385374,0.40708712
0.1190476190476186,0.39438483
0.0,0.5298204
0.2142857142857144,0.44888648
0.2380952380952372,0.46909967
0.4047619047619046,0.43373328
0.5,0.3981101
0.6190476190476195,0.36241183
0.7142857142857144,0.35661
0.7380952380952381,0.39825198
0.7619047619047619,0.34623024
0.0,0.41019496
0.0,0.35886493
0.0,0.390208
0.0,0.36841255
0.0,0.3941405
0.0,0.3616992
0.0,0.33888417
0.0,0.42089564
0.0,0.44741222
0.0,0.38838398
0.9649122807017534,0.42600715
1.061403508771928,0.37262708
0.912280701754387,0.47689214
0.9035087719298184,0.4468699
0.7543859649122808,0.4997798
0.6666666666666643,0.37728184
0.5438596491228083,0.4460444
0.473684210526315,0.42013365
0.4298245614035103,0.42683136
0.3596491228070171,0.40624887
0.3132530120481789,0.44986138
0.2891566265060135,0.37332252
0.1807228915662619,0.451151
0.2530120481927582,0.37145323
0.2530120481927582,0.34075546
0.3373493975903727,0.46858132
0.3975903614457792,0.44686583
0.5662650602409798,0.35409087
0.6506024096385374,0.3505912
0.7349397590361377,0.40750742
0.0,0.397141
0.2142857142857144,0.53243136
0.2380952380952381,0.45252666
0.4047619047619033,0.47332007
0.5,0.4334286
0.6190476190476195,0.392068
0.7142857142857153,0.36488622
0.7380952380952372,0.35477477
0.7619047619047619,0.4035528
0.8095238095238093,0.34241545
0.0,0.40958863
0.0,0.3601961
0.0,0.38513154
0.0,0.37052625
0.0,0.39002317
0.0,0.36181727
0.0,0.33945036
0.0,0.4257361
0.0,0.44986838
0.0,0.38695997
1.061403508771928,0.4295904
0.9122807017543836,0.36981052
0.9035087719298218,0.47909278
0.7543859649122808,0.45093322
0.6666666666666679,0.5015144
0.5438596491228083,0.3778418
0.4736842105263186,0.44631872
0.4298245614035032,0.4218772
0.3596491228070171,0.42863983
0.3333333333333357,0.40034917
0.2891566265060135,0.45275837
0.1807228915662619,0.37539765
0.2530120481927724,0.4529303
0.2530120481927582,0.37319633
0.3373493975903585,0.33880317
0.3975903614457792,0.47162205
0.5662650602409656,0.45019147
0.6506024096385516,0.35235378
0.7349397590361377,0.3505924
0.6867469879518069,0.41062605
0.2142857142857144,0.39542198
0.2380952380952381,0.5339488
0.4047619047619051,0.4544561
0.5,0.47653297
0.6190476190476191,0.4338125
0.714285714285714,0.38939735
0.7380952380952381,0.36508283
0.761904761904761,0.3551794
0.8095238095238098,0.4064923
0.8095238095238093,0.34088957
0.0,0.40681994
0.0,0.36185172
0.0,0.3826009
0.0,0.37248152
0.0,0.38852328
0.0,0.35964876
0.0,0.3417489
0.0,0.4310432
0.0,0.45145482
0.0,0.3849062
0.912280701754387,0.43181974
0.9035087719298254,0.36802343
0.7543859649122808,0.4831338
0.6666666666666607,0.4546513
0.5438596491228118,0.5052002
0.4736842105263186,0.3756455
0.4298245614035103,0.4449234
0.3596491228070171,0.4215231
0.3333333333333357,0.43042386
0.3421052631578973,0.39534786
0.1807228915662762,0.45232317
0.2530120481927724,0.37844655
0.2530120481927724,0.4506802
0.3373493975903585,0.37248492
0.3975903614457792,0.3390569
0.5662650602409656,0.47204864
0.6506024096385374,0.45021057
0.7349397590361377,0.35008243
0.6867469879518069,0.35211417
0.6265060240963862,0.4115986
0.2380952380952381,0.39695337
0.4047619047619046,0.53536546
0.5000000000000009,0.45235756
0.6190476190476177,0.47674513
0.7142857142857144,0.43174943
0.7380952380952381,0.3816981
0.7619047619047619,0.37014112
0.8095238095238084,0.35406235
0.8095238095238098,0.4103207
0.8095238095238093,0.3373213
0.0,0.40865722
0.0,0.36321166
0.0,0.37725177
0.0,0.37773556
0.0,0.3864035
0.0,0.35710433
0.0,0.34452525
0.0,0.4338364
0.0,0.45145416
0.0,0.38433647
0.9035087719298254,0.43252432
0.7543859649122773,0.36873668
0.6666666666666679,0.48445433
0.5438596491228083,0.4551893
0.473684210526315,0.50478756
0.4298245614035103,0.37461266
0.3596491228070171,0.44311512
0.3333333333333286,0.42582488
0.3421052631578938,0.43171147
0.324561403508774,0.39255396
0.2530120481927582,0.45439124
0.2530120481927724,0.3808177
0.3373493975903585,0.4512743
0.3975903614457792,0.3715175
0.5662650602409798,0.3389118
0.6506024096385374,0.47324124
0.7349397590361377,0.44815353
0.6867469879518211,0.351108
0.6265060240963862,0.3502689
0.6024096385542208,0.41316274
0.4047619047619046,0.39623973
0.5,0.5336796
0.6190476190476195,0.44897285
0.7142857142857144,0.47567773
0.7380952380952381,0.4288788
0.7619047619047619,0.37821472
0.8095238095238093,0.3742318
0.8095238095238084,0.35534826
0.8095238095238098,0.41166782
0.8095238095238093,0.33676952
0.0,0.4105346
0.0,0.3635896
0.0,0.37186438
0.0,0.3796094
0.0,0.3846378
0.0,0.3570248
0.0,0.34498006
0.0,0.4347227
0.0,0.4507081
0.0,0.38415182
0.7543859649122808,0.4323371
0.6666666666666643,0.37038973
0.5438596491228083,0.48478967
0.473684210526315,0.45256096
0.4298245614035103,0.5036137
0.3596491228070171,0.37100056
0.3333333333333321,0.43973255
0.3421052631578938,0.42738625
0.324561403508774,0.43420857
0.2982456140350891,0.38913846
0.2530120481927582,0.45224854
0.3373493975903727,0.38408634
0.3975903614457792,0.44839302
0.5662650602409798,0.37038308
0.6506024096385374,0.33888954
0.7349397590361377,0.47258663
0.6867469879518069,0.44730216
0.6265060240963862,0.35057196
0.6024096385542208,0.3502577
0.5662650602409656,0.4138087
0.5,0.39779702
0.6190476190476195,0.5328753
0.7142857142857153,0.44391465
0.7380952380952372,0.4723114
0.7619047619047619,0.4234404
0.8095238095238093,0.37195534
0.8095238095238093,0.3809254
0.8095238095238084,0.35526153
0.8095238095238098,0.41451177
0.8333333333333335,0.33522552
0.0,0.41266993
0.0,0.3646742
0.0,0.36815834
0.0,0.38499677
0.0,0.38396662
0.0,0.35720256
0.0,0.3481993
0.0,0.43589032
0.0,0.44951323
0.0,0.38678792
0.6666666666666679,0.4313829
0.5438596491228083,0.37188017
0.4736842105263186,0.4810242
0.4298245614035032,0.4501515
0.3596491228070171,0.49989104
0.3333333333333357,0.37126178
0.3421052631578973,0.4372914
0.3245614035087669,0.43029347
0.2982456140350891,0.4340238
0.2719298245614041,0.38952878
0.3373493975903585,0.45398256
0.3975903614457792,0.38378242
0.5662650602409656,0.44885275
0.6506024096385516,0.36879426
0.7349397590361377,0.33643144
0.6867469879518069,0.47465405
0.626506024096372,0.44486254
0.6024096385542208,0.35131842
0.5662650602409798,0.34933892
0.5180722891566347,0.41230938
0.6190476190476191,0.39617336
0.714285714285714,0.53324723
0.7380952380952381,0.4424357
0.761904761904761,0.47211087
0.8095238095238098,0.41968623
0.8095238095238093,0.3703327
0.8095238095238093,0.38205197
0.8095238095238084,0.35560197
0.8333333333333335,0.41214293
0.8333333333333335,0.33308294
0.0,0.4120443
0.0,0.36480883
0.0,0.36913314
0.0,0.38606894
0.0,0.38727155
0.0,0.35759896
0.0,0.35059527
0.0,0.4359655
0.0,0.45025417
0.0,0.389896
0.5438596491228118,0.4304673
0.4736842105263186,0.37395123
0.4298245614035103,0.4776435
0.3596491228070171,0.44749358
0.3333333333333357,0.50098515
0.3421052631578973,0.37164605
0.324561403508774,0.43914008
0.298245614035082,0.43119597
0.2719298245614041,0.4330606
0.2543859649122808,0.3892185
0.3975903614457792,0.45348406
0.5662650602409656,0.3853718
0.6506024096385374,0.4491862
0.7349397590361377,0.3682072
0.6867469879518069,0.33759186
0.6265060240963862,0.4750571
0.6024096385542066,0.4394258
0.5662650602409798,0.35145572
0.5180722891566347,0.34790456
0.4216867469879588,0.4094182
0.7142857142857144,0.39562562
0.7380952380952381,0.5324912
0.7619047619047619,0.44158173
0.8095238095238084,0.47085682
0.8095238095238098,0.4132593
0.8095238095238093,0.36995953
0.8095238095238093,0.38345516
0.8333333333333321,0.3581053
0.8333333333333335,0.40975735
0.8333333333333335,0.3337042
0.0,0.41304263
0.0,0.36216623
0.0,0.37061176
0.0,0.3892006
0.0,0.39428675
0.0,0.3603109
0.0,0.35505182
0.0,0.4313442
0.0,0.45008072
0.0,0.39313596
0.473684210526315,0.42588332
0.4298245614035103,0.3765729
0.3596491228070171,0.4723734
0.3333333333333286,0.4441416
0.3421052631578938,0.4998311
0.324561403508774,0.3724092
0.2982456140350891,0.4399999
0.271929824561397,0.43242946
0.2543859649122808,0.43119147
0.2368421052631575,0.39058292
0.5662650602409798,0.4517375
0.6506024096385374,0.38629028
0.7349397590361377,0.4468279
0.6867469879518211,0.36635497
0.6265060240963862,0.33867592
0.6024096385542208,0.47612762
0.5662650602409656,0.43593028
0.5180722891566205,0.35149422
0.4216867469879588,0.34719485
0.457831325301214,0.40542448
0.7380952380952381,0.3955527
0.7619047619047619,0.53344625
0.8095238095238093,0.44300413
0.8095238095238084,0.47088796
0.8095238095238098,0.40832052
0.8095238095238093,0.3683091
0.8333333333333339,0.38398516
0.8333333333333321,0.35813966
0.8333333333333335,0.40725258
0.8333333333333335,0.33169857
0.0,0.41330737
0.0,0.3590084
0.0,0.37418732
0.0,0.39041868
0.0,0.40002754
0.0,0.36297745
0.0,0.35922298
0.0,0.42818663
0.0,0.44876972
0.0,0.39705643
0.4298245614035103,0.42450675
0.3596491228070171,0.37677404
0.3333333333333321,0.4663838
0.3421052631578938,0.441633
0.324561403508774,0.49854547
0.2982456140350891,0.3747975
0.2719298245614041,0.441427
0.2543859649122808,0.43458542
0.236842105263161,0.43021917
0.2280701754385958,0.39324877
0.6506024096385374,0.44916746
0.7349397590361377,0.38491035
0.6867469879518069,0.44526184
0.6265060240963862,0.36469162
0.6024096385542208,0.34034517
0.5662650602409656,0.47555465
0.5180722891566205,0.43340787
0.4216867469879588,0.35254878
0.4578313253011998,0.34551543
0.4819277108433653,0.4026164
0.7619047619047619,0.39569983
0.8095238095238093,0.532641
0.8095238095238093,0.44311553
0.8095238095238084,0.47028035
0.8095238095238098,0.40453756
0.8333333333333335,0.36885676
0.8333333333333339,0.38317072
0.8333333333333321,0.3575169
0.8333333333333335,0.40473282
0.8809523809523809,0.33251673
0.0,0.41514134
0.0,0.356658
0.0,0.37924248
0.0,0.38939363
0.0,0.40381044
0.0,0.36431682
0.0,0.3625444
0.0,0.42589238
0.0,0.4483984
0.0,0.39859182
0.3596491228070171,0.42182323
0.3333333333333357,0.37847102
0.3421052631578973,0.46178198
0.3245614035087669,0.43836483
0.2982456140350891,0.4983492
0.2719298245614041,0.37701985
0.2543859649122808,0.44295877
0.2368421052631575,0.43392554
0.2280701754385958,0.42896596
0.1754385964912295,0.39640656
0.7349397590361377,0.44880176
0.6867469879518069,0.38337338
0.626506024096372,0.44385555
0.6024096385542208,0.36287075
0.5662650602409798,0.34044123
0.5180722891566347,0.47542867
0.4216867469879446,0.4330389
0.4578313253011998,0.3537207
0.4819277108433795,0.34306586
0.5180722891566347,0.40125716
0.8095238095238098,0.39598814
0.8095238095238093,0.5340608
0.8095238095238093,0.44231144
0.8095238095238084,0.4701115
0.8333333333333335,0.40216115
0.8333333333333335,0.36799324
0.8333333333333339,0.38170683
0.8333333333333321,0.35530764
0.8809523809523809,0.40211728
0.8571428571428572,0.3313121
0.0,0.41724953
0.0,0.35471755
0.0,0.3831861
0.0,0.38715628
0.0,0.40608603
0.0,0.36383605
0.0,0.36490908
0.0,0.4256008
0.0,0.44847322
0.0,0.39919525
0.3333333333333357,0.42166084
0.3421052631578973,0.3785936
0.324561403508774,0.4592908
0.298245614035082,0.43673986
0.2719298245614041,0.49899375
0.2543859649122808,0.37987596
0.2368421052631575,0.444514
0.2280701754385958,0.43343538
0.1754385964912259,0.42838514
0.2982456140350891,0.3993056
0.6867469879518069,0.4494755
0.6265060240963862,0.38207355
0.6024096385542066,0.44155216
0.5662650602409798,0.36169145
0.5180722891566347,0.34047934
0.4216867469879588,0.47469026
0.4578313253011998,0.43287927
0.4819277108433795,0.35546568
0.5180722891566347,0.34017467
0.5421686746987859,0.39977738
0.8095238095238098,0.39670146
0.8095238095238093,0.5346001
0.8095238095238093,0.44097075
0.8333333333333321,0.4706482
0.8333333333333335,0.39941588
0.8333333333333335,0.3677927
0.8333333333333339,0.38062006
0.8809523809523805,0.35284927
0.8571428571428572,0.3993389
0.5952380952380953,0.32914764
0.0,0.41966212
0.0,0.3542926
0.0,0.38589045
0.0,0.3848743
0.0,0.40681595
0.0,0.3633972
0.0,0.36736867
0.0,0.42548528
0.0,0.4474595
0.0,0.39922917
0.3421052631578938,0.42127302
0.324561403508774,0.38000295
0.2982456140350891,0.4567647
0.271929824561397,0.4339692
0.2543859649122808,0.49906683
0.2368421052631575,0.3819633
0.2280701754385994,0.4452346
0.1754385964912295,0.43245375
0.2982456140350891,0.42749092
0.4473684210526336,0.4013546
0.6265060240963862,0.45157927
0.6024096385542208,0.3804498
0.5662650602409656,0.43927157
0.5180722891566205,0.36143258
0.4216867469879588,0.3395277
0.457831325301214,0.47409257
0.4819277108433653,0.4334827
0.5180722891566205,0.35668975
0.5421686746988001,0.33775383
0.5301204819277103,0.3993904
0.8095238095238098,0.39651018
0.8095238095238093,0.5362616
0.8333333333333339,0.43902856
0.8333333333333321,0.47214037
0.8333333333333335,0.39915416
0.8333333333333335,0.3688616
0.8809523809523814,0.380346
0.8571428571428568,0.35024709
0.5952380952380953,0.39825866
0.4047619047619046,0.32615727
0.0,0.4205492
0.0,0.35381883
0.0,0.38603693
0.0,0.38302207
0.0,0.40592632
0.0,0.36265153
0.0,0.36799228
0.0,0.42584184
0.0,0.44642997
0.0,0.39749038
0.324561403508774,0.42165247
0.2982456140350891,0.38109738
0.2719298245614041,0.45693403
0.2543859649122808,0.43200693
0.236842105263161,0.49910006
0.2280701754385958,0.3830159
0.1754385964912295,0.44581938
0.298245614035082,0.431853
0.4473684210526301,0.42811853
0.5877192982456165,0.40340486
0.6024096385542208,0.45312336
0.5662650602409656,0.37963697
0.5180722891566205,0.43840495
0.4216867469879588,0.3618817
0.4578313253011998,0.33849627
0.4819277108433653,0.4738806
0.5180722891566205,0.4359007
0.5421686746988001,0.35715833
0.5301204819276961,0.3365292
0.5421686746987859,0.39910215
0.8095238095238098,0.39696303
0.8333333333333335,0.5374012
0.8333333333333339,0.43690556
0.8333333333333321,0.47260502
0.8333333333333335,0.39966533
0.8809523809523809,0.3700408
0.8571428571428577,0.379769
0.5952380952380949,0.34869367
0.4047619047619046,0.39761177
0.4285714285714288,0.3252964
0.0,0.4215269
0.0,0.35409996
0.0,0.38548672
0.0,0.38147157
0.0,0.40479442
0.0,0.3630399
0.0,0.3676777
0.0,0.42651585
0.0,0.44632196
0.0,0.39559
0.2982456140350891,0.42223772
0.2719298245614041,0.38094956
0.2543859649122808,0.45865172
0.2368421052631575,0.43045646
0.2280701754385958,0.49862155
0.1754385964912295,0.38387716
0.2982456140350891,0.44566262
0.4473684210526265,0.43198186
0.5877192982456165,0.42833912
0.6140350877192979,0.40510586
0.5662650602409798,0.45525724
0.5180722891566347,0.3778648
0.4216867469879446,0.4375514
0.4578313253011998,0.3623721
0.4819277108433795,0.3368033
0.5180722891566347,0.47435838
0.5421686746987859,0.4377132
0.5301204819276961,0.35774305
0.5421686746988001,0.33641368
0.5301204819277103,0.40002444
0.8333333333333335,0.39603692
0.8333333333333335,0.5399686
0.8333333333333339,0.43462008
0.8333333333333321,0.47231674
0.8809523809523809,0.40273675
0.8571428571428572,0.3717268
0.5952380952380949,0.3810715
0.4047619047619033,0.34830385
0.4285714285714284,0.39762366
0.4285714285714288,0.32411972
0.0,0.42262888
0.0,0.35369062
0.0,0.3828296
0.0,0.38181406
0.0,0.402728
0.0,0.36247876
0.0,0.3657794
0.0,0.42634726
0.0,0.44608107
0.0,0.39321038
0.2719298245614041,0.42307493
0.2543859649122808,0.3798717
0.2368421052631575,0.46165064
0.2280701754385958,0.43009824
0.1754385964912259,0.49771848
0.2982456140350891,0.38291585
0.4473684210526301,0.44517025
0.5877192982456094,0.43414456
0.6140350877192979,0.4271442
0.6754385964912295,0.40579045
0.5180722891566347,0.45547852
0.4216867469879588,0.3781779
0.4578313253011998,0.4364339
0.4819277108433795,0.36411777
0.5180722891566347,0.33670592
0.5421686746987859,0.47409186
0.5301204819276961,0.43922684
0.5421686746988001,0.3588233
0.5301204819276961,0.33727926
0.4819277108433653,0.40001675
0.8333333333333335,0.39610717
0.8333333333333335,0.54052335
0.8333333333333339,0.4322209
0.8809523809523805,0.47105694
0.8571428571428572,0.40517843
0.5952380952380953,0.3729877
0.4047619047619051,0.38266408
0.4285714285714279,0.3481271
0.4285714285714284,0.39694715
0.4047619047619046,0.32424775
0.0,0.42347908
0.0,0.353028
0.0,0.38099802
0.0,0.38277698
0.0,0.4018472
0.0,0.36343926
0.0,0.36465418
0.0,0.42495736
0.0,0.44606203
0.0,0.39211175
0.2543859649122808,0.42351037
0.2368421052631575,0.37819728
0.2280701754385994,0.46412545
0.1754385964912295,0.42972362
0.2982456140350891,0.4955035
0.4473684210526336,0.380621
0.5877192982456165,0.44333708
0.6140350877192979,0.43604374
0.6754385964912295,0.42570505
0.7105263157894726,0.40541765
0.4216867469879588,0.45480755
0.457831325301214,0.3784253
0.4819277108433653,0.43417734
0.5180722891566205,0.36463177
0.5421686746988001,0.3369335
0.5301204819277103,0.47225803
0.5421686746987859,0.43937525
0.5301204819276961,0.3595809
0.4819277108433795,0.33938375
0.457831325301214,0.39929968
0.8333333333333335,0.39705884
0.8333333333333335,0.54111487
0.8809523809523814,0.43068704
0.8571428571428568,0.46970895
0.5952380952380953,0.40678865
0.4047619047619046,0.3741298
0.4285714285714288,0.3856041
0.4285714285714279,0.35022113
0.4047619047619046,0.39651063
0.4523809523809521,0.3240289
0.0,0.42352086
0.0,0.35274914
0.0,0.37860915
0.0,0.38444024
0.0,0.40018046
0.0,0.36433557
0.0,0.3639442
0.0,0.42324385
0.0,0.44540393
0.0,0.39071533
0.236842105263161,0.42488334
0.2280701754385958,0.37719533
0.1754385964912295,0.46453744
0.298245614035082,0.42964512
0.4473684210526301,0.49183327
0.5877192982456165,0.37872264
0.6140350877193015,0.441023
0.6754385964912295,0.4396666
0.7105263157894761,0.4242998
0.6929824561403528,0.40482286
0.4578313253011998,0.45241565
0.4819277108433653,0.37846687
0.5180722891566205,0.4357054
0.5421686746988001,0.36497876
0.5301204819276961,0.33636123
0.5421686746987859,0.4702144
0.5301204819276961,0.44003204
0.4819277108433795,0.3602077
0.4578313253011998,0.34286857
0.3132530120481931,0.39883134
0.8333333333333335,0.39690623
0.8809523809523809,0.54097724
0.8571428571428577,0.43004087
0.5952380952380949,0.46814245
0.4047619047619046,0.4091035
0.4285714285714288,0.37711936
0.4285714285714288,0.38510004
0.4047619047619033,0.35321698
0.4523809523809525,0.39554393
0.4285714285714288,0.32683194
0.0,0.42240608
0.0,0.35532773
0.0,0.37739098
0.0,0.38412768
0.0,0.39897692
0.0,0.36668828
0.0,0.36156276
0.0,0.42249686
0.0,0.44458273
0.0,0.3893089
0.2280701754385958,0.42725226
0.1754385964912295,0.37762904
0.2982456140350891,0.46332484
0.4473684210526265,0.42917752
0.5877192982456165,0.48882058
0.6140350877192979,0.3769755
0.6754385964912295,0.43949598
0.710526315789469,0.44148645
0.6929824561403528,0.421625
0.7456140350877192,0.40468472
0.4819277108433795,0.44840032
0.5180722891566347,0.37783358
0.5421686746987859,0.44043985
0.5301204819276961,0.36630383
0.5421686746988001,0.33673444
0.5301204819277103,0.46717548
0.4819277108433653,0.44128385
0.4578313253011998,0.3594871
0.3132530120481789,0.34855077
0.1927710843373518,0.39923033
0.8809523809523809,0.3970212
0.8571428571428572,0.53800046
0.5952380952380949,0.43044847
0.4047619047619033,0.46552017
0.4285714285714284,0.41321322
0.4285714285714288,0.38141325
0.4047619047619051,0.37929654
0.4523809523809516,0.3563166
0.4285714285714284,0.3953929
0.4047619047619046,0.33366197
0.0,0.42007735
0.0,0.36000058
0.0,0.3797382
0.0,0.38209212
0.0,0.39751038
0.0,0.36852562
0.0,0.35796842
0.0,0.4214073
0.0,0.44295976
0.0,0.38852087
0.1754385964912259,0.42792618
0.2982456140350891,0.37919945
0.4473684210526301,0.46304655
0.5877192982456094,0.43007278
0.6140350877192979,0.488071
0.6754385964912295,0.37611845
0.7105263157894726,0.43969855
0.6929824561403457,0.4393029
0.7456140350877192,0.41900343
0.7719298245614041,0.4042589
0.5180722891566347,0.44730955
0.5421686746987859,0.37542596
0.5301204819276961,0.44424528
0.5421686746988001,0.36603037
0.5301204819276961,0.3380099
0.4819277108433653,0.46502173
0.4578313253011998,0.44060028
0.3132530120481931,0.3572189
0.1927710843373375,0.352674
0.1686746987951863,0.3998243
0.8571428571428572,0.39903405
0.5952380952380953,0.5323309
0.4047619047619051,0.43310207
0.4285714285714279,0.4622717
0.4285714285714284,0.4172681
0.4047619047619046,0.3869878
0.4523809523809525,0.3737788
0.4285714285714279,0.3603333
0.4047619047619046,0.39493802
0.5238095238095242,0.33979848
0.0,0.41884348
0.0,0.36257398
0.0,0.3839937
0.0,0.37900612
0.0,0.3982306
0.0,0.36888304
0.0,0.355046
0.0,0.4193606
0.0,0.4420423
0.0,0.38889003
0.2982456140350891,0.42644814
0.4473684210526336,0.3786314
0.5877192982456165,0.4624899
0.6140350877192979,0.4315003
0.6754385964912295,0.48960167
0.7105263157894726,0.3775288
0.6929824561403493,0.44031274
0.7456140350877192,0.4363764
0.7719298245614041,0.4177757
0.6754385964912295,0.4035491
0.5421686746988001,0.44533533
0.5301204819277103,0.37426913
0.5421686746987859,0.44593912
0.5301204819276961,0.36771092
0.4819277108433795,0.33973894
0.457831325301214,0.46475208
0.3132530120481931,0.44003
0.1927710843373375,0.35788384
0.1686746987951579,0.35398018
0.2891566265060135,0.3994208
0.5952380952380953,0.39919743
0.4047619047619046,0.5277322
0.4285714285714288,0.43491137
0.4285714285714279,0.45940006
0.4047619047619046,0.41919297
0.4523809523809521,0.39040524
0.4285714285714288,0.37001026
0.4047619047619033,0.36159852
0.5238095238095237,0.3933271
0.714285714285714,0.34471238
0.0,0.417372
0.0,0.36313665
0.0,0.3880413
0.0,0.37530237
0.0,0.39875773
0.0,0.3697643
0.0,0.35378796
0.0,0.41745895
0.0,0.44001696
0.0,0.39057037
0.4473684210526301,0.42451274
0.5877192982456165,0.37828648
0.6140350877193015,0.4616537
0.6754385964912295,0.4319506
0.7105263157894761,0.48871866
0.6929824561403528,0.37905455
0.7456140350877227,0.43957368
0.771929824561397,0.4323764
0.6754385964912295,0.41851538
0.5175438596491233,0.405529
0.5301204819276961,0.44400373
0.5421686746987859,0.37364393
0.5301204819276961,0.4449342
0.4819277108433795,0.36859998
0.4578313253011998,0.3403261
0.3132530120481931,0.46442595
0.1927710843373375,0.43950614
0.1686746987951721,0.35813382
0.2891566265060135,0.35438198
0.2530120481927724,0.39983383
0.4047619047619046,0.39788157
0.4285714285714288,0.52744275
0.4285714285714288,0.4369861
0.4047619047619033,0.45915765
0.4523809523809525,0.41966227
0.4285714285714288,0.39175534
0.4047619047619051,0.3684504
0.5238095238095228,0.36152142
0.7142857142857144,0.3931463
0.8095238095238093,0.34467494
0.0,0.4150572
0.0,0.3627953
0.0,0.38980123
0.0,0.37470892
0.0,0.39908034
0.0,0.36947447
0.0,0.3542773
0.0,0.4170515
0.0,0.4367361
0.0,0.39242598
0.5877192982456165,0.4237094
0.6140350877192979,0.3794962
0.6754385964912295,0.4594189
0.710526315789469,0.43400246
0.6929824561403528,0.48758644
0.7456140350877192,0.38164812
0.7719298245614006,0.44052222
0.6754385964912295,0.43027475
0.5175438596491233,0.4199773
0.4385964912280684,0.4082833
0.5421686746988001,0.4445969
0.5301204819277103,0.37193596
0.4819277108433653,0.44371775
0.4578313253011998,0.36818162
0.3132530120481789,0.34054834
0.1927710843373518,0.46474957
0.1686746987951721,0.43990284
0.2891566265060135,0.3567055
0.2530120481927582,0.35361594
0.3493975903614483,0.40053794
0.4285714285714284,0.3963637
0.4285714285714288,0.52883303
0.4047619047619051,0.44077957
0.4523809523809516,0.4597773
0.4285714285714284,0.41958922
0.4047619047619046,0.39226562
0.5238095238095246,0.3664008
0.7142857142857144,0.3595617
0.8095238095238098,0.39418635
0.9047619047619048,0.34401643
0.0,0.41412574
0.0,0.3615954
0.0,0.39227042
0.0,0.37434047
0.0,0.39898145
0.0,0.3665883
0.0,0.35584402
0.0,0.41900298
0.0,0.43564025
0.0,0.39369407
0.6140350877192979,0.42379412
0.6754385964912295,0.3784884
0.7105263157894726,0.45888802
0.6929824561403457,0.4376929
0.7456140350877192,0.48880288
0.7719298245614041,0.38519084
0.6754385964912295,0.44336453
0.5175438596491233,0.42780906
0.438596491228072,0.4218856
0.3508771929824554,0.41046888
0.5301204819276961,0.4441846
0.4819277108433653,0.3706959
0.4578313253011998,0.44207445
0.3132530120481931,0.36779195
0.1927710843373375,0.3419162
0.1686746987951863,0.46416503
0.2891566265060135,0.43943286
0.2530120481927582,0.35700387
0.3493975903614341,0.35329455
0.4457831325301242,0.40236604
0.4285714285714284,0.39489493
0.4047619047619046,0.5266305
0.4523809523809525,0.44129023
0.4285714285714279,0.4598952
0.4047619047619046,0.4201269
0.5238095238095242,0.39109874
0.7142857142857153,0.3683542
0.8095238095238084,0.3598796
0.9047619047619052,0.3962635
0.9285714285714288,0.34534067
0.0,0.41447484
0.0,0.36229584
0.0,0.39154032
0.0,0.37508824
0.0,0.39785
0.0,0.36459973
0.0,0.35568237
0.0,0.42094493
0.0,0.43559182
0.0,0.39401627
0.6754385964912295,0.42202613
0.7105263157894726,0.37849167
0.6929824561403493,0.45908117
0.7456140350877192,0.43911034
0.7719298245614041,0.48786223
0.6754385964912295,0.38749465
0.5175438596491269,0.44408384
0.438596491228072,0.4267619
0.350877192982459,0.42250758
0.3596491228070171,0.4100361
0.4819277108433795,0.444714
0.457831325301214,0.36954537
0.3132530120481931,0.4407758
0.1927710843373375,0.3675982
0.1686746987951579,0.3442392
0.2891566265060135,0.46313235
0.2530120481927724,0.44165498
0.3493975903614341,0.35735354
0.4457831325301384,0.35289952
0.4819277108433653,0.40445724
0.4047619047619046,0.39631683
0.4523809523809521,0.524336
0.4285714285714288,0.44134566
0.4047619047619033,0.46002877
0.5238095238095237,0.42153588
0.714285714285714,0.3889222
0.8095238095238093,0.3710019
0.9047619047619032,0.35979238
0.9285714285714288,0.40052173
0.9285714285714288,0.34688935
0.0,0.41622937
0.0,0.36313468
0.0,0.3884059
0.0,0.37580347
0.0,0.39390734
0.0,0.36272702
0.0,0.35261473
0.0,0.42361575
0.0,0.43774003
0.0,0.39285225
0.7105263157894761,0.4204972
0.6929824561403528,0.3770995
0.7456140350877227,0.46201447
0.771929824561397,0.44023094
0.6754385964912295,0.48790213
0.5175438596491233,0.38729784
0.4385964912280755,0.4454045
0.3508771929824554,0.42402902
0.3596491228070171,0.42395037
0.3421052631578973,0.40675938
0.4578313253011998,0.44798505
0.3132530120481931,0.3682257
0.1927710843373375,0.4406461
0.1686746987951721,0.36914504
0.2891566265060135,0.34392646
0.2530120481927724,0.46596205
0.3493975903614341,0.44588786
0.4457831325301242,0.35663882
0.4819277108433795,0.35141885
0.4939759036144693,0.40821794
0.4523809523809525,0.3960857
0.4285714285714288,0.5253629
0.4047619047619051,0.44158062
0.5238095238095228,0.46201837
0.7142857142857144,0.42345536
0.8095238095238093,0.3870669
0.9047619047619052,0.3715734
0.928571428571428,0.35887212
0.9285714285714288,0.40408903
0.9523809523809526,0.34657696
0.0,0.41694108
0.0,0.36496258
0.0,0.38655043
0.0,0.37537384
0.0,0.39056605
0.0,0.36181322
0.0,0.35045168
0.0,0.42857617
0.0,0.44125444
0.0,0.39132565
0.6929824561403528,0.42139137
0.7456140350877192,0.3743621
0.7719298245614006,0.46797317
0.6754385964912295,0.44233614
0.5175438596491233,0.49071205
0.4385964912280684,0.38798407
0.350877192982459,0.44686604
0.3596491228070171,0.42075723
0.3421052631578938,0.4254995
0.324561403508774,0.4030634
0.3132530120481789,0.4513783
0.1927710843373518,0.3692671
0.1686746987951721,0.44106516
0.2891566265060135,0.37004724
0.2530120481927582,0.34144807
0.3493975903614483,0.46984994
0.4457831325301242,0.44974026
0.4819277108433795,0.35653257
0.4939759036144551,0.34964234
0.5180722891566347,0.4118562
0.4285714285714284,0.39396578
0.4047619047619046,0.526845
0.5238095238095246,0.44182327
0.7142857142857144,0.46562508
0.8095238095238098,0.4244483
0.9047619047619048,0.3833544
0.928571428571428,0.37353438
0.928571428571428,0.3565724
0.9523809523809526,0.40717244
0.9523809523809526,0.34318575
0.0,0.4162199
0.0,0.36651832
0.0,0.38304687
0.0,0.37649202
0.0,0.38952336
0.0,0.36000884
0.0,0.35035977
0.0,0.43248865
0.0,0.4437802
0.0,0.39138472
0.7456140350877192,0.4223858
0.7719298245614041,0.3728748
0.6754385964912295,0.47395474
0.5175438596491233,0.44337794
0.438596491228072,0.4942788
0.3508771929824554,0.38682917
0.3596491228070171,0.44792372
0.3421052631578938,0.41937742
0.324561403508774,0.42865783
0.3421052631578973,0.3986177
0.1927710843373375,0.45480388
0.1686746987951863,0.37151057
0.2891566265060135,0.44232425
0.2530120481927582,0.3700642
0.3493975903614341,0.33991298
0.4457831325301242,0.4719079
0.4819277108433653,0.45073736
0.4939759036144551,0.3588727
0.5180722891566347,0.34695277
0.3855421686747036,0.41432634
0.4047619047619046,0.3918856
0.5238095238095242,0.5264524
0.7142857142857153,0.439153
0.8095238095238084,0.46806353
0.9047619047619052,0.42277634
0.9285714285714288,0.38127548
0.928571428571428,0.37748525
0.9523809523809516,0.35583016
0.9523809523809526,0.4085834
0.9285714285714288,0.33949623
0.0,0.41504595
0.0,0.36576128
0.0,0.3780165
0.0,0.37744793
0.0,0.39035317
0.0,0.35948023
0.0,0.35186636
0.0,0.43490058
0.0,0.4449656
0.0,0.39133134
0.7719298245614041,0.4229257
0.6754385964912295,0.37281117
0.5175438596491269,0.47793266
0.438596491228072,0.44215393
0.350877192982459,0.49577218
0.3596491228070171,0.38311964
0.3421052631578973,0.4458976
0.3245614035087669,0.41936544
0.3421052631578938,0.43255156
0.3333333333333357,0.39553845
0.1686746987951579,0.4561288
0.2891566265060135,0.37442052
0.2530120481927724,0.44147715
0.3493975903614341,0.36902794
0.4457831325301384,0.33880994
0.4819277108433653,0.47258806
0.4939759036144551,0.45180658
0.5180722891566205,0.35738084
0.3855421686747178,0.34698072
0.3132530120481931,0.414532
0.5238095238095237,0.39315817
0.714285714285714,0.52968186
0.8095238095238093,0.43786812
0.9047619047619032,0.4690951
0.9285714285714288,0.42141542
0.9285714285714288,0.3776016
0.9523809523809526,0.37968114
0.9523809523809516,0.35456216
0.9285714285714288,0.40969655
0.9285714285714288,0.33540443
0.0,0.41620523
0.0,0.36427945
0.0,0.37417614
0.0,0.38044646
0.0,0.3890931
0.0,0.3582224
0.0,0.3520342
0.0,0.43636703
0.0,0.44649485
0.0,0.389687
0.6754385964912295,0.4253162
0.5175438596491233,0.37144518
0.4385964912280755,0.4792511
0.3508771929824554,0.4423883
0.3596491228070171,0.49678478
0.3421052631578973,0.37993437
0.324561403508774,0.44453686
0.3421052631578938,0.4232239
0.3333333333333357,0.43258917
0.3157894736842124,0.39436874
0.2891566265060135,0.4561922
0.2530120481927724,0.37792104
0.3493975903614341,0.440364
0.4457831325301242,0.3684029
0.4819277108433795,0.33841002
0.4939759036144693,0.4726996
0.5180722891566205,0.4507244
0.3855421686747036,0.35603863
0.3132530120481789,0.34833813
0.1927710843373518,0.41331553
0.7142857142857144,0.39479044
0.8095238095238093,0.5325846
0.9047619047619052,0.4371931
0.928571428571428,0.46871352
0.9285714285714288,0.42041278
0.9523809523809526,0.374758
0.9523809523809526,0.38146487
0.928571428571428,0.354872
0.9285714285714288,0.40933937
0.9047619047619048,0.33271104
0.0,0.41735977
0.0,0.36230773
0.0,0.37175876
0.0,0.3827912
0.0,0.3895297
0.0,0.35870087
0.0,0.3513238
0.0,0.4352398
0.0,0.44789478
0.0,0.38897192
0.5175438596491233,0.42716646
0.4385964912280684,0.37039113
0.350877192982459,0.4790759
0.3596491228070171,0.4415627
0.3421052631578938,0.49649483
0.324561403508774,0.3772544
0.3421052631578973,0.44261825
0.3333333333333286,0.4287805
0.3157894736842088,0.43126583
0.3157894736842124,0.39389467
0.2530120481927582,0.45393273
0.3493975903614483,0.38087124
0.4457831325301242,0.43870687
0.4819277108433795,0.36761868
0.4939759036144551,0.3398534
0.5180722891566347,0.47138798
0.3855421686746894,0.44717726
0.3132530120481931,0.35559067
0.1927710843373375,0.3491044
0.1807228915662619,0.41063046
0.8095238095238098,0.39764744
0.9047619047619048,0.53253454
0.928571428571428,0.4369647
0.928571428571428,0.4676587
0.9523809523809526,0.41664937
0.9523809523809526,0.37172374
0.928571428571428,0.38484192
0.928571428571428,0.35644957
0.9047619047619052,0.40909782
0.9285714285714288,0.33122757
0.0,0.41879365
0.0,0.36089933
0.0,0.3697247
0.0,0.3861359
0.0,0.3916947
0.0,0.3610794
0.0,0.35161692
0.0,0.43114278
0.0,0.44846696
0.0,0.39010766
0.438596491228072,0.42517388
0.3508771929824554,0.3722256
0.3596491228070171,0.47536758
0.3421052631578938,0.43866268
0.324561403508774,0.49488813
0.3421052631578973,0.37555927
0.3333333333333321,0.4413072
0.3157894736842053,0.43331033
0.3157894736842088,0.42931366
0.2719298245614041,0.39309916
0.3493975903614341,0.45339105
0.4457831325301242,0.38136533
0.4819277108433653,0.43933138
0.4939759036144551,0.3661825
0.5180722891566347,0.34068474
0.3855421686747036,0.47181314
0.3132530120481931,0.44448483
0.1927710843373375,0.35511345
0.1807228915662762,0.34814015
0.1686746987951863,0.409148
0.9047619047619052,0.3995103
0.9285714285714288,0.5332026
0.928571428571428,0.437451
0.9523809523809516,0.4672912
0.9523809523809526,0.41263086
0.9285714285714288,0.36963245
0.928571428571428,0.38533443
0.9047619047619032,0.35758767
0.9285714285714288,0.40704936
0.9047619047619048,0.32951498
0.0,0.41912058
0.0,0.35849687
0.0,0.37081897
0.0,0.38753432
0.0,0.39537922
0.0,0.36340004
0.0,0.3540373
0.0,0.4290093
0.0,0.44909975
0.0,0.39141086
0.350877192982459,0.4249443
0.3596491228070171,0.3722293
0.3421052631578973,0.47156936
0.3245614035087669,0.43709192
0.3421052631578938,0.49516708
0.3333333333333357,0.3754468
0.3157894736842088,0.44061738
0.3157894736842053,0.43499124
0.2719298245614041,0.4281691
0.2807017543859658,0.3933871
0.4457831325301384,0.45090383
0.4819277108433653,0.38272846
0.4939759036144551,0.4391878
0.5180722891566205,0.36388198
0.3855421686747178,0.34189713
0.3132530120481931,0.4715052
0.1927710843373375,0.4415744
0.1807228915662762,0.35537785
0.1686746987951579,0.3476596
0.2168674698795172,0.4059972
0.9285714285714288,0.40052962
0.9285714285714288,0.53400725
0.9523809523809526,0.43844348
0.9523809523809516,0.46774006
0.9285714285714288,0.4086695
0.9285714285714288,0.3685566
0.9047619047619052,0.38501713
0.928571428571428,0.35798284
0.9047619047619052,0.40440714
0.9047619047619048,0.32768294
0.0,0.4190937
0.0,0.3567661
0.0,0.374573
0.0,0.38814837
0.0,0.4002693
0.0,0.36498883
0.0,0.3579412
0.0,0.42727995
0.0,0.44918555
0.0,0.39388794
0.3596491228070171,0.42613053
0.3421052631578973,0.37300155
0.324561403508774,0.4666522
0.3421052631578938,0.43475986
0.3333333333333357,0.49406907
0.3157894736842124,0.37642413
0.3157894736842088,0.44120604
0.271929824561397,0.4365726
0.2807017543859658,0.426484
0.2807017543859658,0.39594558
0.4819277108433795,0.45218977
0.4939759036144693,0.382396
0.5180722891566205,0.43829873
0.3855421686747036,0.36138105
0.3132530120481789,0.34186423
0.1927710843373518,0.4714308
0.1807228915662619,0.43757483
0.1686746987951721,0.35714078
0.2168674698795172,0.34503454
0.2530120481927724,0.40272006
0.9285714285714288,0.3994252
0.9523809523809526,0.5348287
0.9523809523809526,0.43913838
0.928571428571428,0.46857825
0.9285714285714288,0.40526122
0.9047619047619048,0.36973107
0.928571428571428,0.38392183
0.9047619047619032,0.35642087
0.9047619047619052,0.40231264
0.9047619047619048,0.32600236
0.0,0.41945845
0.0,0.35420394
0.0,0.3786117
0.0,0.3863262
0.0,0.405436
0.0,0.36530858
0.0,0.36198336
0.0,0.4251343
0.0,0.44866303
0.0,0.39514488
0.3421052631578938,0.42567247
0.324561403508774,0.37517065
0.3421052631578973,0.4641644
0.3333333333333286,0.43123454
0.3157894736842088,0.49530575
0.3157894736842124,0.37826768
0.2719298245614041,0.4428218
0.2807017543859658,0.43603012
0.2807017543859658,0.4265465
0.2807017543859658,0.39875618
0.4939759036144551,0.45193118
0.5180722891566347,0.38259065
0.3855421686746894,0.43804663
0.3132530120481931,0.36033744
0.1927710843373375,0.3423125
0.1807228915662619,0.47051075
0.1686746987951721,0.43632784
0.2168674698795172,0.35814562
0.2530120481927582,0.34215218
0.2771084337349521,0.40009466
0.9523809523809526,0.39916483
0.9523809523809526,0.53646857
0.928571428571428,0.438613
0.928571428571428,0.47038102
0.9047619047619052,0.40288737
0.9285714285714288,0.37019405
0.9047619047619052,0.38182753
0.9047619047619032,0.3533673
0.9047619047619052,0.4001938
0.9047619047619048,0.32533193
0.0,0.4208038
0.0,0.35292348
0.0,0.3820087
0.0,0.38430712
0.0,0.4076072
0.0,0.36573306
0.0,0.3653584
0.0,0.4246017
0.0,0.4477848
0.0,0.39529303
0.324561403508774,0.4258662
0.3421052631578973,0.37653825
0.3333333333333321,0.46183178
0.3157894736842053,0.42888334
0.3157894736842088,0.49529988
0.2719298245614041,0.38041228
0.2807017543859658,0.44369128
0.2807017543859658,0.43516982
0.2807017543859658,0.42698345
0.3070175438596507,0.4025825
0.5180722891566347,0.4512739
0.3855421686747036,0.38421494
0.3132530120481931,0.437298
0.1927710843373375,0.35988903
0.1807228915662762,0.3421068
0.1686746987951863,0.46957555
0.2168674698795172,0.43704674
0.2530120481927582,0.35909426
0.2771084337349379,0.3412972
0.2771084337349521,0.39949256
0.9523809523809526,0.39911202
0.9285714285714288,0.53769875
0.928571428571428,0.43669865
0.9047619047619032,0.47135985
0.9285714285714288,0.40190825
0.9047619047619048,0.37076393
0.9047619047619052,0.38035494
0.9047619047619032,0.35171112
0.9047619047619052,0.3991607
0.8571428571428572,0.3239816
0.0,0.42128864
0.0,0.35391504
0.0,0.38389948
0.0,0.3819136
0.0,0.40908816
0.0,0.36672026
0.0,0.36667082
0.0,0.4247778
0.0,0.44630042
0.0,0.39533874
0.3421052631578938,0.42761418
0.3333333333333357,0.3767853
0.3157894736842088,0.46062717
0.3157894736842053,0.426697
0.2719298245614041,0.49423397
0.2807017543859658,0.38287374
0.2807017543859658,0.44298267
0.2807017543859658,0.43513578
0.3070175438596507,0.4269501
0.4473684210526336,0.40587366
0.3855421686747178,0.45051277
0.3132530120481931,0.38558137
0.1927710843373375,0.43445003
0.1807228915662762,0.35926458
0.1686746987951579,0.34264454
0.2168674698795172,0.46715623
0.2530120481927724,0.43696827
0.2771084337349379,0.3609639
0.2771084337349379,0.3397784
0.2409638554216968,0.3993899
0.9285714285714288,0.3983691
0.9285714285714288,0.53775585
0.9047619047619052,0.4337462
0.928571428571428,0.47260058
0.9047619047619052,0.40121546
0.9047619047619048,0.37082905
0.9047619047619052,0.3821744
0.9047619047619032,0.34948218
0.8571428571428572,0.39839697
0.5,0.3220293
0.0,0.42287782
0.0,0.35466504
0.0,0.38257462
0.0,0.38132992
0.0,0.4085964
0.0,0.36716697
0.0,0.36650825
0.0,0.42371997
0.0,0.44511473
0.0,0.3949071
0.3333333333333357,0.42763278
0.3157894736842124,0.3780561
0.3157894736842088,0.45982963
0.271929824561397,0.42360455
0.2807017543859658,0.49146616
0.2807017543859658,0.38429847
0.2807017543859658,0.44250432
0.3070175438596507,0.4356593
0.4473684210526301,0.4264979
0.6842105263157912,0.40821445
0.3132530120481789,0.45048264
0.1927710843373518,0.38732415
0.1807228915662619,0.4337954
0.1686746987951721,0.35965955
0.2168674698795172,0.34190202
0.2530120481927724,0.46543008
0.2771084337349379,0.43911463
0.2771084337349379,0.36340588
0.2409638554216968,0.3385765
0.2409638554216968,0.4004883
0.9285714285714288,0.3979411
0.9047619047619048,0.5376891
0.928571428571428,0.43115795
0.9047619047619032,0.4722495
0.9047619047619052,0.40184054
0.9047619047619048,0.37220797
0.9047619047619052,0.38316685
0.8571428571428568,0.34923512
0.5,0.3981041
0.4047619047619046,0.32200423
0.0,0.4228558
0.0,0.35543624
0.0,0.38048068
0.0,0.38035467
0.0,0.40726882
0.0,0.3678254
0.0,0.36520752
0.0,0.42303726
0.0,0.4449875
0.0,0.3935202
0.3157894736842088,0.4295107
0.3157894736842124,0.3772747
0.2719298245614041,0.46132487
0.2807017543859658,0.42236584
0.2807017543859658,0.48860496
0.2807017543859658,0.3844098
0.3070175438596543,0.44075438
0.4473684210526265,0.43555093
0.6842105263157912,0.42700374
0.763157894736846,0.40876028
0.1927710843373375,0.44901288
0.1807228915662619,0.38859636
0.1686746987951721,0.43297768
0.2168674698795172,0.36067912
0.2530120481927582,0.34118554
0.2771084337349521,0.46356207
0.2771084337349379,0.4415807
0.2409638554216826,0.3648105
0.2409638554216968,0.33989877
0.2650602409638622,0.40067506
0.9047619047619052,0.39877933
0.9285714285714288,0.5383015
0.9047619047619052,0.4283665
0.9047619047619032,0.47101507
0.9047619047619052,0.40368748
0.9047619047619048,0.37333336
0.8571428571428577,0.38455373
0.5,0.34933734
0.4047619047619046,0.39828292
0.4047619047619046,0.3226822
0.0,0.42323026
0.0,0.3566835
0.0,0.37763885
0.0,0.38025522
0.0,0.40568045
0.0,0.3694664
0.0,0.36277485
0.0,0.421906
0.0,0.44422024
0.0,0.39325577
0.3157894736842088,0.4304837
0.2719298245614041,0.37712255
0.2807017543859658,0.46270847
0.2807017543859658,0.42188925
0.2807017543859658,0.48525685
0.3070175438596507,0.38383055
0.4473684210526301,0.4387272
0.684210526315784,0.4367565
0.763157894736846,0.42586663
0.8596491228070171,0.40976924
0.1807228915662762,0.44773993
0.1686746987951863,0.38902384
0.2168674698795172,0.43332317
0.2530120481927582,0.36239314
0.2771084337349379,0.3406823
0.2771084337349521,0.46290994
0.2409638554216826,0.44396085
0.2409638554216826,0.3661026
0.2650602409638765,0.34189525
0.2650602409638622,0.4012005
0.9285714285714288,0.39931148
0.9047619047619048,0.53805166
0.9047619047619052,0.42659378
0.9047619047619032,0.46913567
0.9047619047619052,0.4064944
0.8571428571428572,0.3748501
0.5000000000000009,0.3848238
0.4047619047619033,0.35008016
0.4047619047619046,0.39854226
0.4285714285714288,0.32427293
0.0,0.42309427
0.0,0.35706335
0.0,0.37619975
0.0,0.37951633
0.0,0.40452343
0.0,0.37174165
0.0,0.35944444
0.0,0.42053422
0.0,0.44420254
0.0,0.39298055
0.2719298245614041,0.4305446
0.2807017543859658,0.3763699
0.2807017543859658,0.46461898
0.2807017543859658,0.4217052
0.3070175438596507,0.48369893
0.4473684210526336,0.38179323
0.6842105263157912,0.4372657
0.7631578947368425,0.43746668
0.8596491228070171,0.42533496
0.8333333333333321,0.40944368
0.1686746987951579,0.44420817
0.2168674698795172,0.3910528
0.2530120481927724,0.43394294
0.2771084337349379,0.36375615
0.2771084337349379,0.34043604
0.2409638554216968,0.46101758
0.2409638554216826,0.4463018
0.2650602409638622,0.36496362
0.2650602409638765,0.34584534
0.2409638554216968,0.40070382
0.9047619047619052,0.40247855
0.9047619047619048,0.53704095
0.9047619047619052,0.42555282
0.9047619047619032,0.46629614
0.8571428571428572,0.40774307
0.5,0.37458065
0.4047619047619051,0.38434264
0.4047619047619033,0.35195205
0.4285714285714284,0.398027
0.3333333333333335,0.32723406
0.0,0.4228942
0.0,0.35842696
0.0,0.376539
0.0,0.37992117
0.0,0.40367022
0.0,0.37337038
0.0,0.3577986
0.0,0.41836166
0.0,0.4434329
0.0,0.39356583
0.2807017543859658,0.4313177
0.2807017543859658,0.3763653
0.2807017543859658,0.4645837
0.3070175438596507,0.42266816
0.4473684210526301,0.4821592
0.6842105263157912,0.38120604
0.763157894736846,0.4354212
0.8596491228070171,0.43988666
0.8333333333333321,0.42459866
0.9385964912280684,0.4080347
0.2168674698795172,0.44094172
0.2530120481927724,0.39229527
0.2771084337349379,0.43453667
0.2771084337349379,0.36477667
0.2409638554216968,0.33946174
0.2409638554216968,0.45983732
0.265060240963848,0.44756097
0.2650602409638622,0.36321405
0.2409638554216968,0.35096782
0.2650602409638622,0.4003913
0.9047619047619052,0.40408435
0.9047619047619048,0.53633344
0.9047619047619052,0.42589206
0.8571428571428568,0.46401662
0.5,0.4102216
0.4047619047619046,0.37485906
0.4047619047619051,0.38308966
0.4285714285714279,0.35417864
0.3333333333333335,0.39822266
0.3809523809523809,0.33003584
0.0,0.42151558
0.0,0.35978055
0.0,0.37671453
0.0,0.38068968
0.0,0.40145087
0.0,0.37477657
0.0,0.35519636
0.0,0.41669253
0.0,0.44168183
0.0,0.39343038
0.2807017543859658,0.43240863
0.2807017543859658,0.37775087
0.3070175438596543,0.464254
0.4473684210526265,0.42364904
0.6842105263157912,0.48130995
0.763157894736846,0.37980887
0.8596491228070171,0.4347293
0.8333333333333357,0.44238356
0.938596491228072,0.42403862
0.8947368421052637,0.4065172
