Actual,Predicted
0.4081632653061291,0.42718732
0.4795918367346985,0.4045128
0.656565656565661,0.3559314
0.6310679611650443,0.35939267
0.6095238095238074,0.38276023
0.5904761904761884,0.33413294
0.5523809523809433,0.42951763
0.5142857142857125,0.43147537
0.5333333333333385,0.41813433
0.5142857142857125,0.4149283
0.8840579710144929,0.38052347
0.9565217391304348,0.41615573
1.014492753623188,0.408189
1.028985507246377,0.39021206
1.0144927536231885,0.45908132
1.0,0.36971408
0.9710144927536232,0.37603936
1.0,0.43041533
1.0289855072463767,0.33747232
1.028985507246377,0.48255354
1.0,0.45850247
0.0,0.3193763
2.375,0.40172607
3.875000000000014,0.28981853
0.2499999999999715,0.460101
0.0,0.3453972
0.0,0.41609442
0.0,0.3600111
0.0,0.4078444
0.0,0.44327706
0.2295918367346949,0.38746136
0.2448979591836728,0.35664955
0.1785714285714288,0.43049642
0.1734693877551052,0.41969866
0.1836734693877542,0.3670911
0.1836734693877559,0.37638134
0.1938775510204067,0.3741955
0.1836734693877577,0.4414634
0.1530612244897948,0.42012563
0.1428571428571423,0.45913893
0.4795918367347056,0.4305
0.6632653061224545,0.40386328
0.656565656565661,0.33763623
0.6213592233009706,0.36468792
0.5904761904761955,0.3725732
0.5523809523809433,0.34787172
0.5142857142857125,0.41800165
0.5333333333333314,0.41398242
0.5142857142857125,0.40939388
0.4952380952380935,0.43152744
0.9565217391304348,0.3663485
1.0144927536231882,0.4181923
1.028985507246377,0.40412852
1.0144927536231885,0.40116146
1.0,0.47707686
0.9710144927536232,0.36132357
1.0,0.3825545
1.028985507246377,0.39094377
1.0289855072463767,0.35721484
1.0434782608695652,0.4416565
0.0,0.44488436
2.375,0.33628744
3.875,0.41734773
0.2500000000000142,0.2880494
0.0,0.47255695
0.0,0.3571271
0.0,0.38830143
0.0,0.38682622
0.0,0.40405
0.0,0.48393434
0.244897959183671,0.34766784
0.1785714285714288,0.3751194
0.1734693877551016,0.43164533
0.1836734693877577,0.41091183
0.1836734693877542,0.372663
0.1938775510204067,0.3776576
0.1836734693877542,0.39647126
0.1530612244897966,0.44788185
0.1428571428571423,0.40928912
0.1377551020408152,0.4480511
0.6632653061224545,0.42950058
0.6632653061224545,0.39301574
0.6464646464646364,0.33577257
0.6019417475728233,0.37337586
0.5523809523809433,0.3926273
0.5142857142857125,0.32129294
0.5333333333333314,0.4316159
0.5142857142857125,0.43260017
0.4952380952381006,0.42127427
0.4952380952380935,0.44202915
1.0144927536231885,0.38044092
1.028985507246377,0.40025592
1.014492753623188,0.40949926
1.0,0.3908442
0.9710144927536232,0.48925805
1.0,0.3655655
1.028985507246377,0.36878508
1.028985507246377,0.40766743
1.0434782608695652,0.35321257
1.028985507246377,0.4648763
2.374999999999972,0.4260582
3.875000000000029,0.3028109
0.2500000000000142,0.39951217
0.0,0.27448356
0.0,0.45250452
0.0,0.3286697
0.0,0.39066207
0.0,0.36472297
0.0,0.38344753
0.0,0.50476813
0.1785714285714288,0.36689705
0.1734693877551034,0.3599622
0.1836734693877542,0.405998
0.1836734693877577,0.4219461
0.1938775510204067,0.3741463
0.1836734693877559,0.37731072
0.1530612244897931,0.38435274
0.1428571428571441,0.4495591
0.1377551020408152,0.42688555
0.1734693877551034,0.46097702
0.6632653061224545,0.4376763
0.6530612244897966,0.40084
0.6262626262626299,0.34027278
0.5631067961165002,0.37644556
0.5142857142857125,0.3838556
0.5333333333333385,0.31450245
0.5142857142857125,0.41435504
0.4952380952380935,0.4334908
0.4952380952381006,0.448623
0.5238095238095255,0.4263504
1.0289855072463767,0.38200784
1.0144927536231882,0.37944198
1.0,0.40020195
0.9710144927536236,0.40912288
1.0,0.49913982
1.028985507246377,0.3730894
1.028985507246377,0.37029988
1.0434782608695654,0.4076628
1.0289855072463767,0.3511455
1.028985507246377,0.4685635
3.874999999999943,0.44048303
0.25,0.3084529
0.0,0.40054727
0.0,0.27888283
0.0,0.4443153
0.0,0.3345229
0.0,0.39722103
0.0,0.385387
0.0,0.40387735
0.0,0.49420354
0.1734693877551016,0.35757032
0.1836734693877559,0.36726075
0.1836734693877542,0.39217332
0.1938775510204102,0.41950637
0.1836734693877542,0.3721334
0.1530612244897948,0.3976298
0.1428571428571423,0.37583673
0.1377551020408205,0.4546612
0.1734693877551016,0.39814967
0.1938775510204067,0.45924252
0.6530612244897966,0.42438245
0.6326530612244881,0.38805166
0.5858585858585883,0.32914335
0.5242718446601913,0.36675885
0.5333333333333385,0.32907578
0.5142857142857125,0.31390664
0.4952380952380935,0.3992828
0.4952380952380935,0.44967037
0.5238095238095255,0.4257965
0.5619047619047564,0.41966906
1.0144927536231885,0.3406969
1.0,0.4317266
0.9710144927536232,0.39456168
1.0,0.41918558
1.0289855072463767,0.46804115
1.028985507246377,0.35395765
1.043478260869565,0.38100907
1.028985507246377,0.3988808
1.0289855072463767,0.3588089
1.0,0.46392286
0.2499999999999715,0.43551636
0.0,0.33880785
0.0,0.38309246
0.0,0.2864471
0.0,0.45127678
0.0,0.3608861
0.0,0.39899534
0.0,0.3696212
0.0,0.4044086
0.0,0.4852718
0.1836734693877542,0.33885798
0.1836734693877559,0.39798096
0.1938775510204067,0.4213701
0.1836734693877577,0.4143678
0.1530612244897948,0.36084095
0.1428571428571423,0.3847695
0.1377551020408169,0.37238732
0.1734693877551052,0.43741888
0.1938775510204067,0.441012
0.2091836734693881,0.45835397
0.6326530612245023,0.41181904
0.5918367346938709,0.39395076
0.5454545454545467,0.34801692
0.5436893203883528,0.37308368
0.5142857142857125,0.35426635
0.4952380952380935,0.3415758
0.4952380952380935,0.4007328
0.5238095238095184,0.43274838
0.5619047619047564,0.42333066
0.6190476190476204,0.410724
1.0,0.35503355
0.9710144927536232,0.41707328
1.0,0.399211
1.028985507246377,0.41295215
1.0289855072463767,0.45548454
1.0434782608695652,0.37044662
1.028985507246377,0.37709886
1.028985507246377,0.3982497
1.0,0.36196738
0.9130434782608696,0.44773215
0.0,0.4359143
0.0,0.34650335
0.0,0.4051487
0.0,0.31776348
0.0,0.45235458
0.0,0.37557864
0.0,0.40021345
0.0,0.38184354
0.0,0.4151261
0.0,0.45132503
0.1836734693877542,0.36465025
0.1938775510204067,0.38751218
0.1836734693877542,0.40913194
0.1530612244897966,0.41875917
0.1428571428571423,0.37543568
0.1377551020408152,0.38797948
0.1734693877551016,0.3804858
0.1938775510204102,0.43400314
0.2091836734693863,0.42425475
0.2806122448979593,0.44655576
0.591836734693878,0.4138935
0.5510204081632608,0.39222872
0.5656565656565675,0.3624152
0.5242718446601913,0.37724525
0.4952380952381006,0.36576366
0.4952380952380935,0.3462359
0.5238095238095184,0.39430156
0.5619047619047564,0.42882285
0.6190476190476204,0.42079094
0.6380952380952323,0.41796067
0.9710144927536232,0.36759987
1.0,0.41214126
1.028985507246377,0.403483
1.028985507246377,0.40537623
1.0434782608695652,0.45795178
1.028985507246377,0.3799755
1.028985507246377,0.37139603
1.0,0.40040296
0.9130434782608696,0.3696652
0.7681159420289856,0.44172537
0.0,0.43780133
0.0,0.35170096
0.0,0.41523787
0.0,0.31719434
0.0,0.45240602
0.0,0.38551956
0.0,0.40296885
0.0,0.38779128
0.0,0.41485602
0.0,0.44348952
0.1938775510204067,0.36419094
0.1836734693877559,0.37161538
0.1530612244897931,0.40670905
0.1428571428571441,0.42405376
0.1377551020408152,0.38406673
0.1734693877551034,0.3853259
0.1938775510204067,0.38470963
0.2091836734693899,0.43467155
0.2806122448979593,0.41435176
0.3367346938775508,0.4439093
0.5510204081632679,0.41544327
0.5714285714285765,0.39094067
0.5454545454545467,0.36584663
0.5048543689320439,0.37813604
0.4952380952381006,0.36975154
0.5238095238095255,0.34727693
0.5619047619047564,0.39625028
0.6190476190476204,0.42381725
0.6380952380952394,0.4210464
0.6380952380952323,0.42314196
1.0,0.36841267
1.028985507246377,0.4105895
1.028985507246377,0.4055158
1.0434782608695654,0.39956477
1.0289855072463767,0.45674464
1.028985507246377,0.3760002
1.0,0.36919376
0.9130434782608696,0.40566123
0.7681159420289858,0.3677594
0.855072463768116,0.43908846
0.0,0.43672597
0.0,0.35178205
0.0,0.42070884
0.0,0.31077445
0.0,0.4469463
0.0,0.38361648
0.0,0.4112972
0.0,0.3867106
0.0,0.41211998
1.8750000000000284,0.44282645
0.1836734693877542,0.35820532
0.1530612244897948,0.36377165
0.1428571428571423,0.41094476
0.1377551020408205,0.43165696
0.1734693877551016,0.38825515
0.1938775510204067,0.38204005
0.2091836734693863,0.38781026
0.2806122448979593,0.43602434
0.3367346938775508,0.40829933
0.3061224489795933,0.44290745
0.5714285714285836,0.4163202
0.5510204081632608,0.39160705
0.525252525252526,0.36562034
0.5048543689320439,0.37760937
0.5238095238095255,0.37614858
0.5619047619047564,0.34619054
0.6190476190476133,0.39946657
0.6380952380952394,0.41859484
0.6380952380952394,0.4249833
0.6095238095238074,0.42533568
1.0289855072463767,0.36463642
1.028985507246377,0.40870586
1.043478260869565,0.40959266
1.028985507246377,0.39103517
1.0289855072463767,0.45582148
1.0,0.37223512
0.9130434782608692,0.36917
0.7681159420289854,0.4158894
0.8550724637681162,0.37064835
0.7536231884057971,0.43729803
0.0,0.4359686
0.0,0.3513395
0.0,0.421444
0.0,0.30415875
0.0,0.44237965
0.0,0.38351038
0.0,0.42056906
0.0,0.38259777
1.874999999999972,0.40975538
0.0,0.4435371
0.1530612244897948,0.35484767
0.1428571428571423,0.35734335
0.1377551020408169,0.4164359
0.1734693877551052,0.4353464
0.1938775510204067,0.3907409
0.2091836734693881,0.38034922
0.2806122448979575,0.3873453
0.3367346938775526,0.4369333
0.3061224489795915,0.40307313
0.4591836734693881,0.43972886
0.5510204081632679,0.4162005
0.5306122448979593,0.39171737
0.525252525252526,0.36371002
0.533980582524265,0.37703413
0.5619047619047564,0.3770989
0.6190476190476204,0.34874263
0.6380952380952465,0.40040627
0.6380952380952394,0.4158203
0.6095238095238074,0.42709634
0.5904761904761884,0.42662674
1.0289855072463767,0.36201668
1.0434782608695652,0.4106687
1.028985507246377,0.4117423
1.028985507246377,0.38763046
1.0,0.4561231
0.9130434782608696,0.36916894
0.7681159420289849,0.3687032
0.8550724637681157,0.42189834
0.7536231884057971,0.3744852
0.5217391304347825,0.43205225
0.0,0.43734464
0.0,0.35068887
0.0,0.4210676
0.0,0.3011103
0.0,0.44118187
0.0,0.38569185
0.0,0.42571577
1.8750000000000144,0.3821904
0.0,0.40501872
0.0,0.4448688
0.1428571428571423,0.3536761
0.1377551020408152,0.35429668
0.1734693877551016,0.42048103
0.1938775510204102,0.43555284
0.2091836734693863,0.39281
0.2806122448979593,0.3781315
0.3367346938775508,0.38972956
0.3061224489795933,0.43771046
0.4591836734693864,0.39936632
0.6122448979591848,0.43728486
0.5306122448979735,0.41456005
0.5306122448979593,0.39456785
0.5555555555555571,0.3657106
0.572815533980588,0.37955275
0.6190476190476204,0.37734252
0.6380952380952323,0.3487335
0.6380952380952465,0.3997461
0.6095238095238003,0.41181913
0.5904761904761955,0.42919624
0.5428571428571374,0.42705062
1.0434782608695652,0.35762796
1.028985507246377,0.41313314
1.028985507246377,0.41453525
1.0,0.3827832
0.9130434782608696,0.4545246
0.7681159420289856,0.36725968
0.8550724637681157,0.3676141
0.7536231884057969,0.42414856
0.5217391304347827,0.37745884
0.4782608695652173,0.42991775
0.0,0.4378557
0.0,0.35313198
0.0,0.4200834
0.0,0.2998775
0.0,0.43722925
0.0,0.3892878
1.875,0.4288204
0.0,0.37967706
0.0,0.4006434
0.0,0.443886
0.1377551020408152,0.35285264
0.1734693877551034,0.353912
0.1938775510204067,0.42401892
0.2091836734693899,0.43926954
0.2806122448979593,0.39486143
0.3367346938775508,0.37653708
0.3061224489795897,0.39137366
0.4591836734693899,0.4362622
0.612244897959183,0.39738575
0.5561224489795915,0.43318686
0.5306122448979735,0.4131286
0.5612244897959187,0.3956065
0.5959595959595987,0.365521
0.6310679611650443,0.3810813
0.6380952380952394,0.37704256
0.6380952380952323,0.3508667
0.6095238095238074,0.39776105
0.5904761904761955,0.4113382
0.5428571428571516,0.43053874
0.4857142857142875,0.4273792
1.0289855072463767,0.35336265
1.028985507246377,0.41814962
1.0,0.41571957
0.9130434782608696,0.38221762
0.7681159420289858,0.45515704
0.855072463768116,0.36670244
0.7536231884057969,0.36568624
0.5217391304347827,0.42585233
0.4782608695652177,0.38201693
0.36231884057971,0.42607012
0.0,0.43655354
0.0,0.35390705
0.0,0.41836628
0.0,0.29941142
0.0,0.4366389
1.8750000000000284,0.39451548
0.0,0.43154162
0.0,0.37720373
0.0,0.3976703
0.0,0.4447258
0.1734693877551016,0.35145038
0.1938775510204067,0.35289037
0.2091836734693863,0.4255769
0.2806122448979593,0.43997237
0.3367346938775508,0.3967692
0.3061224489795933,0.3737472
0.4591836734693864,0.39438322
0.6122448979591866,0.43268016
0.5561224489795933,0.3988849
0.6530612244897966,0.4321365
0.5612244897959258,0.41317132
0.6020408163265287,0.3954724
0.656565656565661,0.36556423
0.6504854368932058,0.382918
0.6380952380952394,0.37431622
0.6095238095238074,0.35577148
0.5904761904761955,0.39648744
0.5428571428571445,0.407615
0.4857142857142875,0.4305539
0.4476190476190496,0.42688867
1.0289855072463767,0.3498903
1.0,0.42107055
0.9130434782608692,0.41656896
0.7681159420289854,0.3823006
0.8550724637681162,0.4516801
0.7536231884057971,0.363539
0.5217391304347827,0.3668615
0.4782608695652173,0.42802018
0.3623188405797104,0.38123277
0.36231884057971,0.42424455
0.0,0.4377477
0.0,0.35785222
0.0,0.41858214
0.0,0.30135003
1.874999999999972,0.43503204
0.0,0.39769495
0.0,0.4342723
0.0,0.37874687
0.0,0.3941998
0.0,0.4416915
0.1938775510204067,0.35006458
0.2091836734693881,0.3530849
0.2806122448979575,0.43011042
0.3367346938775526,0.44120473
0.3061224489795915,0.3979627
0.4591836734693881,0.37190735
0.612244897959183,0.3977583
0.5561224489795933,0.43136084
0.6530612244897949,0.399917
0.7193877551020407,0.43032503
0.6020408163265358,0.4106841
0.6632653061224545,0.39568785
0.6767676767676818,0.36687967
0.6504854368932058,0.384272
0.6095238095238074,0.3727374
0.5904761904761884,0.35816574
0.5428571428571516,0.39439398
0.4857142857142875,0.4067714
0.4476190476190567,0.427497
0.4190476190476175,0.42726314
1.0,0.3510627
0.9130434782608696,0.42405966
0.7681159420289849,0.4140578
0.8550724637681157,0.38503233
0.7536231884057971,0.44844913
0.5217391304347825,0.36304072
0.4782608695652173,0.3682526
0.36231884057971,0.4250099
0.3623188405797104,0.38091826
0.3478260869565219,0.42172652
0.0,0.4367861
0.0,0.3579069
0.0,0.41780415
1.8750000000000144,0.30438223
0.0,0.43404162
0.0,0.3992653
0.0,0.43174952
0.0,0.38031924
0.0,0.393402
0.0,0.44031146
0.2091836734693863,0.35009336
0.2806122448979593,0.356787
0.3367346938775508,0.4314283
0.3061224489795933,0.44133392
0.4591836734693864,0.3985883
0.6122448979591848,0.3717745
0.5561224489795915,0.39907503
0.6530612244897984,0.43109512
0.7193877551020407,0.40455106
0.6734693877551017,0.42909023
0.6632653061224545,0.41228104
0.683673469387756,0.39297867
0.6767676767676818,0.37525544
0.6213592233009706,0.37090024
0.5904761904761955,0.3586235
0.5428571428571374,0.35967147
0.4857142857142875,0.39602736
0.4476190476190496,0.41426626
0.4190476190476175,0.41484317
0.4761904761904745,0.41745535
0.9130434782608696,0.36640146
0.7681159420289856,0.41993794
0.8550724637681157,0.40550017
0.7536231884057969,0.39619902
0.5217391304347827,0.4417687
0.4782608695652173,0.3734432
0.36231884057971,0.3714687
0.36231884057971,0.41868702
0.3478260869565219,0.37186974
0.507246376811594,0.4150951
0.0,0.44167233
0.0,0.36393547
1.875,0.41180766
0.0,0.30448827
0.0,0.4399238
0.0,0.3986093
0.0,0.42296627
0.0,0.3947857
0.0,0.39279112
0.0,0.4276929
0.2806122448979593,0.34756118
0.3367346938775508,0.36152053
0.3061224489795897,0.4355654
0.4591836734693899,0.42643207
0.612244897959183,0.39036956
0.5561224489795915,0.38545015
0.6530612244897931,0.3966423
0.7193877551020407,0.42553446
0.6734693877551017,0.40630296
0.6224489795918373,0.4368229
0.6836734693877702,0.41140154
0.683673469387756,0.39877275
0.6464646464646364,0.38186413
0.6019417475728233,0.3590072
0.5428571428571516,0.3560659
0.4857142857142875,0.3637642
0.4476190476190496,0.39563933
0.4190476190476104,0.4234227
0.4761904761904745,0.3991445
0.5142857142857125,0.4163883
0.7681159420289858,0.37358624
0.855072463768116,0.41984493
0.7536231884057969,0.3977339
0.5217391304347827,0.40538925
0.4782608695652177,0.42964965
0.36231884057971,0.38487002
0.36231884057971,0.38356572
0.3478260869565215,0.41044778
0.5072463768115945,0.37101352
0.5507246376811594,0.4200721
0.0,0.4378229
1.8750000000000284,0.36748147
0.0,0.41428033
0.0,0.31709576
0.0,0.44238028
0.0,0.396267
0.0,0.40632868
0.0,0.40063772
0.0,0.3952434
0.0,0.41431382
0.3367346938775508,0.3551825
0.3061224489795933,0.3708976
0.4591836734693864,0.43312356
0.6122448979591866,0.4201138
0.5561224489795933,0.37976062
0.6530612244897966,0.390301
0.7193877551020407,0.39192495
0.6734693877551035,0.42594802
0.6224489795918355,0.40581065
0.545918367346939,0.43453452
0.6836734693877702,0.40932092
0.6530612244897966,0.40122655
0.6262626262626299,0.37955275
0.5533980582524265,0.36421832
0.4857142857142875,0.37068617
0.4476190476190496,0.34676906
0.4190476190476175,0.39649907
0.4761904761904745,0.42307198
0.5142857142857125,0.3935207
0.6190476190476204,0.4239348
0.8550724637681162,0.37887958
0.7536231884057971,0.41696256
0.5217391304347827,0.40004548
0.4782608695652173,0.4042159
0.3623188405797104,0.43138376
0.36231884057971,0.39308128
0.3478260869565215,0.38701302
0.5072463768115942,0.4044808
0.5507246376811596,0.377621
0.5797101449275364,0.4284712
1.874999999999972,0.4290092
0.0,0.36961955
0.0,0.4101845
0.0,0.31973204
0.0,0.4392737
0.0,0.3882256
0.0,0.39492163
0.0,0.39285913
0.0,0.39968494
0.0,0.43063068
0.3061224489795915,0.36317694
0.4591836734693881,0.37520608
0.612244897959183,0.4228258
0.5561224489795933,0.4103953
0.6530612244897949,0.37342545
0.7193877551020407,0.38523597
0.6734693877550999,0.38270843
0.6224489795918391,0.4284878
0.545918367346939,0.40125552
0.5051020408163271,0.43847
0.6530612244897966,0.42815465
0.6326530612244881,0.40272507
0.5757575757575921,0.37656513
0.495145631067956,0.36236647
0.4476190476190567,0.3595989
0.4190476190476175,0.33642974
0.4761904761904745,0.40101913
0.5142857142857125,0.43049094
0.6190476190476204,0.39511022
0.6952380952380892,0.4165536
0.7536231884057971,0.39920208
0.5217391304347825,0.38891587
0.4782608695652173,0.39025602
0.36231884057971,0.40140933
0.3623188405797104,0.43530285
0.3478260869565219,0.39995706
0.5072463768115938,0.3873799
0.5507246376811596,0.39556408
0.5797101449275364,0.35663924
0.7246376811594202,0.43175918
0.0,0.4473906
0.0,0.36443785
0.0,0.40267825
0.0,0.30107903
0.0,0.4374547
0.0,0.36733627
0.0,0.3900786
0.0,0.41231683
0.0,0.40011922
0.0,0.42621765
0.4591836734693864,0.3556922
0.6122448979591848,0.37952122
0.5561224489795915,0.422184
0.6530612244897984,0.4100093
0.7193877551020407,0.36641237
0.6734693877551017,0.40619212
0.6224489795918355,0.3769059
0.5459183673469408,0.4347278
0.5051020408163254,0.39224437
0.3520408163265323,0.44432002
0.6326530612245023,0.43236876
0.5816326530612272,0.39295816
0.5151515151515156,0.37240842
0.4563106796116614,0.33213618
0.4190476190476175,0.33272162
0.4761904761904745,0.3259389
0.5142857142857125,0.3872992
0.6190476190476204,0.45463362
0.6952380952380963,0.37231976
0.7523809523809462,0.42554435
0.5217391304347827,0.40155315
0.4782608695652173,0.39191896
0.36231884057971,0.37034395
0.36231884057971,0.41285107
0.3478260869565219,0.42720702
0.507246376811594,0.39467347
0.5507246376811592,0.39301056
0.5797101449275366,0.39038268
0.7246376811594204,0.3361789
0.826086956521739,0.45104104
0.0,0.4770651
0.0,0.35627508
0.0,0.39305377
0.0,0.27299353
0.0,0.4442835
0.0,0.3505417
0.0,0.37954062
0.0,0.42352292
0.0,0.39799443
0.0,0.40440282
0.612244897959183,0.34967348
0.5561224489795915,0.3859427
0.6530612244897931,0.43790394
0.7193877551020407,0.39761335
0.6734693877551017,0.3508682
0.6224489795918373,0.40776804
0.5459183673469372,0.37099323
0.5051020408163307,0.44948372
0.3520408163265305,0.4075933
0.270408163265305,0.4524058
0.5816326530612344,0.4171591
0.5204081632653086,0.40310046
0.474747474747474,0.38391465
0.4271844660194119,0.3324759
0.4761904761904745,0.34516397
0.5142857142857125,0.3165557
0.6190476190476133,0.38065848
0.6952380952380892,0.45072082
0.7523809523809462,0.3699223
0.7714285714285722,0.4198124
0.4782608695652177,0.39714584
0.36231884057971,0.41578528
0.36231884057971,0.37579998
0.3478260869565215,0.41370425
0.5072463768115945,0.43601352
0.5507246376811594,0.38865823
0.5797101449275361,0.4030844
0.72463768115942,0.37672976
0.8260869565217392,0.3396755
0.855072463768116,0.4847887
0.0,0.4704842
0.0,0.34738705
0.0,0.38743037
0.0,0.28593773
0.0,0.4540227
0.0,0.348629
0.0,0.35457188
0.0,0.39470577
0.0,0.40415832
0.0,0.41905633
0.5561224489795933,0.3650495
0.6530612244897966,0.3907065
0.7193877551020407,0.43167767
0.6734693877551035,0.38993084
0.6224489795918355,0.3409582
0.545918367346939,0.3814807
0.5051020408163254,0.36064863
0.352040816326534,0.45315304
0.2704081632653068,0.40695703
0.2295918367346949,0.4609433
0.5204081632653157,0.42819145
0.4795918367346985,0.4108733
0.4444444444444428,0.3579589
0.4854368932038824,0.37291682
0.5142857142857125,0.3752018
0.6190476190476204,0.29048225
0.6952380952380821,0.39790234
0.7523809523809533,0.42760652
0.7714285714285722,0.4007235
0.7714285714285722,0.41564167
0.3623188405797104,0.40364212
0.36231884057971,0.39260283
0.3478260869565215,0.39357874
0.5072463768115942,0.3928269
0.5507246376811596,0.4696801
0.5797101449275364,0.39034477
0.7246376811594204,0.38604447
0.8260869565217392,0.3865445
0.8550724637681162,0.33596274
0.8695652173913042,0.49724585
0.0,0.46072936
0.0,0.33712447
0.0,0.39031905
0.0,0.2560208
0.0,0.45332947
0.0,0.3414642
0.0,0.3654201
0.0,0.37703097
0.0,0.41033307
0.0,0.46684095
0.6530612244897949,0.3530315
0.7193877551020407,0.38274774
0.6734693877550999,0.43767017
0.6224489795918391,0.40165207
0.545918367346939,0.35540584
0.5051020408163271,0.3858093
0.3520408163265305,0.35578787
0.2704081632653068,0.4465108
0.2295918367346949,0.391198
0.2091836734693881,0.46597546
0.4795918367347056,0.44104648
0.4489795918367321,0.41310716
0.5050505050505052,0.3397169
0.5242718446601913,0.38507223
0.6190476190476204,0.37485605
0.6952380952380892,0.28639537
0.7523809523809462,0.41746795
0.7714285714285793,0.43046877
0.7714285714285722,0.4339361
0.8190476190476232,0.42353353
0.3623188405797104,0.3945712
0.3478260869565219,0.38463527
0.5072463768115938,0.40094897
0.5507246376811596,0.38871533
0.5797101449275364,0.5087321
0.7246376811594202,0.37128225
0.8260869565217388,0.37057236
0.8550724637681157,0.38579214
0.8695652173913044,0.32514185
0.8695652173913042,0.48655427
0.0,0.44606394
0.0,0.3005159
0.0,0.40704978
0.0,0.23943867
0.0,0.4612731
0.0,0.32888725
0.0,0.37149212
0.0,0.36656305
0.0,0.418979
0.0,0.5046698
0.7193877551020407,0.34086347
0.6734693877551017,0.37283298
0.6224489795918355,0.41684997
0.5459183673469408,0.4183402
0.5051020408163254,0.37324595
0.3520408163265323,0.39254615
0.270408163265305,0.3643256
0.2295918367346949,0.4560871
0.2091836734693863,0.39947405
0.1887755102040813,0.4686636
0.4489795918367392,0.42948925
0.5102040816326507,0.40064266
0.5454545454545467,0.3269673
0.6310679611650443,0.37421054
0.6952380952380963,0.37481403
0.7523809523809462,0.29706243
0.7714285714285722,0.4178322
0.7714285714285793,0.4335139
0.8190476190476161,0.44307768
0.8285714285714221,0.43042344
0.3478260869565219,0.3766643
0.507246376811594,0.40373525
0.5507246376811592,0.4084376
0.5797101449275366,0.40434846
0.7246376811594204,0.50473446
0.826086956521739,0.36823356
0.8550724637681157,0.3617874
0.8695652173913042,0.40494406
0.8695652173913044,0.32642955
0.9130434782608696,0.49443823
0.0,0.4396435
0.0,0.2846961
0.0,0.40594512
0.0,0.24945456
0.0,0.478655
0.0,0.31301248
0.0,0.38374525
0.0,0.35979182
0.0,0.42740256
0.0,0.5189652
0.6734693877551017,0.35255066
0.6224489795918373,0.36071828
0.5459183673469372,0.41553238
0.5051020408163307,0.41523412
0.3520408163265305,0.3664149
0.270408163265305,0.38060775
0.2295918367346932,0.3678186
0.2091836734693899,0.45785335
0.1887755102040813,0.42416185
0.1530612244897948,0.4880739
0.5102040816326578,0.43918738
0.5510204081632608,0.40881473
0.656565656565661,0.3181157
0.708737864077662,0.3724661
0.7523809523809462,0.34665817
0.7714285714285722,0.32144222
0.7714285714285722,0.4213645
0.8190476190476161,0.4285622
0.8285714285714292,0.4227206
0.8095238095238102,0.41556752
0.5072463768115945,0.36666554
0.5507246376811594,0.41780466
0.5797101449275361,0.39765587
0.72463768115942,0.41545632
0.8260869565217392,0.48497826
0.855072463768116,0.34894004
0.8695652173913042,0.3704842
0.8695652173913042,0.3892477
0.9130434782608696,0.3193475
0.927536231884058,0.4920705
0.0,0.46270883
0.0,0.32650644
0.0,0.3988503
0.0,0.26262355
0.0,0.47623655
0.0,0.33336902
0.0,0.39494357
0.0,0.3679349
0.0,0.42362002
0.0,0.49665132
0.6224489795918355,0.34247342
0.545918367346939,0.38867038
0.5051020408163254,0.4455395
0.352040816326534,0.41836154
0.2704081632653068,0.36121187
0.2295918367346949,0.38304827
0.2091836734693863,0.36398607
0.1887755102040849,0.44665718
0.1530612244897948,0.4351615
0.1275510204081644,0.46463948
0.5510204081632679,0.43837598
0.6632653061224545,0.40389976
0.7373737373737299,0.31122002
0.7669902912621325,0.37987876
0.7714285714285722,0.35564157
0.7714285714285722,0.3184193
0.8190476190476232,0.42164853
0.8285714285714292,0.43818405
0.8095238095238031,0.41904312
0.7619047619047592,0.4439751
0.5507246376811596,0.36430842
0.5797101449275364,0.42040193
0.7246376811594204,0.3986297
0.8260869565217392,0.4216653
0.8550724637681162,0.49287716
0.8695652173913042,0.36020166
0.8695652173913042,0.37019148
0.9130434782608696,0.36564392
0.927536231884058,0.34010288
0.8985507246376812,0.4671047
0.0,0.44075584
0.0,0.32036442
0.0,0.4015137
0.0,0.27217534
0.0,0.4712202
0.0,0.323981
0.0,0.3727095
0.0,0.3737554
0.0,0.41019398
0.0,0.52167135
0.545918367346939,0.33465567
0.5051020408163271,0.39192984
0.3520408163265305,0.42639065
0.2704081632653068,0.41665056
0.2295918367346949,0.3702188
0.2091836734693881,0.37877527
0.1887755102040831,0.3838794
0.1530612244897966,0.4488515
0.1275510204081626,0.44408298
0.1377551020408152,0.45699978
0.6632653061224545,0.44766617
0.7448979591836675,0.39428988
0.7979797979798064,0.31789887
0.786407766990294,0.3862439
0.7714285714285722,0.37343037
0.8190476190476232,0.30370682
0.8285714285714363,0.430003
0.8095238095238031,0.43932047
0.7619047619047592,0.4353324
0.7428571428571331,0.44278246
0.5797101449275364,0.3729898
0.7246376811594202,0.39429057
0.8260869565217388,0.4084991
0.8550724637681157,0.40633613
0.8695652173913044,0.5134238
0.8695652173913042,0.35783488
0.9130434782608692,0.36579812
0.927536231884058,0.3850708
0.8985507246376814,0.33472562
0.9565217391304348,0.49364904
0.0,0.42080176
0.0,0.2952599
0.0,0.3998472
0.0,0.2602105
0.0,0.45765463
0.0,0.29834417
0.0,0.37969336
0.0,0.36089975
0.0,0.40895915
0.0,0.5390707
0.5051020408163254,0.33849576
0.3520408163265323,0.3690867
0.270408163265305,0.404112
0.2295918367346949,0.42385095
0.2091836734693863,0.37384522
0.1887755102040813,0.38874906
0.1530612244897931,0.37351513
0.1275510204081644,0.45410106
0.1377551020408152,0.44038868
0.0918367346938762,0.47285947
0.7448979591836817,0.44209975
0.8061224489795933,0.394319
0.8181818181818272,0.31868008
0.786407766990294,0.37943563
0.8190476190476161,0.3503681
0.8285714285714221,0.29168865
0.8095238095238102,0.4074319
0.7619047619047521,0.45077112
0.7428571428571402,0.43960547
0.7238095238095283,0.43280196
0.7246376811594204,0.3540459
0.826086956521739,0.39935043
0.8550724637681157,0.39656693
0.8695652173913042,0.42384684
0.8695652173913044,0.5021822
0.9130434782608696,0.35773093
0.927536231884058,0.3699143
0.8985507246376812,0.376736
0.9565217391304348,0.34593257
0.9855072463768118,0.4817852
0.0,0.43894428
0.0,0.3260062
0.0,0.40089387
0.0,0.27418956
0.0,0.45118856
0.0,0.32811993
0.0,0.38319784
0.0,0.37434924
0.0,0.42207748
0.0,0.5200512
0.3520408163265305,0.32687137
0.270408163265305,0.3958008
0.2295918367346932,0.39666206
0.2091836734693899,0.425911
0.1887755102040813,0.36034513
0.1530612244897948,0.3994609
0.1275510204081609,0.36313486
0.1377551020408205,0.4534655
0.0918367346938762,0.42778444
0.0510204081632661,0.4624438
0.8061224489795933,0.42950758
0.8265306122449019,0.39432308
0.8181818181818272,0.31756347
0.8349514563106766,0.36866647
0.8285714285714292,0.3322911
0.8095238095238102,0.29966074
0.7619047619047592,0.4020609
0.7428571428571402,0.44888094
0.7238095238095212,0.42229488
0.7523809523809462,0.4265191
0.8260869565217392,0.33141565
0.855072463768116,0.4199707
0.8695652173913042,0.38807002
0.8695652173913042,0.42614985
0.9130434782608696,0.47401628
0.927536231884058,0.35040244
0.8985507246376812,0.3844084
0.956521739130435,0.37752986
0.9855072463768118,0.34674984
1.0,0.4790941
0.0,0.44075692
0.0,0.34820276
0.0,0.39155254
0.0,0.285307
0.0,0.45920786
0.0,0.3459022
0.0,0.38380897
0.0,0.36386812
0.0,0.4241816
0.0,0.49296677
0.2704081632653068,0.3363507
0.2295918367346949,0.41770655
0.2091836734693863,0.42299548
0.1887755102040849,0.41519475
0.1530612244897948,0.34427494
0.1275510204081644,0.39302891
0.1377551020408169,0.36067873
0.0918367346938797,0.4450677
0.0510204081632661,0.43804377
0.0408163265306118,0.45423302
0.8265306122449019,0.42219916
0.8265306122449019,0.3969043
0.8686868686868792,0.34318468
0.8446601941747645,0.3777408
0.8095238095238031,0.34946448
0.7619047619047592,0.3282329
0.7428571428571331,0.40033805
0.7238095238095283,0.43528244
0.7523809523809462,0.4161338
0.7999999999999972,0.4187455
0.8550724637681162,0.35876203
0.8695652173913042,0.4077957
0.8695652173913042,0.39739704
0.9130434782608696,0.41325656
0.927536231884058,0.46140465
0.8985507246376812,0.37130103
0.9565217391304346,0.38190868
0.985507246376812,0.3809892
1.0,0.35377216
1.0,0.46306938
0.0,0.44306076
0.0,0.34946427
0.0,0.41230702
0.0,0.3058818
0.0,0.45783895
0.0,0.3519279
0.0,0.38414547
0.0,0.37451386
0.0,0.42978698
0.0,0.461571
0.2295918367346949,0.3543285
0.2091836734693881,0.39939666
0.1887755102040831,0.41696623
0.1530612244897966,0.42194834
0.1275510204081626,0.36576733
0.1377551020408152,0.39857727
0.0918367346938762,0.37478054
0.0510204081632661,0.4364323
0.0408163265306118,0.4230616
0.0459183673469389,0.4508118
0.8265306122449019,0.42223796
0.8775510204081698,0.39274323
0.8787878787878896,0.3555249
0.8252427184466029,0.38020012
0.7619047619047592,0.35972717
0.7428571428571331,0.33170843
0.7238095238095212,0.39737433
0.7523809523809533,0.43298548
0.7999999999999972,0.414113
0.8571428571428541,0.42285043
0.8695652173913044,0.3697272
0.8695652173913042,0.4025651
0.9130434782608692,0.40250063
0.927536231884058,0.40307468
0.8985507246376814,0.46068034
0.9565217391304348,0.37907025
0.9855072463768116,0.37519103
1.0,0.38666207
1.0,0.36119348
0.8840579710144927,0.45644465
0.0,0.4426236
0.0,0.35316226
0.0,0.41944104
0.0,0.30365208
0.0,0.45623904
0.0,0.36176676
0.0,0.3906148
0.0,0.38074368
0.0,0.42905107
0.0,0.4530187
0.2091836734693863,0.35312632
0.1887755102040813,0.38348314
0.1530612244897931,0.41655436
0.1275510204081644,0.42976773
0.1377551020408152,0.37590122
0.0918367346938762,0.3952859
0.0510204081632643,0.37912717
0.0408163265306136,0.43482098
0.0459183673469389,0.41190594
0.1734693877551034,0.45012915
0.8775510204081698,0.4232051
0.8877551020408205,0.3908551
0.8585858585858546,0.3593576
0.7766990291262061,0.3799335
0.7428571428571402,0.36499408
0.7238095238095283,0.3304011
0.7523809523809462,0.39876628
0.8000000000000043,0.4309202
0.8571428571428541,0.41611785
0.885714285714279,0.42507124
0.8695652173913044,0.373742
0.9130434782608696,0.4002622
0.927536231884058,0.40282962
0.8985507246376812,0.3972977
0.9565217391304348,0.461753
0.9855072463768118,0.37784588
1.0,0.37161633
1.0,0.39215586
0.8840579710144929,0.36192843
0.5217391304347825,0.45271122
0.0,0.44082132
0.0,0.35258126
0.0,0.42303795
0.0,0.29636163
0.0,0.45156768
0.0,0.36287668
0.0,0.3970177
0.0,0.38166162
0.0,0.42597464
0.0,0.45383507
0.1887755102040813,0.34961945
0.1530612244897948,0.37640208
0.1275510204081609,0.41861174
0.1377551020408205,0.43495458
0.0918367346938762,0.37919396
0.0510204081632661,0.39124197
0.0408163265306118,0.38043016
0.0459183673469425,0.43568033
0.1734693877551016,0.40567744
0.4642857142857135,0.4506369
0.8877551020408276,0.42674038
0.8673469387755119,0.3889638
0.8080808080808168,0.3624611
0.7572815533980446,0.3651505
0.7238095238095212,0.3552685
0.7523809523809462,0.32726195
0.7999999999999972,0.3963816
0.8571428571428541,0.43574068
0.885714285714279,0.4148314
0.847619047619041,0.42117327
0.9130434782608696,0.37998906
0.927536231884058,0.3928242
0.8985507246376812,0.39513734
0.956521739130435,0.40099007
0.9855072463768118,0.45631185
1.0,0.38288036
1.0,0.37429816
0.8840579710144927,0.3929697
0.5217391304347827,0.35736695
0.4202898550724638,0.44128612
0.0,0.4556286
0.0,0.3534391
0.0,0.42037573
0.0,0.28867885
0.0,0.4506298
0.0,0.36605346
0.0,0.4009382
0.0,0.3934522
0.0,0.42098475
0.0,0.4385853
0.1530612244897948,0.349087
0.1275510204081644,0.3754759
0.1377551020408169,0.42151648
0.0918367346938797,0.43183327
0.0510204081632661,0.3712328
0.0408163265306118,0.3977827
0.0459183673469407,0.37568834
0.1734693877551052,0.43822566
0.4642857142857135,0.39445043
0.5816326530612255,0.45412093
0.8673469387755119,0.4262293
0.8163265306122511,0.39385065
0.7878787878787818,0.36667687
0.7378640776699115,0.3692289
0.7523809523809462,0.35762244
0.7999999999999972,0.32803357
0.8571428571428612,0.3970217
0.885714285714279,0.4343568
0.8476190476190482,0.39834228
0.8190476190476232,0.42221346
0.927536231884058,0.3800845
0.8985507246376812,0.40255487
0.9565217391304346,0.3972909
0.985507246376812,0.39903268
1.0,0.44768235
1.0,0.38125807
0.8840579710144927,0.3768856
0.5217391304347827,0.394691
0.4202898550724638,0.36103195
0.3478260869565219,0.4475083
0.0,0.44622394
0.0,0.35687
0.0,0.415428
0.0,0.2881246
0.0,0.4504
0.0,0.36345696
0.0,0.400418
0.0,0.3889504
0.0,0.42164758
0.0,0.4405691
0.1275510204081626,0.34830526
0.1377551020408152,0.37310803
0.0918367346938762,0.43147674
0.0510204081632661,0.42764005
0.0408163265306118,0.3681956
0.0459183673469389,0.3925557
0.1734693877551016,0.37334794
0.4642857142857171,0.43631792
0.5816326530612255,0.40393487
0.6632653061224492,0.45454025
0.8163265306122511,0.4232658
0.7959183673469354,0.39190683
0.7676767676767753,0.35398164
0.7669902912621325,0.37675345
0.7999999999999972,0.3750518
0.8571428571428541,0.31841108
0.8857142857142861,0.39942777
0.847619047619041,0.42635864
0.8190476190476161,0.41579264
0.7999999999999972,0.42413798
0.8985507246376814,0.37624004
0.9565217391304348,0.40124258
0.9855072463768116,0.40950853
1.0,0.3872678
1.0,0.46746716
0.8840579710144927,0.37596798
0.5217391304347827,0.37448934
0.4202898550724634,0.40633237
0.3478260869565219,0.36805817
0.2753623188405796,0.4584026
0.0,0.44108757
0.0,0.34934258
0.0,0.41716662
0.0,0.27765054
0.0,0.44695228
0.0,0.36561045
0.0,0.40310907
0.0,0.37909502
0.0,0.4201083
0.0,0.46484765
0.1377551020408152,0.34997535
0.0918367346938762,0.36764488
0.0510204081632643,0.4271275
0.0408163265306136,0.42368883
0.0459183673469389,0.3802201
0.1734693877551034,0.3820645
0.4642857142857135,0.37339365
0.5816326530612255,0.43982702
0.6632653061224492,0.3945132
0.7704081632653068,0.45594847
0.7959183673469425,0.43228966
0.7755102040816411,0.4007328
0.7979797979798064,0.35624516
0.8155339805825292,0.385641
0.8571428571428541,0.38145366
0.885714285714279,0.32378715
0.8476190476190482,0.40870327
0.8190476190476161,0.4162429
0.7999999999999972,0.4270254
0.7619047619047592,0.4299479
0.9565217391304348,0.37081566
0.9855072463768118,0.39239895
1.0,0.41992632
1.0,0.37111998
0.8840579710144929,0.47600746
0.5217391304347825,0.3705706
0.4202898550724634,0.36882794
0.3478260869565215,0.4055947
0.2753623188405796,0.3563178
0.1884057971014492,0.45476454
0.0,0.43734372
0.0,0.34157008
0.0,0.4287381
0.0,0.2683396
0.0,0.4425039
0.0,0.36182898
0.0,0.40747282
0.0,0.37343886
0.0,0.41653657
0.0,0.46505105
0.0918367346938762,0.3367941
0.0510204081632661,0.36000216
0.0408163265306118,0.42720026
0.0459183673469425,0.43708506
0.1734693877551016,0.3888867
0.4642857142857135,0.3905665
0.5816326530612255,0.38369194
0.6632653061224492,0.44242
0.770408163265305,0.38581654
0.8265306122448983,0.44845074
0.7755102040816411,0.4197477
0.8061224489795933,0.3933367
0.8484848484848442,0.3505654
0.8737864077669855,0.37690112
0.885714285714279,0.37564155
0.847619047619041,0.33248606
0.8190476190476232,0.4073483
0.8000000000000043,0.41233593
0.7619047619047592,0.44118223
0.7047619047619023,0.4342391
0.9855072463768118,0.35126337
1.0,0.40821663
1.0,0.4204502
0.8840579710144927,0.3807525
0.5217391304347827,0.47398847
0.4202898550724638,0.36904538
0.3478260869565215,0.36065918
0.2753623188405796,0.412741
0.1884057971014492,0.36115125
0.0434782608695654,0.44638452
0.0,0.43503636
0.0,0.33916268
0.0,0.43039238
0.0,0.27586985
0.0,0.45207375
0.0,0.36206424
0.0,0.419644
0.0,0.3750886
0.0,0.41459376
0.0,0.47192192
0.0510204081632661,0.3381727
0.0408163265306118,0.35718292
0.0459183673469407,0.42514226
0.1734693877551052,0.4418162
0.4642857142857135,0.3887465
0.5816326530612255,0.378491
0.6632653061224474,0.39401734
0.7704081632653068,0.4375366
0.8265306122448965,0.39802828
0.9132653061224508,0.45696193
0.8061224489795933,0.42095172
0.8571428571428541,0.39772096
0.9090909090909064,0.35387194
0.9029126213592208,0.3716886
0.8476190476190482,0.37454125
0.8190476190476232,0.345073
0.7999999999999972,0.41392267
0.7619047619047521,0.41508856
0.7047619047618952,0.43895647
0.6476190476190382,0.42487508
1.0,0.3517334
1.0,0.41156554
0.8840579710144927,0.4232777
0.5217391304347827,0.37624753
0.4202898550724638,0.4568877
0.3478260869565219,0.36233237
0.2753623188405796,0.36385292
0.1884057971014492,0.42595598
0.0434782608695649,0.35952362
0.0289855072463764,0.4501307
0.0,0.44430295
0.0,0.34201404
0.0,0.4246749
0.0,0.2853139
0.0,0.44674438
0.0,0.36889952
0.0,0.4304248
0.0,0.3747983
0.0,0.4074136
0.0,0.44683555
0.0408163265306118,0.34843844
0.0459183673469389,0.3542487
0.1734693877551016,0.43465582
0.4642857142857171,0.45024374
0.5816326530612255,0.39110965
0.6632653061224492,0.38049105
0.770408163265305,0.39244625
0.8265306122448983,0.43800524
0.9132653061224492,0.39677244
0.9489795918367356,0.4442468
0.8571428571428683,0.41736975
0.91836734693878,0.39363956
0.9393939393939376,0.34936747
0.8640776699029118,0.3760463
0.8190476190476161,0.37872827
0.7999999999999972,0.35785088
0.7619047619047592,0.40626293
0.7047619047619023,0.41350326
0.6476190476190453,0.43668458
0.5619047619047564,0.43030894
1.0,0.35746822
0.8840579710144927,0.4166449
0.5217391304347827,0.42033914
0.4202898550724634,0.38160726
0.3478260869565219,0.46186095
0.2753623188405796,0.3613975
0.1884057971014492,0.36763725
0.0434782608695645,0.41489184
0.0289855072463769,0.3706406
-0.0724637681159423,0.43105158
0.0,0.44463736
0.0,0.3498577
0.0,0.42585844
0.0,0.29733437
0.0,0.45120788
0.0,0.38044694
0.0,0.41975495
0.0,0.3873919
0.0,0.39978623
0.0,0.45257932
0.0459183673469389,0.34409848
0.1734693877551034,0.3618226
0.4642857142857135,0.433524
0.5816326530612255,0.43484566
0.6632653061224492,0.39219928
0.7704081632653068,0.3758753
0.8265306122448965,0.40915027
0.9132653061224508,0.44117925
0.948979591836734,0.39554667
0.9948979591836746,0.43581307
0.91836734693878,0.41414502
0.948979591836732,0.39363962
0.8989898989898961,0.35088527
0.8349514563106766,0.38199925
0.7999999999999972,0.3870931
0.7619047619047592,0.3525017
0.7047619047619094,0.4092903
0.6476190476190453,0.41202456
0.5619047619047564,0.4348357
0.5142857142857125,0.4392705
0.8840579710144929,0.3573429
0.5217391304347825,0.4140661
0.4202898550724634,0.4252146
0.3478260869565215,0.37765682
0.2753623188405796,0.45710862
0.1884057971014492,0.3638665
0.0434782608695645,0.36837626
0.0289855072463769,0.4153038
-0.0724637681159419,0.37958944
0.1159420289855073,0.4240016
0.0,0.42626053
0.0,0.34636268
0.0,0.4187573
0.0,0.3046208
0.0,0.44026187
0.0,0.3748512
0.0,0.4157266
0.0,0.381101
0.0,0.39231008
0.0,0.46301845
0.1734693877551016,0.34756413
0.4642857142857135,0.36060542
0.5816326530612255,0.42178625
0.6632653061224492,0.43730664
0.770408163265305,0.39571851
0.8265306122448983,0.37666348
0.9132653061224474,0.4058727
0.9489795918367356,0.44224128
0.9948979591836729,0.39948276
0.8979591836734695,0.4320973
0.9489795918367392,0.42092848
0.908163265306122,0.38865492
0.8686868686868792,0.35466424
0.8155339805825292,0.38468266
0.7619047619047592,0.37443238
0.7047619047619023,0.35982466
0.6476190476190382,0.4026502
0.5619047619047564,0.40979302
0.5142857142857125,0.44010007
0.5333333333333385,0.42631546
0.5217391304347827,0.35662296
0.4202898550724638,0.41417083
0.3478260869565215,0.42356578
0.2753623188405796,0.39199537
0.1884057971014492,0.46180052
0.0434782608695654,0.36586827
0.0289855072463764,0.36319238
-0.0724637681159423,0.42239276
0.1159420289855073,0.3768795
0.1594202898550727,0.42902339
0.0,0.42544308
0.0,0.35491768
0.0,0.41655666
0.0,0.30802754
0.0,0.4362081
0.0,0.3844716
0.0,0.42807955
0.0,0.3875745
0.0,0.3998317
0.0,0.46122566
0.4642857142857135,0.34359387
0.5816326530612255,0.35536188
0.6632653061224474,0.4213245
0.7704081632653068,0.4263892
0.8265306122448965,0.40004328
0.9132653061224508,0.38520065
0.948979591836734,0.4034143
0.9948979591836746,0.43136448
0.8979591836734677,0.40650797
0.7295918367346932,0.43751606
0.9081632653061292,0.41516665
0.8775510204081698,0.3834211
0.8484848484848442,0.35935244
0.7766990291262061,0.3832632
0.7047619047618952,0.35851192
0.6476190476190382,0.3699564
0.5619047619047564,0.39870405
0.5142857142857125,0.417169
0.5333333333333385,0.42938483
0.5619047619047564,0.41629094
0.4202898550724638,0.34555614
0.3478260869565219,0.43210268
0.2753623188405796,0.42384297
0.1884057971014492,0.39939395
0.0434782608695649,0.45403534
0.0289855072463764,0.36641467
-0.0724637681159419,0.36278886
0.1159420289855068,0.419394
0.1594202898550727,0.3723071
0.1304347826086958,0.43230638
0.0,0.42469066
0.0,0.36444953
0.0,0.4140403
0.0,0.3238428
0.0,0.44419557
0.0,0.39627692
0.0,0.4299448
0.0,0.38527268
0.0,0.40368596
0.0,0.4519927
0.5816326530612255,0.34546554
0.6632653061224492,0.36190787
0.770408163265305,0.42347917
0.8265306122448983,0.42138034
0.9132653061224492,0.3990016
0.9489795918367356,0.38461807
0.9948979591836729,0.405548
0.8979591836734695,0.41969135
0.7295918367346932,0.42213923
0.7653061224489797,0.44241282
0.8775510204081698,0.41003233
0.8571428571428541,0.39155233
0.8080808080808168,0.37083927
0.7184466019417499,0.38334623
0.6476190476190453,0.36637634
0.5619047619047564,0.36692196
0.5142857142857125,0.3926745
0.5333333333333314,0.41030008
0.5619047619047564,0.4245393
0.5999999999999943,0.4165754
0.3478260869565219,0.3599134
0.2753623188405796,0.4213963
0.1884057971014492,0.41055214
0.0434782608695645,0.39936396
0.0289855072463769,0.44598302
-0.0724637681159423,0.3709566
0.1159420289855073,0.37009078
0.1594202898550722,0.41812718
0.1304347826086958,0.37227994
0.2608695652173911,0.42454904
0.0,0.43138865
0.0,0.36173776
0.0,0.4157893
0.0,0.32330996
0.0,0.43826175
0.0,0.3988876
0.0,0.42753747
0.0,0.38687688
0.0,0.40588567
0.0,0.43499234
0.6632653061224492,0.35509685
0.7704081632653068,0.36225763
0.8265306122448965,0.42210314
0.9132653061224508,0.43151236
0.948979591836734,0.39902544
0.9948979591836746,0.38136443
0.8979591836734677,0.396567
0.729591836734695,0.4255795
0.7653061224489797,0.41625988
0.6275510204081627,0.43318397
0.8571428571428683,0.41111952
0.8163265306122511,0.39247707
0.7474747474747545,0.3742218
0.6601941747572795,0.3775631
0.5619047619047564,0.36800677
0.5142857142857125,0.36011335
0.5333333333333314,0.39374164
0.5619047619047564,0.40877697
0.5999999999999943,0.42041445
0.6380952380952323,0.4181431
0.2753623188405796,0.364746
0.1884057971014492,0.41684392
0.0434782608695645,0.40749478
0.0289855072463769,0.39880684
-0.0724637681159419,0.44433552
0.1159420289855073,0.37301975
0.1594202898550722,0.37244612
0.1304347826086953,0.41761014
0.2608695652173916,0.37323555
0.4347826086956523,0.42301896
0.0,0.43195495
0.0,0.36395106
0.0,0.41520613
0.0,0.31852394
0.0,0.43664077
0.0,0.39706996
0.0,0.42521346
0.0,0.3883312
0.0,0.40530688
0.0,0.43527606
0.770408163265305,0.35517833
0.8265306122448983,0.3602115
0.9132653061224474,0.42055076
0.9489795918367356,0.4287001
0.9948979591836729,0.39618653
0.8979591836734695,0.38086686
0.7295918367346932,0.39167875
0.7653061224489797,0.4273362
0.6275510204081627,0.41084185
0.5051020408163271,0.4326588
0.8163265306122511,0.41380244
0.7551020408163254,0.39451328
0.686868686868678,0.37464544
0.572815533980588,0.3736315
0.5142857142857125,0.37083536
0.5333333333333385,0.35088027
0.5619047619047564,0.39733824
0.5999999999999943,0.41067776
0.6380952380952394,0.41860446
0.7238095238095283,0.4192928
0.1884057971014492,0.3666338
0.0434782608695654,0.4105055
0.0289855072463764,0.40585122
-0.0724637681159423,0.39705312
0.1159420289855073,0.44489002
0.1594202898550727,0.37481517
0.1304347826086958,0.37509862
0.2608695652173911,0.41631198
0.4347826086956523,0.37088162
0.5652173913043477,0.42514065
0.0,0.43132222
0.0,0.36508638
0.0,0.41547707
0.0,0.3126736
0.0,0.4360084
0.0,0.39052874
0.0,0.42088184
0.0,0.38828608
0.0,0.40757126
0.0,0.438384
0.8265306122448965,0.35608816
0.9132653061224508,0.36036977
0.948979591836734,0.4189114
0.9948979591836746,0.42723873
0.8979591836734677,0.3917378
0.7295918367346932,0.38183048
0.7653061224489797,0.38610253
0.6275510204081645,0.4303644
0.5051020408163254,0.40438896
0.4387755102040831,0.4348547
0.7551020408163254,0.4162865
0.6938775510204067,0.39706516
0.5959595959595987,0.37382486
0.5242718446601913,0.37091315
0.5333333333333385,0.37335062
0.5619047619047564,0.34392565
0.5999999999999943,0.40038037
0.6380952380952394,0.41169065
0.7238095238095212,0.41839057
0.7809523809523782,0.41993278
0.0434782608695649,0.3696724
0.0289855072463764,0.4056709
-0.0724637681159419,0.40391535
0.1159420289855068,0.39564413
0.1594202898550727,0.44855714
0.1304347826086958,0.37789965
0.2608695652173911,0.37605113
0.4347826086956519,0.41284567
0.5652173913043479,0.36814046
0.6231884057971016,0.42871898
0.0,0.4316866
0.0,0.36216426
0.0,0.4159491
0.0,0.30653003
0.0,0.43940702
0.0,0.38419148
0.0,0.41416642
0.0,0.38824943
0.0,0.4088024
0.0,0.4427624
0.9132653061224492,0.35733536
0.9489795918367356,0.3619683
0.9948979591836729,0.41652048
0.8979591836734695,0.4267635
0.7295918367346932,0.3871638
0.7653061224489797,0.38193563
0.6275510204081609,0.38286817
0.5051020408163307,0.43347937
0.4387755102040813,0.39862585
0.408163265306122,0.43946052
0.6938775510204138,0.41767812
0.6020408163265287,0.39846447
0.5454545454545467,0.37133968
0.5436893203883528,0.3697468
0.5619047619047564,0.37622324
0.5999999999999943,0.3369208
0.6380952380952465,0.4016343
0.7238095238095283,0.41432333
0.7809523809523853,0.41753906
0.8285714285714221,0.42126375
0.0289855072463769,0.3726193
-0.0724637681159423,0.4022526
0.1159420289855073,0.40246493
0.1594202898550722,0.3938305
0.1304347826086958,0.45233223
0.2608695652173911,0.38049817
0.4347826086956519,0.37470865
0.5652173913043481,0.4093779
0.6231884057971016,0.36590713
0.681159420289855,0.43337727
0.0,0.43290073
0.0,0.35889435
0.0,0.4169334
0.0,0.3007192
0.0,0.44373572
0.0,0.37884915
0.0,0.40787166
0.0,0.3874091
0.0,0.41097176
0.0,0.44668427
0.948979591836734,0.35784954
0.9948979591836746,0.36246678
0.8979591836734677,0.41494882
0.729591836734695,0.42774105
0.7653061224489797,0.38246444
0.6275510204081627,0.38232324
0.5051020408163254,0.38008717
0.4387755102040849,0.4364515
0.408163265306122,0.39545628
0.3928571428571423,0.444313
0.6020408163265358,0.4179421
0.5510204081632608,0.39769238
0.5656565656565675,0.36604935
0.572815533980588,0.368574
0.5999999999999943,0.3781343
0.6380952380952323,0.33274013
0.7238095238095212,0.40296626
0.7809523809523782,0.41670436
0.8285714285714292,0.41691777
0.885714285714279,0.42412403
-0.0724637681159419,0.3734987
0.1159420289855073,0.40317243
0.1594202898550722,0.40210786
0.1304347826086953,0.39296564
0.2608695652173916,0.45640552
0.4347826086956523,0.38062644
0.5652173913043477,0.3721521
0.6231884057971016,0.4087954
0.6811594202898552,0.36605805
0.7681159420289856,0.43636456
0.0,0.4337382
0.0,0.35572505
0.0,0.41760272
0.0,0.29445788
0.0,0.44921973
0.0,0.37572244
0.0,0.40464577
0.0,0.3862418
0.0,0.41132098
0.0,0.45339456
0.9948979591836729,0.35681263
0.8979591836734695,0.36306164
0.7295918367346932,0.4155428
0.7653061224489797,0.42805636
0.6275510204081627,0.37961808
0.5051020408163271,0.38013297
0.4387755102040795,0.37957197
0.4081632653061255,0.43869063
0.3928571428571423,0.39374354
0.362244897959183,0.4490782
0.5510204081632679,0.41840512
0.5714285714285765,0.39654076
0.5959595959595987,0.36096528
0.6116504854368827,0.36886677
0.6380952380952394,0.37829867
0.7238095238095283,0.32884425
0.7809523809523853,0.40345055
0.8285714285714292,0.41890138
0.885714285714279,0.41687962
0.885714285714279,0.4271444
0.1159420289855073,0.37177354
0.1594202898550727,0.4045282
0.1304347826086958,0.4023946
0.2608695652173911,0.39253566
0.4347826086956523,0.46008283
0.5652173913043477,0.38006017
0.6231884057971011,0.36980885
0.681159420289855,0.40750125
0.7681159420289858,0.36708736
0.7681159420289856,0.43815687
0.0,0.43420228
0.0,0.3539546
0.0,0.41998523
0.0,0.2885747
0.0,0.45230702
0.0,0.37285057
0.0,0.40210304
0.0,0.3852919
0.0,0.41142356
0.0,0.46110383
0.8979591836734677,0.354329
0.7295918367346932,0.36455077
0.7653061224489797,0.4170653
0.6275510204081645,0.4297266
0.5051020408163254,0.37789237
0.4387755102040831,0.37887385
0.408163265306122,0.37953842
0.3928571428571441,0.43941855
0.362244897959183,0.39270365
0.3520408163265323,0.45236146
0.5714285714285836,0.41810662
0.6020408163265287,0.39588365
0.636363636363626,0.35772002
0.6504854368932058,0.37022927
0.7238095238095212,0.37780073
0.7809523809523782,0.32529974
0.8285714285714363,0.40425286
0.885714285714279,0.42022297
0.885714285714279,0.41815618
0.8571428571428541,0.42905483
0.1594202898550727,0.3711668
0.1304347826086958,0.40555146
0.2608695652173911,0.40303656
0.4347826086956519,0.39223236
0.5652173913043479,0.46465725
0.6231884057971016,0.3802589
0.681159420289855,0.36834604
0.7681159420289854,0.40478265
0.7681159420289858,0.36808968
0.7536231884057971,0.43975195
0.0,0.43465298
0.0,0.3512863
0.0,0.4218501
0.0,0.28435394
0.0,0.4545201
0.0,0.37034887
0.0,0.39899185
0.0,0.38357663
0.0,0.41121927
0.0,0.46813974
0.7295918367346932,0.3516534
0.7653061224489797,0.36683315
0.6275510204081609,0.41721794
0.5051020408163307,0.43140197
0.4387755102040813,0.37753898
0.408163265306122,0.37771204
0.3928571428571423,0.38111964
0.3622448979591866,0.43983725
0.3520408163265305,0.3931616
0.3367346938775508,0.454782
0.6020408163265358,0.41713303
0.6428571428571388,0.3954789
0.6767676767676818,0.35506034
0.7378640776699115,0.37199244
0.7809523809523853,0.37668014
0.8285714285714221,0.3230924
0.8857142857142861,0.40401796
0.885714285714279,0.42183775
0.8571428571428541,0.41801223
0.7523809523809462,0.4310778
0.1304347826086958,0.37121573
0.2608695652173911,0.40885597
0.4347826086956519,0.40398893
0.5652173913043481,0.39277577
0.6231884057971016,0.4688101
0.681159420289855,0.38083956
0.7681159420289849,0.3663575
0.7681159420289854,0.40061042
0.7536231884057971,0.36918342
0.826086956521739,0.4405246
0.0,0.43536445
0.0,0.34900826
0.0,0.42347217
0.0,0.28155443
0.0,0.45719934
0.0,0.36870113
0.0,0.39544386
0.0,0.38163114
0.0,0.41126707
0.0,0.4745816
0.7653061224489797,0.34779927
0.6275510204081627,0.36880437
0.5051020408163254,0.41801053
0.4387755102040849,0.43214932
0.408163265306122,0.37729475
0.3928571428571423,0.37600565
0.362244897959183,0.3841112
0.352040816326534,0.43941414
0.3367346938775508,0.39528966
0.2908163265306118,0.45737448
0.6428571428571388,0.41644678
0.683673469387756,0.3944131
0.7676767676767753,0.35263085
0.7961165048543677,0.37420565
0.8285714285714292,0.3748775
0.885714285714279,0.32156208
0.8857142857142861,0.40339646
0.8571428571428541,0.42325047
0.7523809523809462,0.41776317
0.6952380952380892,0.4329785
0.2608695652173916,0.37125817
0.4347826086956523,0.41020173
0.5652173913043477,0.40470928
0.6231884057971016,0.3925702
0.6811594202898552,0.4714821
0.7681159420289856,0.38036287
0.7681159420289849,0.36486524
0.7536231884057969,0.39659268
0.8260869565217392,0.36898294
0.8840579710144927,0.44060037
0.0,0.43693438
0.0,0.346956
0.0,0.42562547
0.0,0.28022355
0.0,0.45887548
0.0,0.36609435
0.0,0.39354292
0.0,0.3799053
0.0,0.4135079
0.0,0.4784975
0.6275510204081627,0.34440205
0.5051020408163271,0.37077707
0.4387755102040795,0.4194085
0.4081632653061255,0.43427092
0.3928571428571423,0.37838343
0.362244897959183,0.37612915
0.3520408163265305,0.38654634
0.3367346938775526,0.43915486
0.2908163265306118,0.39758685
0.2653061224489796,0.45827913
0.6836734693877702,0.41623098
0.7755102040816411,0.39303815
0.8282828282828376,0.3506441
0.8446601941747645,0.375673
0.885714285714279,0.3733095
0.885714285714279,0.32074618
0.8571428571428612,0.40345404
0.7523809523809533,0.4240711
0.6952380952380963,0.4178388
0.7809523809523782,0.4343151
0.4347826086956523,0.37112513
0.5652173913043477,0.41046298
0.6231884057971011,0.40566683
0.681159420289855,0.39138725
0.7681159420289858,0.4730345
0.7681159420289856,0.37949347
0.7536231884057969,0.3641251
0.8260869565217392,0.3942124
0.8840579710144929,0.36825424
0.8695652173913042,0.4409163
0.0,0.43790263
0.0,0.34533465
0.0,0.42727268
0.0,0.2790725
0.0,0.4602036
0.0,0.36307487
0.0,0.39229164
0.0,0.37869114
0.0,0.41517672
0.0,0.4815699
0.5051020408163254,0.34162554
0.4387755102040831,0.37233698
0.408163265306122,0.42118987
0.3928571428571441,0.43619752
0.362244897959183,0.37940624
0.3520408163265323,0.37679094
0.3367346938775508,0.3886473
0.2908163265306172,0.43884927
0.2653061224489796,0.39932108
0.2448979591836728,0.45884362
0.7755102040816411,0.41623935
0.8367346938775526,0.39263487
0.8787878787878896,0.34941146
0.9029126213592208,0.3761969
0.885714285714279,0.37214878
0.8571428571428541,0.32038978
0.7523809523809462,0.4035951
0.6952380952380892,0.42467853
0.7809523809523853,0.41795346
0.847619047619041,0.43589833
0.5652173913043479,0.3718532
0.6231884057971016,0.41083685
0.681159420289855,0.40569508
0.7681159420289854,0.39117572
0.7681159420289858,0.47424006
0.7536231884057971,0.37960345
0.8260869565217388,0.36443278
0.8840579710144927,0.39132488
0.8695652173913044,0.3683476
0.826086956521739,0.44046125
0.0,0.4389064
0.0,0.34439147
0.0,0.42804986
0.0,0.27851847
0.0,0.46204358
0.0,0.36068782
0.0,0.38992688
0.0,0.37798554
0.0,0.415772
0.0,0.4839538
0.4387755102040813,0.33932614
0.408163265306122,0.3743987
0.3928571428571423,0.42252177
0.3622448979591866,0.4373991
0.3520408163265305,0.37901402
0.3367346938775508,0.37681484
0.2908163265306118,0.39033133
0.2653061224489832,0.43901592
0.244897959183671,0.40021506
0.2806122448979593,0.45912814
0.8367346938775597,0.41633758
0.8877551020408205,0.39181674
0.9393939393939376,0.34876585
0.9029126213592208,0.37685853
0.8571428571428541,0.37202471
0.7523809523809462,0.32021725
0.6952380952380821,0.40359443
0.7809523809523782,0.42475498
0.8476190476190482,0.41895342
0.8666666666666671,0.43787596
0.6231884057971016,0.37183756
0.681159420289855,0.41006792
0.7681159420289849,0.40606558
0.7681159420289854,0.39066744
0.7536231884057971,0.47654134
0.826086956521739,0.378177
0.8840579710144927,0.36429676
0.8695652173913042,0.38955897
0.8260869565217392,0.36797667
0.6666666666666667,0.44063288
0.0,0.43939933
0.0,0.34246045
0.0,0.42983174
0.0,0.27843735
0.0,0.46311218
0.0,0.35882983
0.0,0.38949025
0.0,0.3772102
0.0,0.417149
0.0,0.48546624
0.408163265306122,0.33756283
0.3928571428571423,0.37526006
0.362244897959183,0.42220372
0.352040816326534,0.43936163
0.3367346938775508,0.37964353
0.2908163265306118,0.37699482
0.2653061224489796,0.3915521
0.2448979591836746,0.43995294
0.2806122448979593,0.4007691
0.3775510204081627,0.45894527
0.8877551020408276,0.4166816
0.948979591836732,0.39090753
0.9393939393939376,0.34817103
0.8737864077669855,0.37804377
0.7523809523809462,0.37473544
0.6952380952380892,0.3197536
0.7809523809523853,0.40300575
0.847619047619041,0.4260262
0.8666666666666671,0.4199458
0.9047619047619052,0.4409147
0.6811594202898552,0.37048328
0.7681159420289856,0.407719
0.7681159420289849,0.40684628
0.7536231884057969,0.38803676
0.8260869565217392,0.478289
0.8840579710144927,0.37564152
0.8695652173913042,0.36370003
0.8260869565217392,0.3915337
0.6666666666666667,0.36888826
0.3913043478260869,0.43987536
0.0,0.43951577
0.0,0.3371742
0.0,0.43305495
0.0,0.2779727
0.0,0.46285972
0.0,0.3585351
0.0,0.39156637
0.0,0.37565008
0.0,0.41777325
0.0,0.48472798
0.3928571428571423,0.33847108
0.362244897959183,0.37225583
0.3520408163265305,0.41930303
0.3367346938775526,0.44223905
0.2908163265306118,0.3810694
0.2653061224489796,0.3767352
0.2448979591836728,0.3907753
0.2806122448979593,0.44262657
0.3775510204081627,0.4004694
0.6020408163265305,0.4576412
0.9489795918367392,0.41798797
0.948979591836732,0.39009723
0.9090909090909064,0.34712145
0.7669902912621325,0.3791114
0.6952380952380963,0.37753063
0.7809523809523782,0.32216346
0.8476190476190482,0.40421423
0.8666666666666671,0.42592862
0.9047619047619052,0.4221067
0.9047619047619052,0.44235623
0.7681159420289858,0.3671257
0.7681159420289856,0.40574425
0.7536231884057969,0.40949342
0.8260869565217392,0.38272497
0.8840579710144929,0.4755683
0.8695652173913042,0.37323081
0.8260869565217388,0.3615933
0.6666666666666665,0.39833614
0.3913043478260873,0.3718559
0.2753623188405796,0.43539286
0.0,0.4389449
0.0,0.33417523
0.0,0.43451267
0.0,0.2766351
0.0,0.46189168
0.0,0.36024904
0.0,0.3991476
0.0,0.37524036
0.0,0.41502854
0.0,0.48205444
0.362244897959183,0.33986923
0.3520408163265323,0.36592203
0.3367346938775508,0.41998717
0.2908163265306172,0.44626555
0.2653061224489796,0.38189498
0.2448979591836728,0.37647718
0.2806122448979575,0.38937372
0.3775510204081662,0.44410807
0.6020408163265305,0.39788848
0.6989795918367356,0.45545292
0.9489795918367392,0.4185938
0.91836734693878,0.38834372
0.7979797979798064,0.34534976
0.708737864077662,0.37988046
0.7809523809523853,0.37806836
0.847619047619041,0.32729357
0.8666666666666742,0.40514892
0.9047619047619052,0.42363453
0.9047619047619052,0.423851
0.8666666666666671,0.44268984
0.7681159420289858,0.3625156
0.7536231884057971,0.40788913
0.8260869565217388,0.41256386
0.8840579710144927,0.37925977
0.8695652173913044,0.47148085
0.826086956521739,0.36974475
0.6666666666666665,0.35975695
0.3913043478260865,0.40709677
0.2753623188405796,0.37508407
0.1739130434782607,0.43234462
0.0,0.43856007
0.0,0.3337136
0.0,0.43288776
0.0,0.27526152
0.0,0.46025795
0.0,0.3628553
0.0,0.40780205
0.0,0.3744683
0.0,0.41074648
0.0,0.47879165
0.3520408163265305,0.3393342
0.3367346938775508,0.36021304
0.2908163265306118,0.42457741
0.2653061224489832,0.44678557
0.244897959183671,0.38363335
0.2806122448979593,0.37499982
0.3775510204081627,0.39063427
0.6020408163265323,0.444717
0.6989795918367339,0.39610007
0.7755102040816322,0.4523983
0.91836734693878,0.41834354
0.8061224489795933,0.3874805
0.7373737373737299,0.34267035
0.7961165048543677,0.3791199
0.8476190476190482,0.37592703
0.8666666666666671,0.33136052
0.904761904761898,0.40417942
0.9047619047619052,0.42169818
0.8666666666666671,0.42801595
0.847619047619041,0.44115472
0.7536231884057971,0.35635042
0.826086956521739,0.41413265
0.8840579710144927,0.4171907
0.8695652173913042,0.3777187
0.8260869565217392,0.46855605
0.6666666666666667,0.3689056
0.3913043478260869,0.35814375
0.2753623188405796,0.41618583
0.1739130434782612,0.3789307
0.0869565217391303,0.431281
0.0,0.44023952
0.0,0.3364119
0.0,0.42950237
0.0,0.27476758
0.0,0.45864975
0.0,0.36837205
0.0,0.41559783
0.0,0.37539497
0.0,0.40489668
0.0,0.47527963
0.3367346938775508,0.33841583
0.2908163265306118,0.35423943
0.2653061224489796,0.43078873
0.2448979591836746,0.44609308
0.2806122448979593,0.38556176
0.3775510204081627,0.37080967
0.6020408163265287,0.394256
0.6989795918367374,0.44321826
0.7755102040816322,0.39451975
0.8367346938775526,0.4497857
0.8061224489795933,0.41534725
0.7448979591836675,0.38837826
0.8282828282828376,0.34263247
0.8640776699029118,0.38092184
0.8666666666666671,0.37479207
0.9047619047619052,0.3362468
0.904761904761898,0.4010747
0.8666666666666671,0.41766533
0.8476190476190482,0.43288848
0.8095238095238102,0.44027138
0.8260869565217392,0.34880725
0.8840579710144927,0.42195073
0.8695652173913042,0.41977042
0.8260869565217392,0.3772856
0.6666666666666667,0.46646565
0.3913043478260869,0.3684529
0.2753623188405796,0.3562704
0.1739130434782607,0.42103413
0.0869565217391308,0.38237318
0.1014492753623188,0.42647937
0.0,0.4430643
0.0,0.33858392
0.0,0.4269543
0.0,0.2772885
0.0,0.45644507
0.0,0.3758958
0.0,0.4217935
0.0,0.3745359
0.0,0.39907107
0.0,0.47053215
0.2908163265306118,0.3385525
0.2653061224489796,0.35019675
0.2448979591836728,0.43526384
0.2806122448979593,0.4464525
0.3775510204081627,0.38747105
0.6020408163265305,0.36587757
0.6989795918367339,0.39997804
0.7755102040816322,0.44153836
0.8367346938775508,0.39456558
0.887755102040817,0.44667086
0.7448979591836817,0.41209406
0.8367346938775526,0.39100426
0.8989898989898961,0.34617856
0.8834951456310733,0.38370907
0.9047619047619052,0.3723534
0.9047619047619052,0.3395476
0.8666666666666742,0.39765054
0.847619047619041,0.41391736
0.8095238095238031,0.43666825
0.7428571428571331,0.43951765
0.8840579710144929,0.34061825
0.8695652173913042,0.4271921
0.8260869565217388,0.42008474
0.6666666666666665,0.37873974
0.3913043478260873,0.467028
0.2753623188405796,0.36330077
0.1739130434782603,0.35663867
0.0869565217391299,0.42366478
0.1014492753623188,0.38151193
0.0434782608695654,0.42281997
0.0,0.4453295
0.0,0.33858526
0.0,0.42561236
0.0,0.27863616
0.0,0.45147783
0.0,0.38544217
0.0,0.42900807
0.0,0.37050113
0.0,0.3958645
0.0,0.4631696
0.2653061224489796,0.33822754
0.2448979591836728,0.3490502
0.2806122448979575,0.4381131
0.3775510204081662,0.44936058
0.6020408163265305,0.39142615
0.6989795918367356,0.36215204
0.7755102040816322,0.40255597
0.8367346938775526,0.44090825
0.887755102040817,0.3965189
0.954081632653061,0.44145292
