Actual,Predicted
0.2894736842105274,0.39396706
0.2526315789473656,0.3833504
0.257894736842104,0.3536672
0.2421052631578959,0.36944333
0.2105263157894725,0.34738117
0.163157894736841,0.4111347
0.1842105263157876,0.38358054
0.2105263157894725,0.39490306
0.2105263157894725,0.45556486
0.1947368421052644,0.41235054
0.732394366197183,0.3859233
0.845070422535211,0.44690898
0.8591549295774645,0.41698033
0.8591549295774654,0.46460617
0.887323943661972,0.42203835
0.8732394366197183,0.43237323
0.8591549295774645,0.48585013
0.887323943661972,0.37182054
0.830985915492958,0.4590076
0.6338028169014085,0.43397915
0.0,0.40639997
0.0,0.40350834
0.0,0.4257976
0.0,0.4138645
0.0,0.39816877
0.0,0.42325506
0.0,0.4284598
0.0,0.35616732
0.0,0.396805
0.0,0.37108898
0.3217391304347838,0.39681104
0.2815126050420158,0.3974224
0.287449392712551,0.40648478
0.2874493927125527,0.44474378
0.2672064777327936,0.36830655
0.2834008097165998,0.4336326
0.2914979757085003,0.44622797
0.2753036437246976,0.45349964
0.3279352226720657,0.4252659
0.4655870445344128,0.49647096
0.2526315789473727,0.3958278
0.2578947368420969,0.38353965
0.2421052631578959,0.35269734
0.2105263157894725,0.37146488
0.163157894736841,0.35121888
0.1842105263157876,0.412888
0.2105263157894725,0.382213
0.2105263157894725,0.3983369
0.1947368421052644,0.45295864
0.1473684210526329,0.41446468
0.8450704225352115,0.38535875
0.8591549295774645,0.4442715
0.8591549295774645,0.41584906
0.887323943661972,0.4611233
0.8732394366197185,0.42259493
0.8591549295774645,0.42965305
0.8873239436619715,0.48517305
0.830985915492958,0.37434742
0.6338028169014085,0.45907804
0.4788732394366195,0.433011
0.0,0.40431854
0.0,0.39576492
0.0,0.42448857
0.0,0.41338173
0.0,0.40043554
0.0,0.42045143
0.0,0.42629397
0.0,0.3617731
0.0,0.39947248
0.0,0.37193936
0.2565217391304344,0.39607313
0.2605042016806713,0.39618424
0.287449392712551,0.41067415
0.2672064777327954,0.44435018
0.2834008097165998,0.36878178
0.2914979757085021,0.43270802
0.2753036437246958,0.44678003
0.3279352226720675,0.45509732
0.4655870445344128,0.42732027
0.5829959514170042,0.49432972
0.257894736842104,0.39771616
0.2421052631578959,0.384877
0.2105263157894725,0.35166338
0.163157894736841,0.37289885
0.1842105263157876,0.3542611
0.2105263157894796,0.41422147
0.2105263157894725,0.38175038
0.1947368421052644,0.39988926
0.1473684210526329,0.4506393
0.1473684210526329,0.4157183
0.859154929577465,0.38581914
0.8591549295774645,0.44229752
0.8873239436619715,0.4155095
0.8732394366197185,0.45758063
0.859154929577465,0.4245899
0.8873239436619718,0.42808288
0.8309859154929571,0.4849804
0.6338028169014085,0.37586522
0.4788732394366199,0.4590322
0.2816901408450705,0.4315532
0.0,0.40251988
0.0,0.38939464
0.0,0.42385918
0.0,0.4135555
0.0,0.40278226
0.0,0.41933134
0.0,0.42404866
0.0,0.3660008
0.0,0.4006379
0.0,0.37359297
0.234782608695653,0.39660046
0.2605042016806713,0.3951411
0.2672064777327954,0.4138224
0.2834008097165998,0.44294456
0.2914979757085021,0.36764824
0.2753036437246976,0.4316864
0.3279352226720657,0.44769925
0.4655870445344146,0.4578805
0.5829959514170042,0.43040904
0.7206477732793521,0.49254543
0.2421052631578959,0.40055802
0.2105263157894796,0.3864952
0.163157894736841,0.34999126
0.1842105263157876,0.37489793
0.2105263157894725,0.35660225
0.2105263157894796,0.41481164
0.1947368421052644,0.38018063
0.1473684210526329,0.40217513
0.1473684210526329,0.44896138
0.1210526315789479,0.4169253
0.859154929577465,0.38547036
0.8873239436619718,0.4413389
0.873239436619718,0.41454756
0.8591549295774654,0.45437005
0.887323943661972,0.4281169
0.830985915492958,0.42707494
0.633802816901408,0.48569015
0.4788732394366199,0.3771431
0.2816901408450709,0.4599142
0.0563380281690135,0.42936367
0.0,0.40112117
0.0,0.38316208
0.0,0.42387575
0.0,0.41370773
0.0,0.40414864
0.0,0.4179312
0.0,0.42303422
0.0,0.37041762
0.0,0.4010805
0.0,0.37503037
0.234782608695653,0.39677167
0.2394957983193268,0.39367115
0.2834008097165981,0.41646045
0.2914979757085021,0.4433735
0.2753036437246976,0.36660445
0.3279352226720657,0.43098676
0.4655870445344128,0.44872463
0.5829959514170024,0.4608011
0.720647773279353,0.4333113
0.9311740890688256,0.4912534
0.2105263157894725,0.40243945
0.163157894736841,0.38745245
0.1842105263157876,0.349445
0.2105263157894725,0.37528545
0.2105263157894725,0.35843563
0.1947368421052644,0.41479
0.1473684210526329,0.37948677
0.1473684210526329,0.40361726
0.1210526315789479,0.44902566
0.1052631578947398,0.4166769
0.887323943661972,0.38513967
0.8732394366197183,0.4416133
0.8591549295774645,0.4145999
0.887323943661972,0.4525622
0.830985915492958,0.43079117
0.6338028169014085,0.42732796
0.4788732394366195,0.48692393
0.2816901408450709,0.37838188
0.056338028169014,0.46072876
-0.0704225352112679,0.42818832
0.0,0.40082192
0.0,0.3798684
0.0,0.42478773
0.0,0.41255993
0.0,0.40505424
0.0,0.41810563
0.0,0.42228794
0.0,0.37260774
0.0,0.40091333
0.0,0.37737262
0.2130434782608699,0.3972911
0.2563025210084024,0.39331254
0.2914979757085003,0.4182551
0.2753036437246976,0.4436477
0.3279352226720657,0.36499473
0.4655870445344128,0.4310104
0.5829959514170024,0.45028138
0.7206477732793548,0.46296528
0.9311740890688256,0.43512273
1.0607287449392713,0.49033192
0.163157894736841,0.40499243
0.1842105263157876,0.38834554
0.2105263157894725,0.34919482
0.2105263157894725,0.37555578
0.1947368421052644,0.36011723
0.1473684210526329,0.41420814
0.1473684210526329,0.3789693
0.1210526315789479,0.40500033
0.1052631578947327,0.44886076
0.0526315789473699,0.41658604
0.8732394366197185,0.38520482
0.8591549295774645,0.44111133
0.8873239436619715,0.41499606
0.830985915492958,0.45192897
0.6338028169014085,0.43309104
0.4788732394366195,0.42693293
0.2816901408450705,0.48764873
0.056338028169014,0.37837327
-0.070422535211267,0.4614622
-0.0140845070422535,0.427357
0.0,0.40099916
0.0,0.3767124
0.0,0.4262292
0.0,0.41096655
0.0,0.40727478
0.0,0.41901204
0.0,0.42163584
0.0,0.3748354
0.0,0.4013402
0.0,0.3798223
0.230434782608695,0.39973795
0.2647058823529402,0.3927108
0.2753036437246958,0.41924894
0.3279352226720675,0.4430433
0.4655870445344128,0.36378992
0.5829959514170042,0.4313719
0.720647773279353,0.450122
0.9311740890688256,0.46533808
1.0607287449392713,0.4359451
1.0080971659919031,0.48890665
0.1842105263157876,0.40918577
0.2105263157894796,0.38940793
0.2105263157894725,0.3489592
0.1947368421052644,0.37616703
0.1473684210526329,0.3619268
0.1473684210526329,0.4135278
0.1210526315789479,0.37859985
0.1052631578947398,0.40422136
0.0526315789473628,0.44864106
0.0210526315789394,0.4159471
0.859154929577465,0.38416097
0.8873239436619718,0.44151083
0.8309859154929571,0.416666
0.6338028169014085,0.45209274
0.4788732394366199,0.43554717
0.2816901408450705,0.42724013
0.056338028169014,0.48708987
-0.070422535211267,0.37767017
-0.0140845070422535,0.46133786
-0.0422535211267605,0.42737967
0.0,0.401584
0.0,0.37459612
0.0,0.42783216
0.0,0.40952888
0.0,0.40888673
0.0,0.42129576
0.0,0.4216317
0.0,0.37587854
0.0,0.40053132
0.0,0.38298243
0.2391304347826075,0.40415135
0.2478991596638646,0.39292923
0.3279352226720657,0.42003632
0.4655870445344146,0.44157755
0.5829959514170042,0.3645985
0.7206477732793521,0.43230924
0.9311740890688274,0.44921628
1.0607287449392722,0.46755674
1.0080971659919031,0.43513587
1.040485829959514,0.48760954
0.2105263157894725,0.4142991
0.2105263157894796,0.39112815
0.1947368421052644,0.34671363
0.1473684210526329,0.3771008
0.1473684210526329,0.36416295
0.1210526315789479,0.41437903
0.1052631578947327,0.37725785
0.0526315789473699,0.4030685
0.0210526315789465,0.44899276
-0.0105263157894768,0.4135247
0.887323943661972,0.38199133
0.830985915492958,0.4442201
0.633802816901408,0.4192567
0.4788732394366199,0.45137328
0.2816901408450709,0.43954438
0.0563380281690135,0.42888677
-0.0704225352112679,0.48620853
-0.014084507042253,0.37677848
-0.04225352112676,0.46334514
0.112676056338028,0.42861885
0.0,0.40177837
0.0,0.3723001
0.0,0.4308481
0.0,0.40855816
0.0,0.41087395
0.0,0.42326385
0.0,0.42123958
0.0,0.37912354
0.0,0.3980335
0.0,0.38718396
0.2217391304347842,0.4098931
0.3025210084033602,0.39347306
0.4655870445344128,0.42174464
0.5829959514170024,0.4406451
0.720647773279353,0.36562714
0.9311740890688256,0.43453935
1.0607287449392704,0.4474244
1.0080971659919022,0.47005683
1.040485829959514,0.43342006
0.8744939271255054,0.4859744
0.2105263157894725,0.4194274
0.1947368421052644,0.39351687
0.1473684210526329,0.34522983
0.1473684210526329,0.3785685
0.1210526315789479,0.36592662
0.1052631578947398,0.41542208
0.0526315789473699,0.37669235
0.0210526315789465,0.40195844
-0.0105263157894697,0.45183936
0.1263157894736792,0.4118182
0.830985915492958,0.37922743
0.6338028169014085,0.4469509
0.4788732394366195,0.42253503
0.2816901408450709,0.4530123
0.056338028169014,0.44398892
-0.0704225352112679,0.43249193
-0.0140845070422539,0.48520395
-0.04225352112676,0.37637603
0.1126760563380284,0.46759224
0.704225352112676,0.43009502
0.0,0.4027511
0.0,0.372516
0.0,0.43444502
0.0,0.4060162
0.0,0.41360915
0.0,0.42624584
0.0,0.42218965
0.0,0.38309914
0.0,0.3951502
0.0,0.39175016
0.2782608695652175,0.41728008
0.4453781512605026,0.39393035
0.5829959514170024,0.42290896
0.7206477732793548,0.4400356
0.9311740890688256,0.36653757
1.0607287449392713,0.43837497
1.0080971659919022,0.44561422
1.0404858299595148,0.47091126
0.8744939271255054,0.43066734
0.4372469635627531,0.48387015
0.1947368421052644,0.42626876
0.1473684210526329,0.39623412
0.1473684210526329,0.34433386
0.1210526315789479,0.3801713
0.1052631578947327,0.36660755
0.0526315789473699,0.41530946
0.0210526315789465,0.3758661
-0.0105263157894697,0.39975056
0.1263157894736792,0.45614186
0.1684210526315865,0.4082245
0.6338028169014085,0.37359723
0.4788732394366195,0.45145094
0.2816901408450705,0.4247863
0.056338028169014,0.4585353
-0.070422535211267,0.44944608
-0.0140845070422535,0.43989858
-0.0422535211267609,0.48433656
0.1126760563380289,0.37548265
0.704225352112676,0.46990228
0.6197183098591545,0.42994708
0.0,0.40501663
0.0,0.37488878
0.0,0.4373567
0.0,0.39958397
0.0,0.41677374
0.0,0.4305225
0.0,0.42635334
0.0,0.38387677
0.0,0.3904809
0.0,0.39624444
0.426086956521738,0.4255523
0.5672268907563023,0.3955813
0.720647773279353,0.42210296
0.9311740890688256,0.43889785
1.0607287449392713,0.36972332
1.0080971659919031,0.4429275
1.0404858299595148,0.44583672
0.8744939271255081,0.47175708
0.4372469635627531,0.42587805
0.473684210526315,0.48440105
0.1473684210526329,0.4314905
0.1473684210526329,0.39886838
0.1210526315789479,0.34450808
0.1052631578947398,0.38040087
0.0526315789473628,0.3663292
0.0210526315789394,0.41541725
-0.0105263157894697,0.37771305
0.1263157894736792,0.39573976
0.1684210526315794,0.46346903
0.2578947368420969,0.40264362
0.4788732394366199,0.3679471
0.2816901408450705,0.4576502
0.056338028169014,0.4268725
-0.070422535211267,0.46280578
-0.0140845070422535,0.45225105
-0.0422535211267605,0.4492137
0.112676056338028,0.48424232
0.7042253521126769,0.3766531
0.619718309859155,0.4739967
0.6901408450704225,0.43078074
0.0,0.40939674
0.0,0.38028842
0.0,0.4405949
0.0,0.39434963
0.0,0.41902772
0.0,0.43392467
0.0,0.43066722
0.0,0.383988
0.0,0.38373482
0.0,0.40118393
0.5521739130434788,0.43326572
0.7100840336134446,0.39649016
0.9311740890688274,0.4195744
1.0607287449392722,0.43826225
1.0080971659919031,0.3725851
1.040485829959514,0.44802576
0.8744939271255081,0.44572887
0.4372469635627549,0.47343072
0.4736842105263168,0.41968036
0.4453441295546554,0.48641565
0.1473684210526329,0.4358511
0.1210526315789479,0.39977318
0.1052631578947327,0.34709626
0.0526315789473699,0.38243142
0.0210526315789465,0.36405483
-0.0105263157894768,0.41483387
0.1263157894736792,0.3812984
0.1684210526315794,0.39318427
0.257894736842104,0.46864113
0.3526315789473671,0.39901116
0.2816901408450709,0.36260515
0.0563380281690135,0.46447223
-0.0704225352112679,0.42861244
-0.014084507042253,0.4637199
-0.04225352112676,0.45582193
0.112676056338028,0.45662326
0.704225352112676,0.48577273
0.6197183098591554,0.37981927
0.6901408450704225,0.4762705
0.943661971830986,0.4324928
0.0,0.4170675
0.0,0.38552436
0.0,0.44317687
0.0,0.38934878
0.0,0.42102328
0.0,0.43558717
0.0,0.4317213
0.0,0.3841758
0.0,0.37782297
1.045454545454561,0.40354586
0.7000000000000011,0.43717575
0.928571428571427,0.39284202
1.0607287449392704,0.41725466
1.0080971659919022,0.43824655
1.040485829959514,0.37428945
0.8744939271255054,0.4507764
0.4372469635627531,0.44483295
0.4736842105263168,0.47598183
0.4453441295546554,0.41557768
0.3562753036437254,0.49058807
0.1210526315789479,0.43783116
0.1052631578947398,0.39844862
0.0526315789473699,0.34681922
0.0210526315789465,0.3858247
-0.0105263157894697,0.36212844
0.1263157894736792,0.41176283
0.1684210526315794,0.38611487
0.257894736842104,0.39341578
0.3526315789473671,0.4721797
0.3736842105263136,0.39839235
0.056338028169014,0.35807776
-0.0704225352112679,0.4701385
-0.0140845070422539,0.4276103
-0.04225352112676,0.46179986
0.1126760563380284,0.4565159
0.704225352112676,0.45950067
0.6197183098591545,0.48659495
0.690140845070423,0.38494706
0.9436619718309858,0.47830415
0.9577464788732392,0.43105847
0.0,0.42338133
0.0,0.3884451
0.0,0.44490176
0.0,0.38799587
0.0,0.4199706
0.0,0.43927765
0.0,0.43251434
0.0,0.3832818
1.0454545454545467,0.37646908
0.2272727272727337,0.40270162
0.926086956521738,0.43905425
1.0630252100840325,0.3867868
1.0080971659919022,0.4152048
1.0404858299595148,0.4395694
0.8744939271255054,0.37367702
0.4372469635627531,0.4527246
0.473684210526315,0.44354433
0.4453441295546554,0.47677773
0.3562753036437254,0.41285935
0.344129554655872,0.49404415
0.1052631578947327,0.4345278
0.0526315789473699,0.39675355
0.0210526315789465,0.34688708
-0.0105263157894697,0.3862225
0.1263157894736792,0.361543
0.1684210526315865,0.40872025
0.257894736842104,0.39244503
0.3526315789473671,0.39357087
0.3736842105263136,0.47530523
0.4157894736842067,0.39738265
-0.070422535211267,0.3582367
-0.0140845070422535,0.47232872
-0.0422535211267609,0.42545885
0.1126760563380289,0.45669258
0.704225352112676,0.45300794
0.6197183098591545,0.45850152
0.6901408450704225,0.48589718
0.9436619718309864,0.39028502
0.9577464788732392,0.4797059
0.971830985915493,0.43081874
0.0,0.42692798
0.0,0.39189726
0.0,0.44409618
0.0,0.3914656
0.0,0.4172935
0.0,0.44092736
0.0,0.43150607
1.0454545454545467,0.38052484
0.2272727272727195,0.37806222
0.0909090909090934,0.39960763
1.0652173913043477,0.43941563
1.008403361344537,0.3818073
1.0404858299595148,0.41263387
0.8744939271255081,0.43916905
0.4372469635627531,0.37102902
0.473684210526315,0.4512141
0.4453441295546554,0.44120467
0.3562753036437254,0.4738316
0.3441295546558702,0.41190642
0.336032388663968,0.49702716
0.0526315789473628,0.42321935
0.0210526315789394,0.39384505
-0.0105263157894697,0.34917113
0.1263157894736792,0.38401172
0.1684210526315794,0.35783705
0.2578947368420969,0.40542716
0.3526315789473671,0.39815724
0.3736842105263136,0.3945673
0.4157894736842067,0.47736463
0.4736842105263221,0.397666
-0.0140845070422535,0.3625713
-0.0422535211267605,0.47002527
0.112676056338028,0.42143872
0.7042253521126769,0.45170307
0.619718309859155,0.44518256
0.6901408450704225,0.45599264
0.9436619718309855,0.4862541
0.9577464788732396,0.39342657
0.9718309859154928,0.4807965
0.9859154929577464,0.42985404
0.0,0.427591
0.0,0.39894533
0.0,0.43767282
0.0,0.39558592
0.0,0.41023535
0.0,0.43858927
1.0454545454545396,0.43078363
0.2272727272727266,0.37715214
0.0909090909090792,0.38197345
0.0,0.39215982
1.0086956521739123,0.43199053
1.042016806722688,0.38073748
0.8744939271255081,0.4084878
0.4372469635627549,0.44072595
0.4736842105263168,0.3661202
0.4453441295546554,0.44524768
0.3562753036437236,0.43859306
0.3441295546558702,0.46846107
0.336032388663968,0.4137465
0.344129554655872,0.4975449
0.0210526315789465,0.4132868
-0.0105263157894768,0.3886988
0.1263157894736792,0.3525215
0.1684210526315794,0.38342816
0.257894736842104,0.35148004
0.3526315789473671,0.40022275
0.3736842105263136,0.40305823
0.4157894736842067,0.3934124
0.473684210526315,0.4777022
0.4842105263157918,0.40275234
-0.04225352112676,0.37213445
0.112676056338028,0.45738816
0.704225352112676,0.41792494
0.6197183098591554,0.45274603
0.6901408450704225,0.43132028
0.943661971830986,0.44865164
0.9577464788732396,0.48397437
0.971830985915493,0.389866
0.9859154929577464,0.47797644
0.9859154929577464,0.42825988
0.0,0.42683205
0.0,0.40507007
0.0,0.4281858
0.0,0.4005559
0.0,0.40171385
1.045454545454561,0.43528166
0.2272727272727266,0.43146023
0.0909090909090934,0.36972085
0.0,0.3876929
0.0,0.38133442
1.0434782608695643,0.42671764
0.8697478991596626,0.38355118
0.4372469635627531,0.40151405
0.4736842105263168,0.43909916
0.4453441295546554,0.36303553
0.3562753036437254,0.43991283
0.3441295546558702,0.43445095
0.3360323886639698,0.460895
0.3441295546558702,0.4160344
0.3400809716599191,0.4951436
-0.0105263157894697,0.40638933
0.1263157894736792,0.38523316
0.1684210526315794,0.35574126
0.257894736842104,0.37559736
0.3526315789473671,0.34541333
0.3736842105263136,0.40099797
0.4157894736842067,0.40450993
0.473684210526315,0.38332352
0.4842105263157918,0.4800685
0.4947368421052616,0.40058184
0.1126760563380284,0.3806101
0.704225352112676,0.452835
0.6197183098591545,0.42175144
0.690140845070423,0.4562329
0.9436619718309858,0.42599818
0.9577464788732392,0.44551763
0.971830985915493,0.48383546
0.9859154929577468,0.3868151
0.9859154929577464,0.4742088
0.9859154929577464,0.4386076
0.0,0.42815524
0.0,0.4106808
0.0,0.42417562
0.0,0.4082162
1.0454545454545467,0.39674854
0.2272727272727337,0.4350112
0.0909090909090934,0.43365404
0.0,0.35612568
0.0,0.38998228
0.0909090909090934,0.376487
0.8652173913043466,0.4220512
0.4159663865546221,0.3869345
0.473684210526315,0.39773038
0.4453441295546554,0.43561178
0.3562753036437254,0.36446095
0.344129554655872,0.44017023
0.336032388663968,0.43437925
0.3441295546558702,0.4550073
0.3400809716599191,0.4167436
0.3198380566801617,0.4995564
0.1263157894736792,0.39865413
0.1684210526315865,0.3796672
0.257894736842104,0.35454914
0.3526315789473671,0.3688668
0.3736842105263136,0.33820075
0.4157894736842067,0.4081033
0.473684210526315,0.40512437
0.4842105263157918,0.37759167
0.4947368421052616,0.47865194
0.5052631578947384,0.38975182
0.704225352112676,0.38772
0.6197183098591545,0.4656121
0.6901408450704225,0.4255375
0.9436619718309864,0.46718487
0.9577464788732392,0.43177024
0.971830985915493,0.44753155
0.9859154929577464,0.4838947
0.9859154929577468,0.37333488
0.9859154929577464,0.46731094
0.971830985915493,0.45120806
0.0,0.42869735
0.0,0.41991743
0.0,0.43205944
1.0454545454545467,0.41515127
0.2272727272727195,0.38983935
0.0909090909090934,0.43101957
0.0,0.43557245
0.0,0.3341725
0.0909090909090792,0.39095256
0.3636363636363739,0.3719007
0.3956521739130441,0.40980738
0.4537815126050404,0.39131662
0.4453441295546554,0.39418787
0.3562753036437254,0.4371018
0.3441295546558702,0.36022627
0.336032388663968,0.4365588
0.3441295546558702,0.43409407
0.3400809716599173,0.45580778
0.3198380566801617,0.41608712
0.3117408906882595,0.50764555
0.1684210526315794,0.38679987
0.2578947368420969,0.37430125
0.3526315789473671,0.3480433
0.3736842105263136,0.36669123
0.4157894736842067,0.33199114
0.4736842105263221,0.41186157
0.4842105263157918,0.39531192
0.4947368421052616,0.37875116
0.5052631578947384,0.4727805
0.5,0.39569014
0.619718309859155,0.39017838
0.6901408450704225,0.46556908
0.9436619718309855,0.41948268
0.9577464788732396,0.4723305
0.9718309859154928,0.43102464
0.9859154929577464,0.44046164
0.9859154929577464,0.48864955
0.9859154929577468,0.36210012
0.9718309859154928,0.46783775
0.9859154929577464,0.44512054
0.0,0.42136663
0.0,0.4153334
1.0454545454545396,0.4327343
0.2272727272727266,0.42478654
0.0909090909090792,0.39006713
0.0,0.4294512
0.0,0.43328735
0.0909090909090934,0.33506674
0.3636363636363597,0.39290905
0.2272727272727337,0.3650292
0.4347826086956523,0.4067152
0.4243697478991581,0.39329097
0.3562753036437236,0.4040488
0.3441295546558702,0.44377387
0.336032388663968,0.3593476
0.344129554655872,0.4361649
0.3400809716599173,0.43814087
0.3198380566801617,0.45985755
0.3117408906882595,0.41621298
0.2995951417004043,0.5074863
0.257894736842104,0.38986492
0.3526315789473671,0.37929466
0.3736842105263136,0.34114772
0.4157894736842067,0.36733136
0.473684210526315,0.3322195
0.4842105263157918,0.41569024
0.4947368421052616,0.38676184
0.5052631578947384,0.38148502
0.5,0.46709886
0.5052631578947384,0.39945745
0.6901408450704225,0.38932005
0.943661971830986,0.47463992
0.9577464788732396,0.41878268
0.971830985915493,0.47235158
0.9859154929577464,0.43860772
0.9859154929577464,0.44347084
0.9859154929577464,0.49026638
0.971830985915493,0.3618004
0.9859154929577464,0.46952036
0.9859154929577464,0.43969664
0.0,0.41707623
1.045454545454561,0.40990323
0.2272727272727266,0.43847558
0.0909090909090934,0.42125648
0.0,0.38979226
0.0,0.42854607
0.0909090909090934,0.43252045
0.3636363636363597,0.33475053
0.2272727272727195,0.3924318
0.3636363636363739,0.36574775
0.4043478260869566,0.40276873
0.3319327731092425,0.3937493
0.3441295546558702,0.40540174
0.3360323886639698,0.45140392
0.3441295546558702,0.35732114
0.3400809716599191,0.43825924
0.3198380566801617,0.44618782
0.3117408906882595,0.46223333
0.2995951417004043,0.41481566
0.2834008097165998,0.5153265
0.3526315789473671,0.38407674
0.3736842105263136,0.37918288
0.4157894736842067,0.34383
0.473684210526315,0.3619549
0.4842105263157918,0.33610997
0.4947368421052616,0.4165212
0.5052631578947384,0.37847757
0.5,0.3880504
0.5052631578947384,0.46675974
0.5157894736842081,0.4091538
0.9436619718309858,0.39259365
0.9577464788732392,0.45984125
0.971830985915493,0.41496187
0.9859154929577468,0.470766
0.9859154929577464,0.42140794
0.9859154929577464,0.43288267
0.971830985915493,0.49508655
0.9859154929577468,0.36585742
0.9859154929577464,0.47251144
0.9859154929577464,0.4402067
1.0454545454545467,0.41092777
0.2272727272727337,0.40942657
0.0909090909090934,0.4332327
0.0,0.42220363
0.0,0.39556006
0.0909090909090934,0.43183395
0.3636363636363597,0.43148988
0.2272727272727266,0.34279847
0.3636363636363597,0.39992848
0.1818181818181869,0.357922
0.3086956521739132,0.397738
0.3193277310924376,0.39266852
0.336032388663968,0.4093436
0.3441295546558702,0.44771004
0.3400809716599191,0.35510954
0.3198380566801617,0.43950656
0.3117408906882577,0.44902632
0.2995951417004061,0.4587426
0.2834008097165998,0.4199505
0.2712550607287447,0.51172054
0.3736842105263136,0.38686818
0.4157894736842067,0.38511813
0.473684210526315,0.34783578
0.4842105263157918,0.35545376
0.4947368421052616,0.3401545
0.5052631578947384,0.41164982
0.5,0.3855666
0.5052631578947384,0.3932902
0.5157894736842081,0.4579969
0.5368421052631618,0.40943882
0.9577464788732392,0.390113
0.971830985915493,0.46093386
0.9859154929577464,0.42388535
0.9859154929577468,0.4680844
0.9859154929577464,0.42320758
0.971830985915493,0.43437484
0.9859154929577464,0.5009655
0.9859154929577468,0.37127116
0.9859154929577464,0.46513206
0.9859154929577464,0.44069663
0.2272727272727195,0.40953872
0.0909090909090934,0.40583014
0.0,0.43186343
0.0,0.4199842
0.0909090909090792,0.39406535
0.3636363636363739,0.42677674
0.2272727272727266,0.4209723
0.3636363636363597,0.33830816
0.1818181818181869,0.39564627
0.0454545454545467,0.3647392
0.2956521739130426,0.39637655
0.310924369747898,0.39715597
0.3441295546558702,0.40609628
0.3400809716599173,0.4497177
0.3198380566801617,0.35894185
0.3117408906882595,0.4382499
0.2995951417004026,0.45063078
0.2834008097165998,0.45917404
0.2712550607287447,0.42254564
0.2469635627530362,0.51103723
0.4157894736842067,0.38871065
0.4736842105263221,0.38669878
0.4842105263157918,0.34219545
0.4947368421052616,0.35747766
0.5052631578947384,0.34586322
0.5,0.4179708
0.5052631578947384,0.379044
0.5157894736842152,0.40078673
0.5368421052631547,0.44860142
0.5578947368421012,0.41169742
0.9718309859154928,0.38977104
0.9859154929577464,0.45795876
0.9859154929577464,0.4192505
0.9859154929577468,0.4669155
0.9718309859154928,0.43265864
0.9859154929577464,0.4312278
0.9859154929577464,0.50096273
0.9859154929577468,0.37061805
0.9859154929577464,0.45950598
0.9859154929577464,0.43623382
0.0909090909090792,0.40036497
0.0,0.39504567
0.0,0.42785212
0.0909090909090934,0.42055497
0.3636363636363597,0.3963695
0.2272727272727337,0.4186332
0.3636363636363597,0.41869202
0.1818181818181798,0.34563932
0.0454545454545325,0.39547622
0.0,0.36841676
0.2869565217391301,0.39459997
0.3193277310924376,0.40072587
0.3400809716599173,0.41363186
0.3198380566801617,0.45224026
0.3117408906882595,0.36210686
0.2995951417004043,0.4313739
0.2834008097165981,0.45712465
0.2712550607287465,0.46295667
0.2469635627530362,0.42782378
0.2510121457489873,0.5128685
0.473684210526315,0.39523792
0.4842105263157918,0.38406736
0.4947368421052616,0.3420819
0.5052631578947384,0.36542827
0.5,0.34516412
0.5052631578947384,0.41952914
0.5157894736842152,0.37876838
0.5368421052631547,0.3994981
0.5578947368421012,0.45295945
0.6157894736842167,0.41312802
0.9859154929577464,0.3833478
0.9859154929577464,0.4587868
0.9859154929577464,0.41540456
0.971830985915493,0.46866792
0.9859154929577464,0.43712196
0.9859154929577464,0.43311208
0.9859154929577464,0.49798375
0.9859154929577468,0.3719486
0.9859154929577464,0.4620249
0.9577464788732392,0.43580002
0.0,0.4029939
0.0,0.39026996
0.0909090909090934,0.4288366
0.3636363636363597,0.4170406
0.2272727272727195,0.39947063
0.3636363636363739,0.41665918
0.1818181818181869,0.42639375
0.0454545454545467,0.35214907
0.0,0.39408675
0.0454545454545467,0.37062746
0.2956521739130426,0.3907536
0.3151260504201669,0.396327
0.3198380566801617,0.4150724
0.3117408906882595,0.45360434
0.2995951417004043,0.36334836
0.2834008097165998,0.43565288
0.2712550607287447,0.46098834
0.246963562753038,0.46413305
0.2510121457489873,0.4322676
0.2550607287449402,0.5128623
0.4842105263157918,0.39791453
0.4947368421052616,0.38338467
0.5052631578947384,0.33235168
0.5,0.37254906
0.5052631578947384,0.34626886
0.5157894736842081,0.4227239
0.5368421052631618,0.37285766
0.5578947368421083,0.40341336
0.6157894736842096,0.44898552
0.6368421052631561,0.4171464
0.9859154929577464,0.38377294
0.9859154929577464,0.44928533
0.971830985915493,0.4082645
0.9859154929577468,0.4653293
0.9859154929577464,0.43771252
0.9859154929577464,0.42844468
0.9859154929577464,0.49842677
0.9859154929577468,0.37208116
0.9577464788732392,0.47184584
0.8732394366197183,0.43278152
0.0,0.39661375
0.0909090909090934,0.3735212
0.3636363636363597,0.42310864
0.2272727272727266,0.41959217
0.3636363636363597,0.40879261
0.1818181818181869,0.40934786
0.0454545454545396,0.4251405
0.0,0.37535676
0.0454545454545325,0.40032193
0.0,0.37033093
0.2913043478260881,0.3924989
0.2941176470588225,0.3942274
0.3117408906882577,0.42424962
0.2995951417004061,0.45370278
0.2834008097165998,0.36068654
0.2712550607287447,0.43013212
0.2469635627530362,0.4534413
0.2510121457489873,0.47503117
0.2550607287449384,0.43804765
0.287449392712551,0.5088829
0.4947368421052616,0.40789956
0.5052631578947384,0.38335332
0.5,0.33870915
0.5052631578947384,0.36972862
0.5157894736842081,0.34739888
0.5368421052631618,0.41509572
0.5578947368421012,0.37354505
0.6157894736842096,0.4025982
0.6368421052631561,0.45273483
0.6684210526315866,0.41542247
0.9859154929577464,0.37733543
0.971830985915493,0.44606268
0.9859154929577464,0.4136522
0.9859154929577468,0.46419954
0.9859154929577464,0.444933
0.9859154929577464,0.43565515
0.9859154929577464,0.50210196
0.9577464788732396,0.37648553
0.8732394366197185,0.46743584
0.8591549295774645,0.43169805
0.0909090909090792,0.39975992
0.3636363636363739,0.3737177
0.2272727272727266,0.42968154
0.3636363636363597,0.41260257
0.1818181818181869,0.41226164
0.0454545454545467,0.41674584
0.0,0.4292116
0.0454545454545467,0.37325895
0.0,0.39693776
0.0,0.37981638
0.2695652173913032,0.393754
0.2857142857142847,0.389833
0.2995951417004026,0.4254033
0.2834008097165998,0.45262158
0.2712550607287447,0.3632874
0.2469635627530362,0.43695834
0.2510121457489855,0.46016717
0.2550607287449402,0.4745061
0.287449392712551,0.43797886
0.2793522267206487,0.5067552
0.5052631578947384,0.4003326
0.5,0.38724786
0.5052631578947384,0.33645695
0.5157894736842152,0.36194822
0.5368421052631547,0.3459792
0.5578947368421012,0.4162527
0.6157894736842096,0.371315
0.6368421052631561,0.4086275
0.6684210526315795,0.4568328
0.7000000000000028,0.4167126
0.9718309859154928,0.38121518
0.9859154929577464,0.44892463
0.9859154929577464,0.41463876
0.9859154929577468,0.46613148
0.9859154929577464,0.4467142
0.9859154929577464,0.4379481
0.9577464788732396,0.5105397
0.8732394366197185,0.3772039
0.859154929577465,0.46932942
0.788732394366197,0.4360359
0.3636363636363597,0.39526933
0.2272727272727337,0.3708031
0.3636363636363597,0.42695642
0.1818181818181798,0.41433078
0.0454545454545325,0.4078579
0.0,0.41606
0.0454545454545396,0.42641807
0.0,0.36768457
0.0,0.40210843
0.0,0.37750304
0.2608695652173907,0.3960415
0.273109243697478,0.3978244
0.2834008097165981,0.43182176
0.2712550607287465,0.45643187
0.2469635627530362,0.36257055
0.2510121457489873,0.43405825
0.2550607287449384,0.4682088
0.2874493927125527,0.47960332
0.2793522267206469,0.44204754
0.2914979757085021,0.51892644
0.5,0.40325716
0.5052631578947384,0.3884416
0.5157894736842152,0.3331371
0.5368421052631547,0.36273277
0.5578947368421012,0.34901157
0.6157894736842167,0.41650274
0.6368421052631632,0.36925808
0.6684210526315795,0.40895736
0.7000000000000028,0.4579665
0.7000000000000028,0.4155719
0.9859154929577464,0.37985536
0.9859154929577464,0.44970003
0.9859154929577464,0.41311777
0.9859154929577468,0.46619847
0.9859154929577464,0.44812727
0.9577464788732392,0.4364848
0.873239436619718,0.5113684
0.8591549295774654,0.37968615
0.788732394366197,0.4716645
0.7183098591549295,0.435782
0.2272727272727195,0.3981571
0.3636363636363739,0.36828223
0.1818181818181869,0.42832786
0.0454545454545467,0.4135113
0.0,0.4105441
0.0454545454545467,0.4141004
0.0,0.42716682
0.0,0.3697001
0.0,0.4017838
0.0,0.37771675
0.2478260869565218,0.39459932
0.2563025210084024,0.3967798
0.2712550607287447,0.4325485
0.246963562753038,0.4561385
0.2510121457489873,0.36074376
0.2550607287449402,0.43272394
0.287449392712551,0.4687672
0.2793522267206469,0.48059374
0.2914979757085021,0.44350734
0.3198380566801617,0.51847285
0.5052631578947384,0.40565643
0.5157894736842081,0.38873386
0.5368421052631618,0.33105403
0.5578947368421083,0.36413544
0.6157894736842096,0.35173777
0.6368421052631561,0.41757482
0.6684210526315795,0.36782807
0.7000000000000028,0.40950257
0.7000000000000028,0.457638
0.7052631578947341,0.4164147
0.9859154929577464,0.38011023
0.9859154929577464,0.44970998
0.9859154929577464,0.41081914
0.9859154929577468,0.46632874
0.9577464788732392,0.44693667
0.8732394366197183,0.43337733
0.8591549295774645,0.51132154
0.7887323943661979,0.37995195
0.7183098591549295,0.47324443
0.6056338028169015,0.43507338
0.3636363636363597,0.3989025
0.1818181818181869,0.3666418
0.0454545454545396,0.42794988
0.0,0.41453025
0.0454545454545325,0.41195858
0.0,0.41251066
0.0,0.42691487
0.0,0.37163737
0.0,0.402767
0.0,0.3758898
0.230434782608695,0.39279372
0.2436974789915957,0.395107
0.2469635627530362,0.43259707
0.2510121457489873,0.4550899
0.2550607287449384,0.36060604
0.287449392712551,0.43170106
0.2793522267206469,0.46900588
0.2914979757085021,0.481129
0.3198380566801617,0.44523984
0.3927125506072872,0.51763153
0.5157894736842081,0.4085766
0.5368421052631618,0.38839555
0.5578947368421012,0.33191088
0.6157894736842096,0.36492008
0.6368421052631561,0.352139
0.6684210526315866,0.41733852
0.7000000000000028,0.3695428
0.7000000000000028,0.4068454
0.7052631578947341,0.45912504
0.6842105263157876,0.4142094
0.9859154929577464,0.37828177
0.9859154929577464,0.45169455
0.9859154929577464,0.41130212
0.9577464788732396,0.46710965
0.8732394366197185,0.44818795
0.8591549295774645,0.43394026
0.7887323943661975,0.5110171
0.7183098591549295,0.38065523
0.6056338028169015,0.47305
0.5070422535211265,0.43579087
0.1818181818181869,0.40101692
0.0454545454545467,0.36874336
0.0,0.4295317
0.0454545454545467,0.41321847
0.0,0.41304708
0.0,0.4123126
0.0,0.42720503
0.0,0.37183562
0.0,0.40158197
0.0,0.37847745
0.2173913043478261,0.39093053
0.2184873949579824,0.3931441
0.2510121457489855,0.43139485
0.2550607287449402,0.45493814
0.287449392712551,0.36136284
0.2793522267206487,0.43382198
0.2914979757085003,0.46889967
0.3198380566801617,0.48106474
0.3927125506072872,0.4449795
0.4615384615384617,0.51655453
0.5368421052631547,0.4122333
0.5578947368421012,0.38882685
0.6157894736842096,0.33059177
0.6368421052631561,0.36708027
0.6684210526315795,0.35295728
0.7000000000000028,0.41839412
0.7000000000000028,0.36830944
0.7052631578947341,0.40522274
0.6842105263157876,0.45843253
0.6736842105263179,0.41435727
0.9859154929577464,0.3764023
0.9859154929577464,0.45033687
0.9577464788732396,0.41136962
0.8732394366197185,0.46703076
0.859154929577465,0.45053995
0.788732394366197,0.43369347
0.7183098591549295,0.51036394
0.6056338028169019,0.38042083
0.5070422535211265,0.4744842
0.5352112676056335,0.43603507
0.0454545454545325,0.40128285
0.0,0.36658055
0.0454545454545396,0.42982912
0.0,0.41347793
0.0,0.4162047
0.0,0.41168442
0.0,0.42737386
0.0,0.3770179
0.0,0.40075383
0.0,0.38058266
0.1913043478260867,0.3931609
0.2226890756302495,0.39166263
0.2550607287449384,0.43288377
0.2874493927125527,0.45457458
0.2793522267206469,0.36335918
0.2914979757085021,0.43455312
0.3198380566801617,0.4669305
0.3927125506072872,0.4825188
0.4615384615384617,0.44408107
0.4453441295546554,0.5151102
0.5578947368421012,0.4164847
0.6157894736842167,0.38819194
0.6368421052631632,0.33440626
0.6684210526315795,0.36721504
0.7000000000000028,0.35318756
0.7000000000000028,0.41543034
0.7052631578947341,0.3701926
0.6842105263157876,0.40301004
0.6736842105263179,0.46061265
0.6421052631579016,0.41339114
0.9859154929577464,0.37272933
0.9577464788732392,0.45052722
0.873239436619718,0.41412863
0.8591549295774654,0.46929902
0.788732394366197,0.45288268
0.7183098591549295,0.43793496
0.605633802816901,0.51069045
0.5070422535211274,0.3804185
0.535211267605634,0.4736625
0.436619718309859,0.4361463
0.0,0.40366265
0.0454545454545467,0.36803737
0.0,0.43235454
0.0,0.4096332
0.0,0.41800284
0.0,0.41518366
0.0,0.429834
0.0,0.37578064
0.0,0.39852032
0.0,0.38520688
0.195652173913043,0.3958334
0.2268907563025202,0.39114606
0.287449392712551,0.4317679
0.2793522267206469,0.45386416
0.2914979757085021,0.36622977
0.3198380566801617,0.43794054
0.3927125506072872,0.4664141
0.4615384615384617,0.48180377
0.4453441295546554,0.44160676
0.5020242914979764,0.51286095
0.6157894736842096,0.41688988
0.6368421052631561,0.38872328
0.6684210526315795,0.3347268
0.7000000000000028,0.3671286
0.7000000000000028,0.35334802
0.7052631578947341,0.41519004
0.6842105263157876,0.3697834
0.6736842105263179,0.40415147
0.6421052631578945,0.46241587
0.6421052631579016,0.41509736
0.9577464788732392,0.3732574
0.8732394366197183,0.4491883
0.8591549295774645,0.41517347
0.7887323943661979,0.46966416
0.7183098591549295,0.4528795
0.6056338028169015,0.43838003
0.5070422535211265,0.5113848
0.5352112676056344,0.38048172
0.4366197183098594,0.47621548
0.436619718309859,0.4366452
0.0454545454545325,0.4034638
0.0,0.36746025
0.0,0.43189624
0.0,0.4085205
0.0,0.41901678
0.0,0.41655248
0.0,0.42988288
0.0,0.37695506
0.0,0.40035853
0.0,0.38527107
0.1999999999999993,0.39875948
0.2605042016806713,0.3915236
0.2793522267206469,0.43270636
0.2914979757085021,0.45381543
0.3198380566801617,0.3669123
0.3927125506072872,0.43888542
0.4615384615384599,0.46637747
0.4453441295546554,0.482225
0.5020242914979764,0.44100654
0.5182186234817827,0.51438415
0.6368421052631561,0.42088878
0.6684210526315866,0.38857344
0.7000000000000028,0.33628297
0.7000000000000028,0.3675717
0.7052631578947341,0.35356954
0.6842105263157876,0.4134993
0.6736842105263179,0.3712903
0.6421052631578945,0.4016587
0.6421052631578945,0.4641485
0.6631578947368411,0.41545445
0.8732394366197185,0.3702913
0.8591549295774645,0.44766614
0.7887323943661975,0.4167259
0.7183098591549295,0.47135615
0.6056338028169015,0.45490965
0.5070422535211265,0.4413209
0.535211267605634,0.51227605
0.4366197183098599,0.3819554
0.4366197183098594,0.47552237
0.436619718309859,0.43560204
0.0,0.4054993
0.0,0.36845452
0.0,0.43218786
0.0,0.40556017
0.0,0.4208143
0.0,0.41927648
0.0,0.43223935
0.0,0.37693617
0.0,0.3983352
0.0,0.388168
0.234782608695653,0.400092
0.2521008403361335,0.39203164
0.2914979757085003,0.43186098
0.3198380566801617,0.45269048
0.3927125506072872,0.36884144
0.4615384615384617,0.44106555
0.4453441295546554,0.46656585
0.5020242914979764,0.48140302
0.5182186234817827,0.4399572
0.4696356275303657,0.51337343
0.6684210526315795,0.4218575
0.7000000000000028,0.38904026
0.7000000000000028,0.3363843
0.7052631578947341,0.36857063
0.6842105263157876,0.35344997
0.6736842105263179,0.41321787
0.6421052631578945,0.37211084
0.6421052631578945,0.4008283
0.6631578947368411,0.46594247
0.689473684210526,0.41642943
0.859154929577465,0.36932957
0.788732394366197,0.44758663
0.7183098591549295,0.4164935
0.6056338028169019,0.47253215
0.5070422535211265,0.45536488
0.5352112676056335,0.4424005
0.436619718309859,0.5126888
0.4366197183098599,0.38237178
0.4366197183098594,0.47632286
0.5070422535211265,0.43485603
0.0,0.40612724
0.0,0.36878648
0.0,0.43195257
0.0,0.40432936
0.0,0.4199169
0.0,0.42003953
0.0,0.4335269
0.0,0.37666342
0.0,0.39781028
0.0,0.38909268
0.2260869565217387,0.40146828
0.2647058823529402,0.3927648
0.3198380566801617,0.4321173
0.3927125506072872,0.45314154
0.4615384615384617,0.3701726
0.4453441295546554,0.44209626
0.5020242914979747,0.4673286
0.5182186234817827,0.4813177
0.4696356275303639,0.43945074
0.4210526315789469,0.51365477
0.7000000000000028,0.4249625
0.7000000000000028,0.389323
0.7052631578947341,0.3349493
0.6842105263157876,0.37245607
0.6736842105263179,0.35427547
0.6421052631579016,0.41414636
0.6421052631578945,0.37213883
0.6631578947368411,0.39939493
0.689473684210526,0.4665273
0.7105263157894797,0.41718546
0.788732394366197,0.36752522
0.7183098591549295,0.44680753
0.605633802816901,0.41536587
0.5070422535211274,0.47311702
0.535211267605634,0.45574906
0.436619718309859,0.44201347
0.436619718309859,0.5108338
0.4366197183098599,0.38168138
0.5070422535211265,0.4777398
0.6056338028169015,0.43342835
0.0,0.4064968
0.0,0.36810997
0.0,0.4319907
0.0,0.40304157
0.0,0.42080587
0.0,0.42014515
0.0,0.43537968
0.0,0.37985924
0.0,0.39632118
0.0,0.38991207
0.2391304347826075,0.4016846
0.2941176470588225,0.3924753
0.3927125506072872,0.43168473
0.4615384615384617,0.45348936
0.4453441295546554,0.3711048
0.5020242914979764,0.44341478
0.5182186234817809,0.46603507
0.4696356275303657,0.4813151
0.4210526315789469,0.43900704
0.3603238866396765,0.51134723
0.7000000000000028,0.42662826
0.7052631578947341,0.38985938
0.6842105263157876,0.332312
0.6736842105263179,0.37609577
0.6421052631578945,0.35453406
0.6421052631579016,0.41557345
0.6631578947368411,0.37221932
0.689473684210526,0.39804298
0.7105263157894726,0.46696573
0.7315789473684191,0.41682595
0.7183098591549295,0.365745
0.6056338028169015,0.44576177
0.5070422535211265,0.41191712
0.5352112676056344,0.4721107
0.4366197183098594,0.45580134
0.436619718309859,0.44139832
0.436619718309859,0.5086962
0.5070422535211274,0.382905
0.6056338028169015,0.4792419
0.732394366197183,0.43123466
0.0,0.4062331
0.0,0.36747673
0.0,0.43063232
0.0,0.40358135
0.0,0.42173666
0.0,0.4187832
0.0,0.4363165
0.0,0.38516462
0.0,0.3944528
0.0,0.39030308
0.2695652173913032,0.40089196
0.3697478991596625,0.39096484
0.4615384615384599,0.43219626
0.4453441295546554,0.4538806
0.5020242914979764,0.3717175
0.5182186234817827,0.4436518
0.4696356275303639,0.4647651
0.4210526315789469,0.47999045
0.3603238866396747,0.43923634
0.2914979757085021,0.5093273
0.7052631578947341,0.42856124
0.6842105263157876,0.38956377
0.6736842105263179,0.33114275
0.6421052631578945,0.37850356
0.6421052631578945,0.35370746
0.6631578947368411,0.41496867
0.689473684210526,0.37355947
0.7105263157894726,0.3967187
0.7315789473684191,0.46757215
0.7789473684210506,0.41659063
0.6056338028169015,0.36384422
0.5070422535211265,0.44535446
0.535211267605634,0.4090891
0.4366197183098599,0.47289154
0.4366197183098594,0.45611802
0.436619718309859,0.44212213
0.5070422535211265,0.5062206
0.6056338028169019,0.38388377
0.732394366197183,0.47930336
0.8169014084507045,0.4280253
0.0,0.4073435
0.0,0.36831024
0.0,0.42904532
0.0,0.4025168
0.0,0.4227315
0.0,0.4183972
0.0,0.43711954
0.0,0.3882649
0.0,0.3926043
0.0,0.39068073
0.3478260869565215,0.4011883
0.4411764705882337,0.38995725
0.4453441295546554,0.43157873
0.5020242914979764,0.452845
0.5182186234817827,0.37244165
0.4696356275303657,0.44419742
0.4210526315789451,0.4640153
0.3603238866396765,0.47775054
0.2914979757085021,0.43797654
0.2388663967611339,0.5073979
0.6842105263157876,0.4281445
0.6736842105263179,0.3891803
0.6421052631578945,0.3326344
0.6421052631578945,0.37960175
0.6631578947368411,0.35236922
0.689473684210526,0.41356796
0.7105263157894726,0.3762881
0.7315789473684191,0.39638567
0.7789473684210577,0.4686287
0.7789473684210506,0.41548637
0.5070422535211265,0.36337125
0.5352112676056335,0.44574678
0.436619718309859,0.40662748
0.4366197183098599,0.47349477
0.4366197183098594,0.45471016
0.5070422535211265,0.44305402
0.605633802816901,0.5044393
0.7323943661971835,0.3850303
0.816901408450704,0.47823733
0.8873239436619718,0.42607173
0.0,0.40848282
0.0,0.370419
0.0,0.427095
0.0,0.40112418
0.0,0.42191097
0.0,0.41723624
0.0,0.43730128
0.0,0.38884386
0.0,0.39183038
0.0,0.3915718
0.4217391304347835,0.40058172
0.4243697478991581,0.39023307
0.5020242914979747,0.4302801
0.5182186234817827,0.45231816
0.4696356275303639,0.37354293
0.4210526315789469,0.44327146
0.3603238866396747,0.4631171
0.2914979757085021,0.4761342
0.2388663967611339,0.43672538
0.2024291497975721,0.5053968
0.6736842105263179,0.42618796
0.6421052631579016,0.3878563
0.6421052631578945,0.33428162
0.6631578947368411,0.3793059
0.689473684210526,0.350245
0.7105263157894797,0.41212875
0.7315789473684191,0.37982622
0.7789473684210577,0.39583215
0.7789473684210577,0.47032046
0.7894736842105274,0.4140351
0.535211267605634,0.36349156
0.436619718309859,0.4454457
0.436619718309859,0.4046857
0.4366197183098599,0.47367066
0.5070422535211265,0.45119175
0.6056338028169015,0.44274497
0.732394366197183,0.5026318
0.8169014084507045,0.38641453
0.887323943661972,0.47674018
0.9295774647887324,0.42511848
0.0,0.4109491
0.0,0.37513962
0.0,0.42424935
0.0,0.40066957
0.0,0.4204425
0.0,0.4158053
0.0,0.43692076
0.0,0.38893718
0.0,0.39135692
0.0,0.391212
0.4043478260869566,0.39882344
0.4831932773109244,0.39042234
0.5182186234817809,0.4283487
0.4696356275303657,0.451716
0.4210526315789469,0.37351263
0.3603238866396765,0.44213557
0.2914979757085003,0.46156916
0.2388663967611322,0.47311258
0.2024291497975703,0.43557286
0.1740890688259124,0.50366753
0.6421052631578945,0.42510986
0.6421052631579016,0.3857283
0.6631578947368411,0.33673215
0.689473684210526,0.37911084
0.7105263157894726,0.34839156
0.7315789473684191,0.40991074
0.7789473684210506,0.38329268
0.7789473684210577,0.3955354
0.7894736842105274,0.4716924
0.7684210526315809,0.41346052
0.4366197183098594,0.3633443
0.436619718309859,0.44369853
0.436619718309859,0.40374142
0.5070422535211274,0.47342497
0.6056338028169015,0.44853544
0.732394366197183,0.44293702
0.8169014084507045,0.50182086
0.887323943661972,0.38695002
0.9295774647887324,0.47463095
0.971830985915493,0.4236802
0.0,0.41393593
0.0,0.37921613
0.0,0.42236853
0.0,0.39955714
0.0,0.41901508
0.0,0.41540527
0.0,0.43715033
0.0,0.38791898
0.0,0.3913432
0.0,0.39024153
0.465217391304348,0.39691612
0.5,0.39030892
0.4696356275303639,0.42638272
0.4210526315789469,0.45143896
0.3603238866396747,0.3739993
0.2914979757085021,0.4414966
0.2388663967611322,0.45994803
0.2024291497975703,0.47037038
0.1740890688259107,0.43448484
0.1659919028340084,0.5021305
0.6421052631578945,0.42255223
0.6631578947368411,0.38300776
0.689473684210526,0.33889043
0.7105263157894726,0.37682605
0.7315789473684191,0.34623915
0.7789473684210506,0.40886557
0.7789473684210506,0.3856965
0.7894736842105274,0.39333263
0.7684210526315809,0.47178364
0.7263157894736807,0.41114214
0.4366197183098594,0.36306345
0.436619718309859,0.44323164
0.5070422535211265,0.40416086
0.6056338028169019,0.47313672
0.732394366197183,0.44611302
0.8169014084507045,0.44297144
0.8873239436619715,0.5015619
0.9295774647887328,0.38672408
0.9718309859154928,0.4717607
0.971830985915493,0.42428976
0.0,0.41607827
0.0,0.3834611
0.0,0.42041537
0.0,0.40122813
0.0,0.4169715
0.0,0.41580263
0.0,0.43798104
0.0,0.38344035
0.0,0.3908123
0.0,0.38941687
0.4826086956521749,0.39363188
0.4495798319327733,0.39243895
0.4210526315789451,0.4238811
0.3603238866396765,0.4504612
0.2914979757085021,0.37571585
0.2388663967611339,0.43908727
0.2024291497975721,0.4575216
0.1740890688259124,0.4677677
0.1659919028340084,0.43244094
0.1659919028340084,0.503265
0.6631578947368411,0.4188575
0.689473684210526,0.38054764
0.7105263157894726,0.34097207
0.7315789473684191,0.37408254
0.7789473684210577,0.34483057
0.7789473684210506,0.40886876
0.7894736842105274,0.38648096
0.7684210526315809,0.3919272
0.7263157894736878,0.47107238
0.6947368421052644,0.40908185
0.4366197183098594,0.36400962
0.5070422535211265,0.44224423
0.605633802816901,0.40652943
0.7323943661971835,0.47238865
0.816901408450704,0.44200224
0.8873239436619718,0.44189999
0.929577464788732,0.5009047
0.971830985915493,0.3854584
0.9718309859154928,0.4693713
0.9859154929577464,0.42677233
0.0,0.41752788
0.0,0.38729808
0.0,0.41927752
0.0,0.40319854
0.0,0.4150599
0.0,0.41586643
0.0,0.437823
0.0,0.37840307
0.0,0.39020827
0.0,0.38677207
0.430434782608696,0.39033142
0.3991596638655448,0.3944715
0.3603238866396747,0.42118305
0.2914979757085021,0.44909954
0.2388663967611339,0.37651435
0.2024291497975721,0.43705368
0.1740890688259107,0.45519152
0.1659919028340102,0.4662643
0.1659919028340084,0.4313893
0.1376518218623506,0.5038256
0.689473684210526,0.41438675
0.7105263157894797,0.3778503
0.7315789473684191,0.342534
0.7789473684210577,0.37309077
0.7789473684210577,0.3432406
0.7894736842105274,0.40892273
0.7684210526315809,0.3869024
0.7263157894736878,0.39166018
0.6947368421052644,0.46921712
0.6789473684210421,0.40822852
0.5070422535211265,0.36623424
0.6056338028169015,0.44051927
0.732394366197183,0.40751025
0.8169014084507045,0.47143388
0.887323943661972,0.43773997
0.9295774647887324,0.43833953
0.971830985915493,0.50010425
0.971830985915493,0.38303536
0.9859154929577464,0.4668583
1.0,0.42823273
0.0,0.41757303
0.0,0.39027977
0.0,0.4175006
0.0,0.406412
0.0,0.41319868
0.0,0.4154733
0.0,0.4371118
0.0,0.3736229
0.0,0.39182374
0.0,0.38296697
0.3782608695652172,0.38627812
0.3361344537815114,0.3953047
0.2914979757085003,0.41770747
0.2388663967611322,0.44869104
0.2024291497975703,0.37582287
0.1740890688259124,0.43533134
0.1659919028340084,0.45268285
0.1659919028340102,0.46489504
0.1376518218623488,0.43137687
0.1133603238866403,0.50416934
0.7105263157894726,0.4106662
0.7315789473684191,0.37594283
0.7789473684210506,0.34364587
0.7789473684210577,0.37228787
0.7894736842105274,0.34119526
0.7684210526315809,0.40879044
0.7263157894736878,0.38651925
0.6947368421052644,0.39149055
0.6789473684210492,0.4659201
0.6842105263157876,0.40985107
0.6056338028169015,0.36901492
0.732394366197183,0.43839008
0.8169014084507045,0.40667713
0.887323943661972,0.47118002
0.9295774647887324,0.43435293
0.971830985915493,0.43374652
0.971830985915493,0.49985737
0.9859154929577468,0.37881112
1.0,0.46459985
1.0,0.42802095
0.0,0.41544646
0.0,0.39197654
0.0,0.41590813
0.0,0.40963742
0.0,0.412025
0.0,0.4157712
0.0,0.43723536
0.0,0.36863604
0.0,0.3932897
0.0,0.37978208
0.3130434782608695,0.38204917
0.2647058823529402,0.39642423
0.2388663967611322,0.41414312
0.2024291497975703,0.44928268
0.1740890688259107,0.3738383
0.1659919028340084,0.43334368
0.1659919028340084,0.4527174
0.137651821862347,0.46498135
0.1133603238866403,0.43200076
0.1214574898785443,0.5046193
0.7315789473684191,0.4078033
0.7789473684210506,0.3753167
0.7789473684210506,0.3420807
0.7894736842105274,0.3711979
0.7684210526315809,0.34053952
0.7263157894736807,0.41098017
0.6947368421052644,0.38436884
0.6789473684210492,0.3913858
0.6842105263157876,0.46295786
0.7052631578947341,0.41174906
0.732394366197183,0.3724523
0.8169014084507045,0.4372703
0.8873239436619715,0.4042597
0.9295774647887328,0.4715668
0.9718309859154928,0.43106183
0.971830985915493,0.4284456
0.9859154929577464,0.49921623
1.0000000000000004,0.37638745
1.0,0.46446797
1.0140845070422535,0.4281961
0.0,0.41224378
0.0,0.39230677
0.0,0.41522762
0.0,0.41469702
0.0,0.41263458
0.0,0.41515458
0.0,0.43690988
0.0,0.3666469
0.0,0.39543408
0.0,0.3771307
0.2391304347826075,0.37785834
0.2100840336134446,0.39736313
0.2024291497975721,0.41318664
0.1740890688259124,0.4488789
0.1659919028340084,0.37135053
0.1659919028340084,0.43171453
0.137651821862347,0.45346484
0.1133603238866403,0.46448666
0.1214574898785425,0.43155998
0.1093117408906891,0.5058448
0.7789473684210577,0.4060719
0.7789473684210506,0.3753337
0.7894736842105274,0.3404202
0.7684210526315809,0.37032548
0.7263157894736878,0.34081423
0.6947368421052644,0.41332594
0.6789473684210492,0.38158214
0.6842105263157876,0.39134875
0.7052631578947341,0.45956662
0.6789473684210421,0.41308802
0.816901408450704,0.37507084
0.8873239436619718,0.43824312
0.929577464788732,0.40187
0.971830985915493,0.47222295
0.9718309859154928,0.43002784
0.9859154929577464,0.42563036
1.0,0.49919757
1.0000000000000004,0.3734543
1.0140845070422535,0.46300316
1.0140845070422535,0.4276994
0.0,0.40788633
0.0,0.39204997
0.0,0.4159279
0.0,0.41841814
0.0,0.41279235
0.0,0.41497922
0.0,0.4369445
0.0,0.36397126
0.0,0.39738962
0.0,0.3754683
0.1826086956521759,0.37424296
0.1722689075630246,0.3982743
0.1740890688259107,0.41306922
0.1659919028340102,0.44918063
0.1659919028340084,0.36956775
0.1376518218623506,0.42981216
0.1133603238866403,0.4560814
0.1214574898785443,0.46440643
0.1093117408906874,0.43195465
0.1376518218623506,0.50801903
0.7789473684210577,0.4048732
0.7894736842105274,0.37596157
0.7684210526315809,0.3378273
0.7263157894736878,0.36973578
0.6947368421052644,0.34197536
0.6789473684210421,0.4155002
0.6842105263157876,0.37803745
0.7052631578947341,0.392773
0.6789473684210492,0.45686522
0.6842105263157876,0.41358203
0.887323943661972,0.37678367
0.9295774647887324,0.43989083
0.971830985915493,0.39949745
0.971830985915493,0.47284728
0.9859154929577464,0.43038547
1.0,0.42397517
1.0,0.49992463
1.014084507042254,0.37234354
1.0140845070422535,0.4617871
0.9577464788732392,0.4271064
0.0,0.40410134
0.0,0.3899584
0.0,0.41671744
0.0,0.42059448
0.0,0.41282374
0.0,0.41381878
0.0,0.43664342
0.0,0.36288124
0.0,0.39934015
0.0,0.37470683
0.1434782608695659,0.3715463
0.1428571428571423,0.3989384
0.1659919028340084,0.41464093
0.1659919028340102,0.44975302
0.1376518218623488,0.36808735
0.1133603238866403,0.42792264
0.1214574898785425,0.4593252
0.1093117408906891,0.46504167
0.1376518218623488,0.4334916
0.2550607287449402,0.5100733
0.7894736842105274,0.40505627
0.7684210526315809,0.37656564
0.7263157894736878,0.33673355
0.6947368421052644,0.37047803
0.6789473684210492,0.34422728
0.6842105263157876,0.41729718
0.7052631578947341,0.37472326
0.6789473684210492,0.39525512
0.6842105263157876,0.4549716
0.6842105263157876,0.414663
0.9295774647887324,0.37786967
0.971830985915493,0.44041187
0.971830985915493,0.39823347
0.9859154929577468,0.4716341
1.0,0.43079683
1.0,0.42288378
1.014084507042253,0.5000768
1.014084507042254,0.3732496
0.9577464788732392,0.46138114
0.6056338028169015,0.42729536
0.0,0.4008523
0.0,0.38626197
0.0,0.41669065
0.0,0.4217159
0.0,0.41332784
0.0,0.41216877
0.0,0.43601435
0.0,0.3641476
0.0,0.40130556
0.0,0.37458625
0.1130434782608684,0.36917
0.1344537815126045,0.39883503
0.1659919028340084,0.41736853
0.137651821862347,0.45003754
0.1133603238866403,0.36701846
0.1214574898785443,0.42675897
0.1093117408906874,0.4620311
0.137651821862347,0.46654895
0.2550607287449384,0.4358534
0.4412955465587043,0.5110779
0.7684210526315809,0.4064355
0.7263157894736807,0.37754232
0.6947368421052644,0.33591816
0.6789473684210492,0.37170732
0.6842105263157876,0.34657696
0.7052631578947341,0.4185474
0.6789473684210492,0.3711457
0.6842105263157876,0.39792082
0.6842105263157876,0.4528078
0.6684210526315866,0.41598374
0.9718309859154928,0.37834284
0.971830985915493,0.44060478
0.9859154929577464,0.3968625
1.0000000000000004,0.46998754
1.0,0.43268275
1.0140845070422535,0.42245522
1.014084507042253,0.50073826
0.9577464788732396,0.37491238
0.6056338028169015,0.46146378
0.5070422535211265,0.4272331
0.0,0.39757863
0.0,0.38166445
0.0,0.41658065
0.0,0.42187345
0.0,0.41436854
0.0,0.40963435
0.0,0.43544614
0.0,0.36673155
0.0,0.40305206
0.0,0.3752596
0.1043478260869577,0.36712286
0.1344537815126045,0.3984117
0.137651821862347,0.42072463
0.1133603238866403,0.45066035
0.1214574898785425,0.36646032
0.1093117408906891,0.42526796
0.137651821862347,0.46525225
0.2550607287449402,0.46887085
0.4412955465587043,0.43867296
0.4898785425101213,0.5119586
0.7263157894736878,0.40920654
0.6947368421052644,0.37855768
0.6789473684210492,0.3356969
0.6842105263157876,0.37265894
0.7052631578947341,0.34905106
0.6789473684210421,0.41884428
0.6842105263157876,0.36853275
0.6842105263157876,0.39949444
0.6684210526315795,0.45164007
0.6315789473684248,0.41739947
0.9718309859154928,0.37795943
0.9859154929577464,0.44057184
1.0,0.39657354
1.0000000000000004,0.46868676
1.0140845070422535,0.4350919
1.0140845070422535,0.42291462
0.9577464788732396,0.5021804
0.6056338028169019,0.37769833
0.5070422535211265,0.4617949
0.3661971830985915,0.4272239
0.0,0.3955144
0.0,0.3779008
0.0,0.41667923
0.0,0.4207825
0.0,0.41555917
0.0,0.40808725
0.0,0.43523654
0.0,0.36912686
0.0,0.4036491
0.0,0.37634054
0.1043478260869577,0.3662881
0.1050420168067223,0.39768264
0.1133603238866403,0.42415226
0.1214574898785443,0.45088625
0.1093117408906874,0.36682048
0.1376518218623506,0.42451262
0.2550607287449384,0.46907756
0.441295546558706,0.4707331
0.4898785425101195,0.44144654
0.6072874493927127,0.5133616
0.6947368421052644,0.4117438
0.6789473684210421,0.38019562
0.6842105263157876,0.33593222
0.7052631578947341,0.37307495
0.6789473684210492,0.35187936
0.6842105263157876,0.41884896
0.6842105263157876,0.36671063
0.6684210526315795,0.40108508
0.6315789473684248,0.45146897
0.621052631578948,0.4178748
0.9859154929577464,0.377351
1.0,0.4407509
1.0,0.39720583
1.014084507042254,0.46719682
1.0140845070422535,0.43799004
0.9577464788732392,0.42353755
0.605633802816901,0.5039014
0.5070422535211274,0.38082677
0.3661971830985915,0.46282727
0.2816901408450705,0.4275871
0.0,0.3950041
0.0,0.37478027
0.0,0.41719073
0.0,0.41915926
0.0,0.4166779
0.0,0.40665084
0.0,0.43451867
0.0,0.3712421
0.0,0.4033331
0.0,0.37765422
0.0739130434782602,0.36597243
0.0798319327731089,0.39641857
0.1214574898785425,0.42665848
0.1093117408906891,0.45172372
0.1376518218623488,0.3673404
0.2550607287449402,0.42389277
0.4412955465587043,0.47241357
0.4898785425101231,0.47205296
0.6072874493927127,0.44423807
0.6599190283400826,0.514663
0.6789473684210492,0.41433004
0.6842105263157876,0.3818474
0.7052631578947341,0.3368355
0.6789473684210492,0.37270823
0.6842105263157876,0.35397333
0.6842105263157876,0.41848174
0.6684210526315795,0.36589855
0.6315789473684177,0.40251613
0.621052631578948,0.4521533
0.6105263157894711,0.41842967
1.0,0.37659392
1.0,0.44166082
1.014084507042253,0.39943272
1.014084507042254,0.46642137
0.9577464788732392,0.44080698
0.6056338028169015,0.42459437
0.5070422535211265,0.5050791
0.3661971830985924,0.38339987
0.2816901408450709,0.4646091
0.225352112676056,0.42869717
0.0,0.39600733
0.0,0.37232587
0.0,0.41884497
0.0,0.41706008
0.0,0.41845655
0.0,0.4064027
0.0,0.4329797
0.0,0.37304723
0.0,0.40334183
0.0,0.378838
0.0478260869565225,0.36799502
0.0882352941176467,0.39495927
0.1093117408906874,0.42871886
0.137651821862347,0.45203105
0.2550607287449384,0.36784473
0.4412955465587043,0.42472464
0.4898785425101231,0.47411525
0.6072874493927145,0.47340307
0.6599190283400809,0.4454108
0.7206477732793521,0.5151443
0.6842105263157876,0.417362
0.7052631578947341,0.38331378
0.6789473684210492,0.3372769
0.6842105263157876,0.37243846
0.6842105263157876,0.35539162
0.6684210526315866,0.4177989
0.6315789473684177,0.36600477
0.6210526315789551,0.40333563
0.6105263157894782,0.45341185
0.5736842105263165,0.4194528
1.0,0.37574613
1.0140845070422535,0.44236103
1.014084507042253,0.40177894
0.9577464788732396,0.4660266
0.6056338028169015,0.44314522
0.5070422535211265,0.42574936
0.366197183098591,0.50576305
0.2816901408450709,0.38463378
0.2253521126760564,0.466625
0.1830985915492955,0.42946196
0.0,0.39741662
0.0,0.37049735
0.0,0.420806
0.0,0.4151494
0.0,0.42012623
0.0,0.40761387
0.0,0.4321206
0.0,0.37497827
0.0,0.40329257
0.0,0.38005853
0.0565217391304351,0.37169668
0.07563025210084,0.3931266
0.137651821862347,0.43031847
0.2550607287449402,0.45197693
0.4412955465587043,0.3680695
0.4898785425101213,0.4264849
0.6072874493927127,0.47434953
0.6599190283400826,0.47462732
0.720647773279353,0.4459415
0.7975708502024297,0.5147174
0.7052631578947341,0.42169392
0.6789473684210421,0.38484713
0.6842105263157876,0.33731958
0.6842105263157876,0.37315583
0.6684210526315795,0.35630143
0.6315789473684248,0.41633153
0.621052631578948,0.3669624
0.6105263157894782,0.40343863
0.5736842105263094,0.45625007
0.5736842105263165,0.41985738
1.0140845070422535,0.3745143
1.0140845070422535,0.44284898
0.9577464788732396,0.4045173
0.6056338028169019,0.4657653
0.5070422535211265,0.4462677
0.3661971830985915,0.4265842
0.2816901408450705,0.50503016
0.2253521126760564,0.38447812
0.1830985915492959,0.46902648
0.2816901408450705,0.43021885
0.0,0.39995658
0.0,0.3696739
0.0,0.42350107
0.0,0.41234863
0.0,0.42205852
0.0,0.41021907
0.0,0.43205357
0.0,0.3778605
0.0,0.40374014
0.0,0.3824715
0.0434782608695645,0.37812248
0.1050420168067223,0.39064124
0.2550607287449384,0.43079618
0.441295546558706,0.45106164
0.4898785425101195,0.3689071
0.6072874493927127,0.43088627
0.6599190283400809,0.47254592
0.7206477732793548,0.47505206
0.7975708502024297,0.4449443
0.7327935222672055,0.5128813
0.6789473684210492,0.42469925
0.6842105263157876,0.38690025
0.6842105263157876,0.33758622
0.6684210526315795,0.37281653
0.6315789473684248,0.3576008
0.621052631578948,0.4155664
0.6105263157894782,0.3674246
0.5736842105263165,0.4030775
0.5736842105263094,0.4586962
0.5631578947368467,0.41726407
1.0140845070422535,0.37243956
0.9577464788732392,0.44602337
0.605633802816901,0.40751758
0.5070422535211274,0.46558258
0.3661971830985915,0.45087788
0.2816901408450705,0.43124914
0.225352112676056,0.5060869
0.1830985915492964,0.3842719
0.2816901408450709,0.47195852
0.309859154929577,0.43286714
0.0,0.40013495
0.0,0.368118
0.0,0.42771003
0.0,0.40948376
0.0,0.4221124
0.0,0.41262662
0.0,0.4328306
0.0,0.37900338
0.0,0.40129653
0.0,0.38723016
0.0739130434782602,0.38575578
0.2268907563025202,0.39093953
0.4412955465587043,0.43240628
0.4898785425101231,0.4521078
0.6072874493927127,0.3718753
0.6599190283400826,0.43565878
0.720647773279353,0.47097313
0.7975708502024297,0.47617984
0.7327935222672055,0.4426641
0.7004048582995948,0.51111054
0.6842105263157876,0.4276045
0.6842105263157876,0.38938344
0.6684210526315795,0.33519256
0.6315789473684177,0.37304828
0.621052631578948,0.35883942
0.6105263157894711,0.41635263
0.5736842105263165,0.36637104
0.5736842105263165,0.4017192
0.5631578947368396,0.4615352
0.5736842105263165,0.41523248
0.9577464788732392,0.36966872
0.6056338028169015,0.44799528
0.5070422535211265,0.40898037
0.3661971830985924,0.46785727
0.2816901408450709,0.45504993
0.225352112676056,0.4362522
0.1830985915492955,0.5060315
0.2816901408450709,0.38374788
0.3098591549295775,0.47536194
0.309859154929577,0.43372366
0.0,0.40031767
0.0,0.36795363
0.0,0.43137744
0.0,0.40657747
0.0,0.4229854
0.0,0.4162569
0.0,0.4344965
0.0,0.38190007
0.0,0.39843392
0.0,0.3917416
0.1999999999999993,0.39370495
0.4201680672268892,0.391508
0.4898785425101231,0.43452916
0.6072874493927145,0.45249435
0.6599190283400809,0.37275282
0.7206477732793521,0.43934152
0.7975708502024279,0.46996284
0.7327935222672082,0.47754404
0.7004048582995948,0.43940178
0.6801619433198391,0.509071
0.6842105263157876,0.43150657
0.6684210526315866,0.39169452
0.6315789473684177,0.33488935
0.6210526315789551,0.37333873
0.6105263157894782,0.35991234
0.5736842105263165,0.41691378
0.5736842105263165,0.3672352
0.5631578947368396,0.39787084
0.5736842105263094,0.46483096
0.568421052631578,0.4138603
0.6056338028169015,0.3656925
0.5070422535211265,0.44905114
0.366197183098591,0.40848213
0.2816901408450709,0.47114307
0.2253521126760564,0.45889145
0.1830985915492955,0.44307083
0.2816901408450705,0.5067454
0.3098591549295775,0.38414755
0.3098591549295775,0.47705838
0.436619718309859,0.432876
0.0,0.40083313
0.0,0.36885104
0.0,0.43319994
0.0,0.40221637
0.0,0.42357844
0.0,0.41957313
0.0,0.4382476
0.0,0.3844342
0.0,0.39209464
0.0,0.39674592
0.4000000000000003,0.3994734
0.4705882352941177,0.39255095
0.6072874493927127,0.4363602
0.6599190283400826,0.45266926
0.720647773279353,0.37454638
0.7975708502024297,0.44177464
0.7327935222672064,0.47092503
0.7004048582995956,0.47758853
0.6801619433198391,0.43709844
0.5506072874493935,0.506904
0.6684210526315795,0.43343395
0.6315789473684248,0.39368623
0.621052631578948,0.3356765
0.6105263157894782,0.37392712
0.5736842105263094,0.3591638
0.5736842105263165,0.41694942
0.5631578947368467,0.3699585
0.5736842105263165,0.3944131
0.5684210526315852,0.46923712
0.6263157894736793,0.41144654
0.5070422535211265,0.36164713
0.3661971830985915,0.45267403
0.2816901408450705,0.40730363
0.2253521126760564,0.47590998
0.1830985915492959,0.46148083
0.2816901408450705,0.44859067
0.3098591549295775,0.50563467
0.3098591549295775,0.3852984
0.4366197183098594,0.47880092
0.563380281690141,0.4310762
0.0,0.40532088
0.0,0.3723755
0.0,0.43353367
0.0,0.398373
0.0,0.42399335
0.0,0.4208536
0.0,0.44098002
0.0,0.38592505
0.0,0.38681605
0.0,0.40042302
0.4521739130434774,0.40361744
0.5924369747899139,0.391503
0.6599190283400809,0.43469563
0.7206477732793548,0.45172185
0.7975708502024297,0.37687996
0.7327935222672055,0.44316292
0.7004048582995939,0.47052723
0.68016194331984,0.4756741
0.5506072874493917,0.43389785
0.4372469635627531,0.50524604
0.6315789473684248,0.43776545
0.621052631578948,0.3934356
0.6105263157894782,0.33713275
0.5736842105263165,0.37685633
0.5736842105263094,0.35787654
0.5631578947368467,0.41623285
0.5736842105263165,0.37479594
0.5684210526315852,0.39192262
0.6263157894736793,0.4730256
0.7000000000000028,0.40992785
0.3661971830985915,0.35818234
0.2816901408450705,0.45426133
0.225352112676056,0.40842563
0.1830985915492964,0.476976
0.2816901408450709,0.4623176
0.309859154929577,0.4520881
0.3098591549295775,0.50332654
0.4366197183098599,0.38556832
0.563380281690141,0.47853768
0.6197183098591545,0.4287999
0.0,0.4113938
0.0,0.37608492
0.0,0.43378246
0.0,0.39685583
0.0,0.42625695
0.0,0.4237895
0.0,0.4414039
0.0,0.386815
0.0,0.382853
0.0,0.4013458
0.5782608695652183,0.40962997
0.6470588235294112,0.38942418
0.720647773279353,0.4319523
0.7975708502024297,0.44774526
0.7327935222672055,0.3779434
0.7004048582995948,0.44710535
0.6801619433198383,0.4655614
0.5506072874493935,0.47624552
0.4372469635627531,0.42977715
0.3967611336032401,0.5025025
0.621052631578948,0.43801078
0.6105263157894711,0.39196226
0.5736842105263165,0.3390639
0.5736842105263165,0.38096952
0.5631578947368396,0.35525998
0.5736842105263165,0.41474774
0.5684210526315852,0.38167742
0.6263157894736864,0.39013106
0.7000000000000028,0.4749947
0.6947368421052644,0.40951657
0.2816901408450709,0.3565788
0.225352112676056,0.45457926
0.1830985915492955,0.40674394
0.2816901408450709,0.47344637
0.3098591549295775,0.46148673
0.309859154929577,0.45299324
0.436619718309859,0.502269
0.563380281690141,0.38782176
0.619718309859155,0.47875953
0.6619718309859155,0.4246802
0.0,0.4171272
0.0,0.37988442
0.0,0.43139523
0.0,0.39790156
0.0,0.42729113
0.0,0.42418355
0.0,0.43974662
0.0,0.38895622
0.0,0.38206887
0.0,0.40020245
0.6347826086956516,0.4100938
0.7100840336134446,0.38655296
0.7975708502024279,0.42864093
0.7327935222672082,0.44637346
0.7004048582995948,0.3774795
0.6801619433198391,0.4469693
0.5506072874493935,0.4601879
0.4372469635627549,0.4739136
0.3967611336032401,0.42671818
0.3643724696356294,0.5011807
0.6105263157894782,0.436277
0.5736842105263165,0.38744676
0.5736842105263165,0.33804625
0.5631578947368396,0.3823818
0.5736842105263094,0.35088912
0.568421052631578,0.41049835
0.6263157894736793,0.38963836
0.7000000000000028,0.3905014
0.6947368421052644,0.4770179
0.7315789473684191,0.4093689
0.2253521126760564,0.35737255
0.1830985915492955,0.45559686
0.2816901408450705,0.40468153
0.3098591549295775,0.47085392
0.3098591549295775,0.457276
0.436619718309859,0.45118302
0.563380281690141,0.5012902
0.6197183098591554,0.38830867
0.6619718309859155,0.47962672
0.6901408450704225,0.42015213
0.0,0.4223476
0.0,0.38468224
0.0,0.429085
0.0,0.39839208
0.0,0.42452025
0.0,0.42352661
0.0,0.43767986
0.0,0.3892647
0.0,0.3827843
0.0,0.3975971
0.7000000000000011,0.40947583
0.7899159663865536,0.3861495
0.7327935222672064,0.42447618
0.7004048582995956,0.44723174
0.6801619433198391,0.37371072
0.5506072874493935,0.44588268
0.4372469635627531,0.45482948
0.3967611336032401,0.472057
0.3643724696356276,0.4234842
0.344129554655872,0.5020453
0.5736842105263094,0.43267184
0.5736842105263165,0.38397482
0.5631578947368467,0.3401263
0.5736842105263165,0.38133055
0.5684210526315852,0.34609523
0.6263157894736793,0.40571928
0.7000000000000028,0.39663994
0.6947368421052644,0.3915243
0.7315789473684191,0.4796747
0.7105263157894797,0.40741315
0.1830985915492959,0.3606044
0.2816901408450705,0.45589328
0.3098591549295775,0.40524682
0.3098591549295775,0.46848097
0.4366197183098594,0.4516107
0.563380281690141,0.45015413
0.6197183098591545,0.5000364
0.6619718309859159,0.38801435
0.6901408450704225,0.47961217
0.7183098591549295,0.42005968
0.0,0.4261913
0.0,0.39030084
0.0,0.4280637
0.0,0.39765936
0.0,0.41993687
0.0,0.42437574
0.0,0.43605256
0.0,0.38533872
0.0,0.38340357
0.0,0.3952299
0.7826086956521738,0.40983284
0.7226890756302495,0.3862736
0.7004048582995939,0.41941908
0.68016194331984,0.44681773
0.5506072874493917,0.37124023
0.4372469635627531,0.44598764
0.3967611336032384,0.45000187
0.3643724696356294,0.4703591
0.3441295546558702,0.42197794
0.3319838056680169,0.5035929
0.5736842105263094,0.425507
0.5631578947368467,0.38143495
0.5736842105263165,0.3450329
0.5684210526315852,0.3764345
0.6263157894736793,0.3417203
0.7000000000000028,0.40442872
0.6947368421052644,0.39876917
0.7315789473684191,0.388472
0.7105263157894726,0.4790672
0.757894736842097,0.40165374
0.2816901408450709,0.36473554
0.309859154929577,0.45733336
0.3098591549295775,0.40924248
0.4366197183098599,0.4682623
0.563380281690141,0.44652084
0.6197183098591545,0.45127407
0.661971830985915,0.49893346
0.690140845070423,0.38353312
0.7183098591549295,0.47538912
0.732394366197183,0.42492718
0.0,0.4263255
0.0,0.39858195
0.0,0.42641962
0.0,0.39814043
0.0,0.4146799
0.0,0.4250872
0.0,0.4369703
0.0,0.3752971
0.0,0.38353205
0.0,0.3939549
0.7130434782608681,0.4075247
0.6890756302521002,0.3901604
0.6801619433198383,0.41258076
0.5506072874493935,0.4459628
0.4372469635627531,0.37223643
0.3967611336032401,0.4430441
0.3643724696356258,0.44658518
0.3441295546558702,0.4666335
0.3319838056680151,0.4211381
0.3036437246963572,0.5053733
0.5631578947368396,0.41805127
0.5736842105263165,0.37781134
0.5684210526315852,0.34860006
0.6263157894736864,0.3727482
0.7000000000000028,0.33875754
0.6947368421052644,0.4052731
0.7315789473684191,0.39755437
0.7105263157894726,0.38804555
0.7578947368421041,0.47678268
0.757894736842097,0.3997602
0.3098591549295775,0.36937174
0.309859154929577,0.45582408
0.436619718309859,0.41240078
0.563380281690141,0.46793178
0.619718309859155,0.44203278
0.6619718309859155,0.44993964
0.6901408450704225,0.49706134
0.7183098591549295,0.3782462
0.732394366197183,0.4732523
0.76056338028169,0.4286654
0.0,0.4253698
0.0,0.40387174
0.0,0.4245947
0.0,0.40061134
0.0,0.4126804
0.0,0.42447436
0.0,0.4370318
0.0,0.3683011
0.0,0.38443646
0.0,0.3897105
0.6782608695652179,0.4042091
0.6680672268907575,0.3935969
0.5506072874493935,0.4071155
0.4372469635627549,0.44503164
0.3967611336032401,0.37173584
0.3643724696356294,0.4390888
0.3441295546558702,0.44324073
0.3319838056680169,0.46415284
0.3036437246963572,0.41956714
0.2995951417004043,0.50437033
0.5736842105263094,0.41246775
0.568421052631578,0.37467587
0.6263157894736793,0.3507213
0.7000000000000028,0.37011614
0.6947368421052644,0.3345524
0.7315789473684191,0.40505978
0.7105263157894726,0.39641368
0.7578947368421041,0.3870739
0.7578947368421041,0.4756998
0.7736842105263193,0.39962575
0.3098591549295775,0.3714971
0.436619718309859,0.45530987
0.563380281690141,0.4150291
0.6197183098591554,0.47179684
0.6619718309859155,0.4399502
0.6901408450704225,0.44947535
0.7183098591549295,0.49583226
0.7323943661971835,0.37449527
0.76056338028169,0.47038332
0.7464788732394365,0.43182418
0.0,0.4248687
0.0,0.40682662
0.0,0.42454714
0.0,0.40200937
0.0,0.41022876
0.0,0.42573088
0.0,0.44002235
0.0,0.358912
0.0,0.38535744
0.0,0.38575473
0.6565217391304365,0.40037736
0.5336134453781511,0.39695004
0.4372469635627531,0.40198874
0.3967611336032401,0.44480088
0.3643724696356276,0.37192976
0.344129554655872,0.43706116
0.3319838056680151,0.44295442
0.3036437246963572,0.4615335
0.2995951417004043,0.41844785
0.3076923076923084,0.5048451
0.5684210526315852,0.40659618
0.6263157894736793,0.37278625
0.7000000000000028,0.3515278
0.6947368421052644,0.36777177
0.7315789473684191,0.33115247
0.7105263157894797,0.4046652
0.7578947368421041,0.39492697
0.7578947368421041,0.3870203
0.7736842105263193,0.4742883
0.757894736842097,0.39970928
0.4366197183098594,0.3725635
0.563380281690141,0.45499974
0.6197183098591545,0.41635138
0.6619718309859159,0.4753176
0.6901408450704225,0.43677178
0.7183098591549295,0.44607294
0.732394366197183,0.49503472
0.7605633802816905,0.37164095
0.7464788732394365,0.466922
0.76056338028169,0.434689
0.0,0.4247023
0.0,0.409378
0.0,0.42394266
0.0,0.40466154
0.0,0.40777564
0.0,0.42612657
0.0,0.44060227
0.0,0.351289
0.0,0.386323
0.0,0.3808512
0.5173913043478269,0.39717752
0.4159663865546221,0.3990938
0.3967611336032384,0.39979658
0.3643724696356294,0.44465223
0.3441295546558702,0.3714241
0.3319838056680169,0.4355355
0.3036437246963555,0.44329247
0.2995951417004061,0.4607419
0.3076923076923066,0.4184587
0.3076923076923084,0.5052319
0.6263157894736793,0.40288785
0.7000000000000028,0.37211207
0.6947368421052644,0.35001564
0.7315789473684191,0.36589307
0.7105263157894726,0.3316372
0.757894736842097,0.40591818
0.7578947368421041,0.3923912
0.7736842105263193,0.3870783
0.7578947368421041,0.4731338
0.7421052631578959,0.4009893
0.563380281690141,0.374542
0.6197183098591545,0.45287073
0.661971830985915,0.41745865
0.690140845070423,0.4760097
0.7183098591549295,0.4321746
0.732394366197183,0.44210026
0.76056338028169,0.49532467
0.746478873239437,0.37119007
0.76056338028169,0.46607956
0.76056338028169,0.4372508
0.0,0.4237296
0.0,0.41123715
0.0,0.42407373
0.0,0.40824977
0.0,0.40713742
0.0,0.4252368
0.0,0.43914393
0.0,0.35030404
0.0,0.3883868
0.0,0.37732154
0.3956521739130441,0.3951697
0.3739495798319332,0.39814335
0.3643724696356258,0.40067625
0.3441295546558702,0.44458404
0.3319838056680151,0.37030944
0.3036437246963572,0.4362569
0.2995951417004026,0.44438472
0.3076923076923101,0.4589805
0.3076923076923066,0.41972157
0.3036437246963572,0.50487363
0.7000000000000028,0.40060237
0.6947368421052644,0.37227482
0.7315789473684191,0.348177
0.7105263157894726,0.36452144
0.7578947368421041,0.33191893
0.757894736842097,0.4061232
0.7736842105263193,0.39050582
0.7578947368421041,0.38860276
0.7421052631578959,0.46974647
0.7421052631578959,0.40446126
0.619718309859155,0.375774
0.6619718309859155,0.45047063
0.6901408450704225,0.41460785
0.7183098591549295,0.47717482
0.732394366197183,0.43115282
0.76056338028169,0.4385078
0.7464788732394365,0.4961767
0.7605633802816905,0.36875018
0.76056338028169,0.4646087
0.76056338028169,0.43540674
0.0,0.41901934
0.0,0.40917546
0.0,0.4235493
0.0,0.40995824
0.0,0.40668637
0.0,0.42478424
0.0,0.4386478
0.0,0.3506691
0.0,0.39044732
0.0,0.3762865
0.3521739130434795,0.3929926
0.3403361344537821,0.3980529
0.3441295546558702,0.40116468
0.3319838056680169,0.44709536
0.3036437246963572,0.3692036
0.2995951417004043,0.43590716
0.3076923076923066,0.44783968
0.3076923076923101,0.45887262
0.3036437246963572,0.42213225
0.295546558704455,0.5049689
0.6947368421052644,0.4005509
0.7315789473684191,0.37331176
0.7105263157894726,0.3459603
0.7578947368421041,0.36488402
0.7578947368421041,0.33308554
0.7736842105263193,0.40773907
0.7578947368421041,0.3877449
0.7421052631578959,0.39112416
0.7421052631578959,0.46707296
0.7684210526315809,0.40718997
0.6619718309859155,0.37574288
0.6901408450704225,0.4488103
0.7183098591549295,0.41140226
0.7323943661971835,0.47652325
0.76056338028169,0.4313861
0.7464788732394365,0.43606067
0.76056338028169,0.49721867
0.7605633802816905,0.36824486
0.76056338028169,0.46513727
0.7464788732394365,0.43287593
0.0,0.41506603
0.0,0.40558338
0.0,0.4231641
0.0,0.41102308
0.0,0.40709743
0.0,0.42316478
0.0,0.4387695
0.0,0.35349852
0.0,0.39124498
0.0,0.37565917
0.3173913043478258,0.38918942
0.3193277310924376,0.3984966
0.3319838056680151,0.40334728
0.3036437246963572,0.4498484
0.2995951417004043,0.36876872
0.3076923076923084,0.43578848
0.3076923076923066,0.45151526
0.3036437246963572,0.4591298
0.2955465587044532,0.42461923
0.287449392712551,0.5060796
0.7315789473684191,0.40211913
0.7105263157894797,0.3744763
0.7578947368421041,0.34450668
0.7578947368421041,0.36630458
0.7736842105263193,0.3355573
0.757894736842097,0.40935847
0.7421052631578959,0.38498455
0.7421052631578959,0.3931684
0.7684210526315809,0.46515948
0.7736842105263193,0.40910655
0.6901408450704225,0.37548095
0.7183098591549295,0.44692788
0.732394366197183,0.40926298
0.7605633802816905,0.47564965
0.7464788732394365,0.4310031
0.76056338028169,0.43489313
0.76056338028169,0.49860063
0.7605633802816905,0.36900318
0.7464788732394365,0.46536827
0.732394366197183,0.43073174
0.0,0.41241014
0.0,0.40239024
0.0,0.42280024
0.0,0.4103331
0.0,0.40836716
0.0,0.4210731
0.0,0.43840635
0.0,0.35756782
0.0,0.39247778
0.0,0.37614992
0.2956521739130426,0.38585976
0.3067226890756291,0.39889863
0.3036437246963555,0.40657365
0.2995951417004061,0.45114934
0.3076923076923066,0.36874816
0.3076923076923084,0.43594956
0.3036437246963555,0.45491216
0.295546558704455,0.45997503
0.287449392712551,0.4277988
0.2793522267206487,0.50625694
0.7105263157894726,0.40349287
0.757894736842097,0.3759181
0.7578947368421041,0.34327754
0.7736842105263193,0.36688745
0.7578947368421041,0.33763582
0.7421052631578959,0.41006824
0.7421052631578959,0.38231054
0.7684210526315809,0.39415318
0.7736842105263193,0.46293795
0.8000000000000043,0.41034883
0.7183098591549295,0.374693
0.732394366197183,0.44483975
0.76056338028169,0.40647942
0.746478873239437,0.4748751
0.76056338028169,0.4318422
0.76056338028169,0.43371293
0.76056338028169,0.5003064
0.746478873239437,0.3699194
0.732394366197183,0.46440434
0.7183098591549295,0.42858657
0.0,0.40975845
0.0,0.398198
0.0,0.42121592
0.0,0.4101106
0.0,0.40982828
0.0,0.41948855
0.0,0.4379377
0.0,0.3606816
0.0,0.39353338
0.0,0.37760457
0.2826086956521738,0.38321373
0.2773109243697469,0.39937472
0.2995951417004026,0.4101611
0.3076923076923101,0.4517842
0.3076923076923066,0.36924967
0.3036437246963572,0.4343729
0.2955465587044532,0.45825315
0.2874493927125527,0.4622504
0.2793522267206469,0.43110445
0.2914979757085021,0.50706106
0.7578947368421041,0.40592813
0.757894736842097,0.37681645
0.7736842105263193,0.34086138
0.7578947368421041,0.36871025
0.7421052631578959,0.34052265
0.7421052631578959,0.41082114
0.7684210526315809,0.38063973
0.7736842105263193,0.3950357
0.8000000000000043,0.46176797
0.8105263157894669,0.4119978
0.732394366197183,0.37359688
0.76056338028169,0.44384944
0.7464788732394365,0.4044291
0.7605633802816905,0.47392902
0.76056338028169,0.4336128
0.76056338028169,0.43278942
0.7464788732394365,0.50092906
0.7323943661971835,0.37286994
0.7183098591549295,0.4640876
0.676056338028169,0.4272743
0.0,0.40841857
0.0,0.3932378
0.0,0.4203894
0.0,0.4106589
0.0,0.41049743
0.0,0.41761047
0.0,0.43786508
0.0,0.36375132
0.0,0.3943992
0.0,0.3786707
0.2521739130434799,0.38142726
0.273109243697478,0.39851063
0.3076923076923066,0.41455817
0.3076923076923101,0.45185968
0.3036437246963572,0.3699247
0.295546558704455,0.4339429
0.287449392712551,0.4609222
0.2793522267206469,0.46397015
0.2914979757085021,0.43340504
0.336032388663968,0.5073558
0.7578947368421041,0.4084093
0.7736842105263193,0.37770993
0.7578947368421041,0.3382213
0.7421052631578959,0.37040752
0.7421052631578959,0.34315398
0.7684210526315809,0.4116022
0.7736842105263193,0.37920427
0.8000000000000043,0.3960771
0.810526315789474,0.46105137
0.8000000000000043,0.4131248
0.76056338028169,0.3723042
0.7464788732394365,0.4431394
0.76056338028169,0.40322152
0.7605633802816905,0.47298488
0.76056338028169,0.43557608
0.7464788732394365,0.43195376
0.732394366197183,0.50150377
0.7183098591549295,0.37548706
0.676056338028169,0.46487248
0.549295774647887,0.42713636
0.0,0.40775898
0.0,0.388337
0.0,0.42027023
0.0,0.4113211
0.0,0.41175818
0.0,0.4148467
0.0,0.4372976
0.0,0.36778545
0.0,0.39530665
0.0,0.37981245
0.2478260869565218,0.38044915
0.2815126050420158,0.39704114
0.3076923076923066,0.41860166
0.3036437246963572,0.4521277
0.2955465587044532,0.37057185
0.287449392712551,0.43379557
0.2793522267206469,0.46167016
0.2914979757085021,0.46599418
0.336032388663968,0.4349615
0.4453441295546554,0.5070705
0.7736842105263193,0.41100463
0.757894736842097,0.37858218
0.7421052631578959,0.33785492
0.7421052631578959,0.3717737
0.7684210526315809,0.34512025
0.7736842105263193,0.41183576
0.8000000000000043,0.3785709
0.810526315789474,0.39666778
0.8000000000000043,0.4611816
0.757894736842097,0.4143284
0.7464788732394365,0.37114453
0.76056338028169,0.44235224
0.76056338028169,0.40310603
0.7605633802816905,0.47148237
0.7464788732394365,0.43732676
0.732394366197183,0.43253434
0.7183098591549295,0.50263774
0.6760563380281694,0.37802675
0.5492957746478875,0.46563628
0.464788732394366,0.42718396
0.0,0.40778047
0.0,0.38545895
0.0,0.42065024
0.0,0.4109979
0.0,0.4130264
0.0,0.41329822
0.0,0.43714017
0.0,0.37014624
0.0,0.39531985
0.0,0.38082466
0.2565217391304344,0.37948442
0.2815126050420158,0.39568833
0.3036437246963555,0.42107576
0.295546558704455,0.45215553
0.287449392712551,0.37115386
0.2793522267206487,0.43420357
0.2914979757085003,0.46304515
0.3360323886639698,0.46687976
0.4453441295546554,0.43630886
0.5384615384615401,0.506632
0.7578947368421041,0.41266254
0.7421052631578959,0.3792259
0.7421052631578959,0.3373493
0.7684210526315809,0.37302557
0.7736842105263193,0.34604472
0.8000000000000043,0.4123313
0.810526315789474,0.37765506
0.8000000000000043,0.39701945
0.7578947368421041,0.4610361
0.7052631578947341,0.41484347
0.76056338028169,0.37062383
0.76056338028169,0.4420126
0.76056338028169,0.40196824
0.746478873239437,0.47124562
0.732394366197183,0.43896422
0.7183098591549295,0.4325977
0.676056338028169,0.5033644
0.5492957746478875,0.37897474
0.4647887323943664,0.4664136
0.4225352112676055,0.42679402
0.0,0.40711147
0.0,0.38284796
0.0,0.42035052
0.0,0.41053164
0.0,0.4144903
0.0,0.41168672
0.0,0.43721223
0.0,0.37226346
0.0,0.39610568
0.0,0.381728
0.2565217391304344,0.3786429
0.2773109243697469,0.39520964
0.2955465587044532,0.4223269
0.2874493927125527,0.4524598
0.2793522267206469,0.37141296
0.2914979757085021,0.43354422
0.336032388663968,0.46377942
0.4453441295546554,0.4683607
0.5384615384615383,0.437079
0.5708502024291509,0.50677246
0.7421052631578959,0.4141306
0.7421052631578959,0.37973648
0.7684210526315809,0.3379784
0.7736842105263193,0.37349162
0.8000000000000043,0.34682253
0.8105263157894669,0.4121917
0.8000000000000043,0.37780124
0.7578947368421041,0.39693868
0.7052631578947341,0.46182573
0.6578947368421098,0.41493738
0.76056338028169,0.3699429
0.76056338028169,0.4418373
0.7464788732394365,0.40237877
0.7323943661971835,0.47123003
0.7183098591549295,0.44016123
0.676056338028169,0.43338013
0.5492957746478875,0.5041445
0.4647887323943664,0.38057157
0.4225352112676059,0.46678388
0.309859154929577,0.42721906
0.0,0.40756986
0.0,0.3820072
0.0,0.4203679
0.0,0.40949547
0.0,0.41539416
0.0,0.41114077
0.0,0.4372655
0.0,0.3729867
0.0,0.39634657
0.0,0.38284522
0.2521739130434799,0.37867114
0.2689075630252091,0.3950999
0.287449392712551,0.42311472
0.2793522267206469,0.4523684
0.2914979757085021,0.37196815
0.336032388663968,0.4335481
0.4453441295546554,0.46441597
0.5384615384615401,0.46902388
0.5708502024291491,0.43733144
0.6882591093117405,0.5070312
0.7421052631578959,0.41545877
0.7684210526315809,0.380398
0.7736842105263193,0.3381028
0.8000000000000043,0.3737742
0.810526315789474,0.3469256
0.8000000000000043,0.41206008
0.7578947368421041,0.37786457
0.7052631578947341,0.39679357
0.6578947368421026,0.46224058
0.6157894736842167,0.41503087
0.76056338028169,0.36955178
0.7464788732394365,0.44196373
0.732394366197183,0.40225902
0.7183098591549295,0.47155103
0.676056338028169,0.4413985
0.549295774647887,0.4342169
0.464788732394366,0.5049159
0.4225352112676059,0.38131404
0.3098591549295775,0.46736795
0.2816901408450705,0.427102
0.0,0.4077252
0.0,0.3808649
0.0,0.42047063
0.0,0.40864334
0.0,0.41613486
0.0,0.41049236
0.0,0.43737128
0.0,0.37377495
0.0,0.39640212
0.0,0.3839707
0.2434782608695656,0.37892973
0.2605042016806713,0.39505795
0.2793522267206469,0.42372513
0.2914979757085021,0.45252886
0.336032388663968,0.3726755
0.4453441295546554,0.43344057
0.5384615384615401,0.46501577
0.5708502024291526,0.4699531
0.6882591093117414,0.43740338
0.7327935222672055,0.5074161
0.7684210526315809,0.41709977
0.7736842105263193,0.3810151
0.8000000000000043,0.3386324
0.810526315789474,0.37341446
0.8000000000000043,0.34719792
0.757894736842097,0.41146255
0.7052631578947341,0.37863913
0.6578947368421026,0.3962751
0.6157894736842096,0.4635497
0.5473684210526244,0.41500074
0.7464788732394365,0.36866257
0.732394366197183,0.44238803
0.7183098591549295,0.4032773
0.6760563380281694,0.47195566
0.5492957746478875,0.4426755
0.464788732394366,0.43543267
0.4225352112676055,0.505739
0.3098591549295775,0.3823393
0.2816901408450709,0.46809056
0.2112676056338025,0.4276569
0.0,0.40902185
0.0,0.3807855
0.0,0.421123
0.0,0.4074823
0.0,0.41671395
0.0,0.41066474
0.0,0.43740267
0.0,0.37382114
0.0,0.39587224
0.0,0.38520852
0.234782608695653,0.38000914
0.2521008403361335,0.39472294
0.2914979757085003,0.4242521
0.3360323886639698,0.45245096
0.4453441295546554,0.3735559
0.5384615384615401,0.4341379
0.5708502024291509,0.46556437
0.6882591093117405,0.4701863
0.7327935222672055,0.43692052
0.8056680161943319,0.50759643
0.7736842105263193,0.4191041
0.8000000000000043,0.3820303
0.810526315789474,0.33838677
0.8000000000000043,0.3735903
0.7578947368421041,0.34720322
0.7052631578947341,0.41086805
0.6578947368421098,0.378911
0.6157894736842096,0.39613652
0.5473684210526315,0.46509907
0.4789473684210463,0.41487807
0.732394366197183,0.36797434
0.7183098591549295,0.44299135
0.676056338028169,0.40431672
0.5492957746478875,0.47283047
0.4647887323943664,0.44402742
0.4225352112676055,0.4366899
0.3098591549295775,0.5058862
0.2816901408450709,0.38236612
0.2112676056338029,0.46957082
0.140845070422535,0.4277688
0.0,0.4101683
0.0,0.3805734
0.0,0.42233968
0.0,0.40599602
0.0,0.41755697
0.0,0.4110463
0.0,0.43750072
0.0,0.37489456
0.0,0.39529836
0.0,0.38653758
0.2260869565217387,0.38274488
0.2647058823529402,0.39367247
0.336032388663968,0.42445785
0.4453441295546554,0.45218316
0.5384615384615383,0.37438628
0.5708502024291509,0.43588012
0.6882591093117405,0.4655214
0.7327935222672082,0.47037417
0.8056680161943319,0.43614435
0.8704453441295552,0.50695086
