Actual,Predicted
0.1684210526315794,0.35717517
0.2578947368420969,0.3898216
0.3526315789473671,0.37862775
0.3736842105263136,0.40008372
0.4157894736842067,0.36014143
0.4736842105263221,0.37952098
0.4842105263157918,0.41713297
0.4947368421052616,0.40525618
0.5052631578947384,0.438053
0.5,0.36338156
0.619718309859155,0.4327893
0.6901408450704225,0.41215652
0.9436619718309855,0.4159018
0.9577464788732396,0.37839764
0.9718309859154928,0.4292068
0.9859154929577464,0.43639308
0.9859154929577464,0.46947753
0.9859154929577468,0.46365368
0.9718309859154928,0.4116852
0.9859154929577464,0.4373616
0.0,0.3705756
0.0,0.4256166
1.0454545454545396,0.3663404
0.2272727272727266,0.37966964
0.0909090909090792,0.39014927
0.0,0.41274527
0.0,0.4241076
0.0909090909090934,0.3910436
0.3636363636363597,0.39638498
0.2272727272727337,0.4218037
0.4347826086956523,0.43251142
0.4243697478991581,0.42985114
0.3562753036437236,0.48347962
0.3441295546558702,0.40193233
0.336032388663968,0.35972083
0.344129554655872,0.4397962
0.3400809716599173,0.3645271
0.3198380566801617,0.40829
0.3117408906882595,0.45475227
0.2995951417004043,0.4464662
0.257894736842104,0.35581285
0.3526315789473671,0.39147636
0.3736842105263136,0.378456
0.4157894736842067,0.40216622
0.473684210526315,0.3570283
0.4842105263157918,0.38282293
0.4947368421052616,0.41689584
0.5052631578947384,0.4086544
0.5,0.44189078
0.5052631578947384,0.3653764
0.6901408450704225,0.43162623
0.943661971830986,0.41035518
0.9577464788732396,0.41455233
0.971830985915493,0.37890095
0.9859154929577464,0.4325379
0.9859154929577464,0.4376994
0.9859154929577464,0.47088912
0.971830985915493,0.46296445
0.9859154929577464,0.41139957
0.9859154929577464,0.44250375
0.0,0.36681455
1.045454545454561,0.42497078
0.2272727272727266,0.3670618
0.0909090909090934,0.3799039
0.0,0.3909966
0.0,0.41061598
0.0909090909090934,0.42149544
0.3636363636363597,0.3937912
0.2272727272727195,0.3938109
0.3636363636363739,0.4202601
0.4043478260869566,0.43429974
0.3319327731092425,0.43153492
0.3441295546558702,0.4851758
0.3360323886639698,0.40245104
0.3441295546558702,0.3571839
0.3400809716599191,0.43768707
0.3198380566801617,0.3616401
0.3117408906882595,0.40581915
0.2995951417004043,0.45582804
0.2834008097165998,0.44849658
0.3526315789473671,0.35574174
0.3736842105263136,0.39409563
0.4157894736842067,0.37902498
0.473684210526315,0.40487584
0.4842105263157918,0.35440207
0.4947368421052616,0.38541365
0.5052631578947384,0.4157999
0.5,0.41068646
0.5052631578947384,0.44566357
0.5157894736842081,0.36804208
0.9436619718309858,0.4315902
0.9577464788732392,0.4100211
0.971830985915493,0.41391292
0.9859154929577468,0.37860548
0.9859154929577464,0.43407267
0.9859154929577464,0.43918025
0.971830985915493,0.47027272
0.9859154929577468,0.46097386
0.9859154929577464,0.4103236
0.9859154929577464,0.44612065
1.0454545454545467,0.36331934
0.2272727272727337,0.42453122
0.0909090909090934,0.36739087
0.0,0.38043296
0.0,0.39178076
0.0909090909090934,0.40858057
0.3636363636363597,0.41909704
0.2272727272727266,0.39534214
0.3636363636363597,0.39262944
0.1818181818181869,0.41961423
0.3086956521739132,0.43751833
0.3193277310924376,0.4318774
0.336032388663968,0.48734468
0.3441295546558702,0.40478775
0.3400809716599191,0.35394898
0.3198380566801617,0.43667176
0.3117408906882577,0.35813692
0.2995951417004061,0.4034326
0.2834008097165998,0.4563703
0.2712550607287447,0.45018914
0.3736842105263136,0.3554299
0.4157894736842067,0.39797392
0.473684210526315,0.3796943
0.4842105263157918,0.40704837
0.4947368421052616,0.35228273
0.5052631578947384,0.38836876
0.5,0.41295674
0.5052631578947384,0.41275442
0.5157894736842081,0.4501021
0.5368421052631618,0.3714783
0.9577464788732392,0.43072072
0.971830985915493,0.4120151
0.9859154929577464,0.414615
0.9859154929577468,0.3778463
0.9859154929577464,0.4355783
0.971830985915493,0.43939716
0.9859154929577464,0.47008765
0.9859154929577468,0.45844674
0.9859154929577464,0.40936592
0.9859154929577464,0.44978344
0.2272727272727195,0.36134663
0.0909090909090934,0.42378515
0.0,0.36759257
0.0,0.38147956
0.0909090909090792,0.39158863
0.3636363636363739,0.40615198
0.2272727272727266,0.4147947
0.3636363636363597,0.39740732
0.1818181818181869,0.3907704
0.0454545454545467,0.41958535
0.2956521739130426,0.43992212
0.310924369747898,0.43415666
0.3441295546558702,0.48970675
0.3400809716599173,0.40642768
0.3198380566801617,0.35103533
0.3117408906882595,0.43470144
0.2995951417004026,0.35498625
0.2834008097165998,0.4002047
0.2712550607287447,0.45626354
0.2469635627530362,0.45143417
0.4157894736842067,0.35539332
0.4736842105263221,0.4012581
0.4842105263157918,0.37998858
0.4947368421052616,0.40824178
0.5052631578947384,0.3499215
0.5,0.39232132
0.5052631578947384,0.41003206
0.5157894736842152,0.41431934
0.5368421052631547,0.45349824
0.5578947368421012,0.37377125
0.9718309859154928,0.42964837
0.9859154929577464,0.41391015
0.9859154929577464,0.4157919
0.9859154929577468,0.37807456
0.9718309859154928,0.4366292
0.9859154929577464,0.43999577
0.9859154929577464,0.4698862
0.9859154929577468,0.4563234
0.9859154929577464,0.40880314
0.9859154929577464,0.45237336
0.0909090909090792,0.3606652
0.0,0.42279112
0.0,0.36761814
0.0909090909090934,0.38240147
0.3636363636363597,0.39168105
0.2272727272727337,0.40435934
0.3636363636363597,0.4091652
0.1818181818181798,0.3996038
0.0454545454545325,0.38969627
0.0,0.42042062
0.2869565217391301,0.44176924
0.3193277310924376,0.43605098
0.3400809716599173,0.49251422
0.3198380566801617,0.40661025
0.3117408906882595,0.34909558
0.2995951417004043,0.43343025
0.2834008097165981,0.35256472
0.2712550607287465,0.39809942
0.2469635627530362,0.45579883
0.2510121457489873,0.4518095
0.473684210526315,0.355697
0.4842105263157918,0.40424016
0.4947368421052616,0.38059288
0.5052631578947384,0.4097242
0.5,0.34852532
0.5052631578947384,0.3947042
0.5157894736842152,0.40829337
0.5368421052631547,0.41440192
0.5578947368421012,0.45595247
0.6157894736842167,0.37786978
0.9859154929577464,0.42890358
0.9859154929577464,0.41501266
0.9859154929577464,0.41786614
0.971830985915493,0.37782618
0.9859154929577464,0.43607932
0.9859154929577464,0.44018966
0.9859154929577464,0.4685945
0.9859154929577468,0.45298648
0.9859154929577464,0.40750918
0.9577464788732392,0.45442826
0.0,0.35883734
0.0,0.42350665
0.0909090909090934,0.36825246
0.3636363636363597,0.38192812
0.2272727272727195,0.39214227
0.3636363636363739,0.4018554
0.1818181818181869,0.4047186
0.0454545454545467,0.40002036
0.0,0.389105
0.0454545454545467,0.42174092
0.2956521739130426,0.44402194
0.3151260504201669,0.43652406
0.3198380566801617,0.49442586
0.3117408906882595,0.40802622
0.2995951417004043,0.34695572
0.2834008097165998,0.43281335
0.2712550607287447,0.3495416
0.246963562753038,0.39600754
0.2510121457489873,0.45413136
0.2550607287449402,0.4506319
0.4842105263157918,0.3573903
0.4947368421052616,0.40781182
0.5052631578947384,0.38216949
0.5,0.41181126
0.5052631578947384,0.34800553
0.5157894736842081,0.39557147
0.5368421052631618,0.40703645
0.5578947368421083,0.4152437
0.6157894736842096,0.45682305
0.6368421052631561,0.38248673
0.9859154929577464,0.42786646
0.9859154929577464,0.415214
0.971830985915493,0.4188744
0.9859154929577468,0.37699565
0.9859154929577464,0.43395886
0.9859154929577464,0.44038567
0.9859154929577464,0.4671707
0.9859154929577468,0.4485349
0.9577464788732392,0.40600866
0.8732394366197183,0.45577058
0.0,0.35745922
0.0909090909090934,0.4243157
0.3636363636363597,0.3695752
0.2272727272727266,0.38281342
0.3636363636363597,0.3921034
0.1818181818181869,0.39882895
0.0454545454545396,0.40392128
0.0,0.39961675
0.0454545454545325,0.3888036
0.0,0.42258295
0.2913043478260881,0.44592005
0.2941176470588225,0.4358518
0.3117408906882577,0.49431282
0.2995951417004061,0.41032344
0.2834008097165998,0.34400967
0.2712550607287447,0.43252695
0.2469635627530362,0.34801057
0.2510121457489873,0.3944852
0.2550607287449384,0.45118615
0.287449392712551,0.44887224
0.4947368421052616,0.35811698
0.5052631578947384,0.40985474
0.5,0.383744
0.5052631578947384,0.41270047
0.5157894736842081,0.3480252
0.5368421052631618,0.39813277
0.5578947368421012,0.40684262
0.6157894736842096,0.41589868
0.6368421052631561,0.4558026
0.6684210526315866,0.38502935
0.9859154929577464,0.42745665
0.971830985915493,0.41552392
0.9859154929577464,0.4197174
0.9859154929577468,0.37628007
0.9859154929577464,0.4322154
0.9859154929577464,0.44134036
0.9859154929577464,0.46624193
0.9577464788732396,0.4456183
0.8732394366197185,0.40628508
0.8591549295774645,0.4569032
0.0909090909090792,0.35692057
0.3636363636363739,0.4251948
0.2272727272727266,0.37036037
0.3636363636363597,0.38364318
0.1818181818181869,0.3920439
0.0454545454545467,0.3973982
0.0,0.4024066
0.0454545454545467,0.39895767
0.0,0.38923055
0.0,0.4231828
0.2695652173913032,0.4472213
0.2857142857142847,0.43434379
0.2995951417004026,0.49499056
0.2834008097165998,0.4112171
0.2712550607287447,0.34173906
0.2469635627530362,0.4316163
0.2510121457489855,0.34767598
0.2550607287449402,0.3935284
0.287449392712551,0.4482735
0.2793522267206487,0.44663417
0.5052631578947384,0.35998678
0.5,0.4121601
0.5052631578947384,0.38589764
0.5157894736842152,0.41261536
0.5368421052631547,0.34820023
0.5578947368421012,0.3995693
0.6157894736842096,0.4081908
0.6368421052631561,0.41470674
0.6684210526315795,0.45293924
0.7000000000000028,0.38822424
0.9718309859154928,0.42729622
0.9859154929577464,0.41600677
0.9859154929577464,0.4210351
0.9859154929577468,0.37689456
0.9859154929577464,0.43055987
0.9859154929577464,0.44136775
0.9577464788732396,0.46380872
0.8732394366197185,0.44181028
0.859154929577465,0.40695927
0.788732394366197,0.45824718
0.3636363636363597,0.35723677
0.2272727272727337,0.42702752
0.3636363636363597,0.36976305
0.1818181818181798,0.3826468
0.0454545454545325,0.39168167
0.0,0.39699355
0.0454545454545396,0.40062118
0.0,0.39718354
0.0,0.38971907
0.0,0.42485768
0.2608695652173907,0.44751784
0.273109243697478,0.4314679
0.2834008097165981,0.49616727
0.2712550607287465,0.41251048
0.2469635627530362,0.34039825
0.2510121457489873,0.4305688
0.2550607287449384,0.34641922
0.2874493927125527,0.39260158
0.2793522267206469,0.44553325
0.2914979757085021,0.44479364
0.5,0.3618051
0.5052631578947384,0.4140209
0.5157894736842152,0.38849628
0.5368421052631547,0.41178542
0.5578947368421012,0.34992912
0.6157894736842167,0.39960307
0.6368421052631632,0.41099605
0.6684210526315795,0.4119013
0.7000000000000028,0.4484493
0.7000000000000028,0.39262328
0.9859154929577464,0.42676356
0.9859154929577464,0.41699508
0.9859154929577464,0.42236024
0.9859154929577468,0.3769404
0.9859154929577464,0.42782435
0.9577464788732392,0.44079238
0.873239436619718,0.461158
0.8591549295774654,0.4371662
0.788732394366197,0.4082197
0.7183098591549295,0.45946193
0.2272727272727195,0.35820282
0.3636363636363739,0.42894596
0.1818181818181869,0.36984405
0.0454545454545467,0.3805393
0.0,0.392305
0.0454545454545467,0.39640617
0.0,0.40091005
0.0,0.39380944
0.0,0.3901277
0.0,0.42580637
0.2478260869565218,0.4469364
0.2563025210084024,0.42793086
0.2712550607287447,0.49595493
0.246963562753038,0.41344717
0.2510121457489873,0.34043428
0.2550607287449402,0.42945096
0.287449392712551,0.34511507
0.2793522267206469,0.39213318
0.2914979757085021,0.44164485
0.3198380566801617,0.44240487
0.5052631578947384,0.36300227
0.5157894736842081,0.4145008
0.5368421052631618,0.39031184
0.5578947368421083,0.40962645
0.6157894736842096,0.35201833
0.6368421052631561,0.40111524
0.6684210526315795,0.41458416
0.7000000000000028,0.40749863
0.7000000000000028,0.4435616
0.7052631578947341,0.39471403
0.9859154929577464,0.42560986
0.9859154929577464,0.41972345
0.9859154929577464,0.4235583
0.9859154929577468,0.37753034
0.9577464788732392,0.4238246
0.8732394366197183,0.44010764
0.8591549295774645,0.45767462
0.7887323943661979,0.43324012
0.7183098591549295,0.41040814
0.6056338028169015,0.45929542
0.3636363636363597,0.36068285
0.1818181818181869,0.43143126
0.0454545454545396,0.369395
0.0,0.37832612
0.0454545454545325,0.39334023
0.0,0.39688993
0.0,0.40191635
0.0,0.39014146
0.0,0.39170682
0.0,0.42666107
0.230434782608695,0.4456622
0.2436974789915957,0.4245625
0.2469635627530362,0.4949998
0.2510121457489873,0.41252157
0.2550607287449384,0.34215865
0.287449392712551,0.42713976
0.2793522267206469,0.3466425
0.2914979757085021,0.3928569
0.3198380566801617,0.4365065
0.3927125506072872,0.43899333
0.5157894736842081,0.3633009
0.5368421052631618,0.41477686
0.5578947368421012,0.39261696
0.6157894736842096,0.40635973
0.6368421052631561,0.35492405
0.6684210526315866,0.401898
0.7000000000000028,0.41763967
0.7000000000000028,0.40366346
0.7052631578947341,0.43920025
0.6842105263157876,0.39335036
0.9859154929577464,0.42492408
0.9859154929577464,0.422232
0.9859154929577464,0.42309228
0.9577464788732396,0.37835905
0.8732394366197185,0.41935667
0.8591549295774645,0.43828422
0.7887323943661975,0.4532086
0.7183098591549295,0.4299975
0.6056338028169015,0.4098522
0.5070422535211265,0.45708045
0.1818181818181869,0.3640929
0.0454545454545467,0.4326626
0.0,0.3684455
0.0454545454545467,0.37535244
0.0,0.39560965
0.0,0.39832035
0.0,0.40370715
0.0,0.3867073
0.0,0.39269692
0.0,0.42802685
0.2173913043478261,0.44314903
0.2184873949579824,0.4215346
0.2510121457489855,0.4938262
0.2550607287449402,0.41064346
0.287449392712551,0.34566927
0.2793522267206487,0.4250913
0.2914979757085003,0.3502515
0.3198380566801617,0.39733988
0.3927125506072872,0.43243554
0.4615384615384617,0.43766442
0.5368421052631547,0.36237776
0.5578947368421012,0.41598988
0.6157894736842096,0.39457956
0.6368421052631561,0.4050298
0.6684210526315795,0.35832673
0.7000000000000028,0.40045235
0.7000000000000028,0.4221518
0.7052631578947341,0.39713806
0.6842105263157876,0.43562555
0.6736842105263179,0.39043564
0.9859154929577464,0.42599872
0.9859154929577464,0.42329773
0.9577464788732396,0.4234438
0.8732394366197185,0.37923342
0.859154929577465,0.41491792
0.788732394366197,0.43627793
0.7183098591549295,0.45000544
0.6056338028169019,0.42676303
0.5070422535211265,0.4093218
0.5352112676056335,0.45288804
0.0454545454545325,0.36612165
0.0,0.43473223
0.0454545454545396,0.3699995
0.0,0.3694871
0.0,0.4005561
0.0,0.39797607
0.0,0.40775508
0.0,0.38265112
0.0,0.39203417
0.0,0.4285015
0.1913043478260867,0.44139522
0.2226890756302495,0.41695282
0.2550607287449384,0.4934171
0.2874493927125527,0.41026956
0.2793522267206469,0.3513605
0.2914979757085021,0.42673048
0.3198380566801617,0.3546579
0.3927125506072872,0.40448168
0.4615384615384617,0.43029365
0.4453441295546554,0.43625674
0.5578947368421012,0.36273286
0.6157894736842167,0.41543388
0.6368421052631632,0.3931105
0.6684210526315795,0.4010933
0.7000000000000028,0.36054468
0.7000000000000028,0.3984452
0.7052631578947341,0.42506868
0.6842105263157876,0.3873049
0.6736842105263179,0.4333047
0.6421052631579016,0.38509694
0.9859154929577464,0.42599216
0.9577464788732392,0.42179415
0.873239436619718,0.426104
0.8591549295774654,0.37971967
0.788732394366197,0.41123867
0.7183098591549295,0.43464297
0.605633802816901,0.44722545
0.5070422535211274,0.42423594
0.535211267605634,0.41272447
0.436619718309859,0.44590482
0.0,0.36910823
0.0454545454545467,0.4374638
0.0,0.37273574
0.0,0.36699396
0.0,0.40535793
0.0,0.4005269
0.0,0.41148585
0.0,0.38002506
0.0,0.39353222
0.0,0.42717442
0.195652173913043,0.43895927
0.2268907563025202,0.41165596
0.287449392712551,0.49033678
0.2793522267206469,0.40699816
0.2914979757085021,0.3606017
0.3198380566801617,0.42912516
0.3927125506072872,0.36312997
0.4615384615384617,0.4110072
0.4453441295546554,0.43308225
0.5020242914979764,0.43417
0.6157894736842096,0.3658041
0.6368421052631561,0.41166052
0.6684210526315795,0.38748524
0.7000000000000028,0.39460903
0.7000000000000028,0.36577332
0.7052631578947341,0.39583352
0.6842105263157876,0.42340532
0.6736842105263179,0.3797459
0.6421052631578945,0.43626073
0.6421052631579016,0.38033816
0.9577464788732392,0.42537254
0.8732394366197183,0.42319003
0.8591549295774645,0.42838758
0.7887323943661979,0.38045678
0.7183098591549295,0.4097965
0.6056338028169015,0.43331534
0.5070422535211265,0.44259736
0.5352112676056344,0.4284817
0.4366197183098594,0.4162755
0.436619718309859,0.44133323
0.0454545454545325,0.37219748
0.0,0.43591234
0.0,0.3679943
0.0,0.36951774
0.0,0.4019742
0.0,0.40804607
0.0,0.41391927
0.0,0.37633976
0.0,0.39609212
0.0,0.4312776
0.1999999999999993,0.43273923
0.2605042016806713,0.40656564
0.2793522267206469,0.4936856
0.2914979757085021,0.4015451
0.3198380566801617,0.3671489
0.3927125506072872,0.43280104
0.4615384615384599,0.37068674
0.4453441295546554,0.41354874
0.5020242914979764,0.44203997
0.5182186234817827,0.43605062
0.6368421052631561,0.36592463
0.6684210526315866,0.40531936
0.7000000000000028,0.38123882
0.7000000000000028,0.3880274
0.7052631578947341,0.37172872
0.6842105263157876,0.39109465
0.6736842105263179,0.42176604
0.6421052631578945,0.37275344
0.6421052631578945,0.43827206
0.6631578947368411,0.3834631
0.8732394366197185,0.4245609
0.8591549295774645,0.42459145
0.7887323943661975,0.4277995
0.7183098591549295,0.38226742
0.6056338028169015,0.40532988
0.5070422535211265,0.4286504
0.535211267605634,0.44028836
0.4366197183098599,0.43318102
0.4366197183098594,0.41767257
0.436619718309859,0.4391545
0.0,0.37573022
0.0,0.43339765
0.0,0.36898214
0.0,0.36910105
0.0,0.40191713
0.0,0.410903
0.0,0.4195184
0.0,0.3700802
0.0,0.40326554
0.0,0.43239573
0.234782608695653,0.42684385
0.2521008403361335,0.40712187
0.2914979757085003,0.4920283
0.3198380566801617,0.39423925
0.3927125506072872,0.3719045
0.4615384615384617,0.43753013
0.4453441295546554,0.37068605
0.5020242914979764,0.4152952
0.5182186234817827,0.44860312
0.4696356275303657,0.4409692
0.6684210526315795,0.3643269
0.7000000000000028,0.40094736
0.7000000000000028,0.3762658
0.7052631578947341,0.38388282
0.6842105263157876,0.37465146
0.6736842105263179,0.38759446
0.6421052631578945,0.41635224
0.6421052631578945,0.37179816
0.6631578947368411,0.4362818
0.689473684210526,0.38076785
0.859154929577465,0.42347005
0.788732394366197,0.42030436
0.7183098591549295,0.42458284
0.6056338028169019,0.38355523
0.5070422535211265,0.4040333
0.5352112676056335,0.42703322
0.436619718309859,0.44148022
0.4366197183098599,0.4384347
0.4366197183098594,0.4184724
0.5070422535211265,0.4363904
0.0,0.37579945
0.0,0.42978868
0.0,0.37279606
0.0,0.37493056
0.0,0.40496477
0.0,0.41200545
0.0,0.42831978
0.0,0.36916456
0.0,0.40703517
0.0,0.4274411
0.2260869565217387,0.42109817
0.2647058823529402,0.41072077
0.3198380566801617,0.4859379
0.3927125506072872,0.38427144
0.4615384615384617,0.3771537
0.4453441295546554,0.44006947
0.5020242914979747,0.37917626
0.5182186234817827,0.41948587
0.4696356275303639,0.45045674
0.4210526315789469,0.4452552
0.7000000000000028,0.36596683
0.7000000000000028,0.396756
0.7052631578947341,0.36770862
0.6842105263157876,0.37430906
0.6736842105263179,0.3737918
0.6421052631579016,0.3864926
0.6421052631578945,0.41296718
0.6631578947368411,0.38132456
0.689473684210526,0.43552616
0.7105263157894797,0.3791127
0.788732394366197,0.42298096
0.7183098591549295,0.41136342
0.605633802816901,0.4288423
0.5070422535211274,0.38075188
0.535211267605634,0.40084484
0.436619718309859,0.4241978
0.436619718309859,0.4435541
0.4366197183098599,0.45205116
0.5070422535211265,0.4211423
0.6056338028169015,0.43539476
0.0,0.36855865
0.0,0.4272422
0.0,0.36991403
0.0,0.37926358
0.0,0.40132248
0.0,0.41754127
0.0,0.4331393
0.0,0.36404917
0.0,0.4137486
0.0,0.43363452
0.2391304347826075,0.41528627
0.2941176470588225,0.41000226
0.3927125506072872,0.48738834
0.4615384615384617,0.38323203
0.4453441295546554,0.37226486
0.5020242914979764,0.44138002
0.5182186234817809,0.38822383
0.4696356275303657,0.42220804
0.4210526315789469,0.45163918
0.3603238866396765,0.44277623
0.7000000000000028,0.36177602
0.7052631578947341,0.39254934
0.6842105263157876,0.36894956
0.6736842105263179,0.37463978
0.6421052631578945,0.37697467
0.6421052631579016,0.38098952
0.6631578947368411,0.41022646
0.689473684210526,0.38293207
0.7105263157894726,0.43882245
0.7315789473684191,0.3817283
0.7183098591549295,0.4269277
0.6056338028169015,0.41573608
0.5070422535211265,0.43017694
0.5352112676056344,0.37744164
0.4366197183098594,0.4034141
0.436619718309859,0.42851445
0.436619718309859,0.45102957
0.5070422535211274,0.46142232
0.6056338028169015,0.4145005
0.732394366197183,0.43288797
0.0,0.36535025
0.0,0.42399043
0.0,0.37151235
0.0,0.37852114
0.0,0.3953085
0.0,0.4152856
0.0,0.43636915
0.0,0.36424187
0.0,0.41381302
0.0,0.43941122
0.2695652173913032,0.4160387
0.3697478991596625,0.41736442
0.4615384615384599,0.48951972
0.4453441295546554,0.38185644
0.5020242914979764,0.3700683
0.5182186234817827,0.44346437
0.4696356275303639,0.3835169
0.4210526315789469,0.42061803
0.3603238866396747,0.45834467
0.2914979757085021,0.44902322
0.7052631578947341,0.35733357
0.6842105263157876,0.38696346
0.6736842105263179,0.3740529
0.6421052631578945,0.38231826
0.6421052631578945,0.37595728
0.6631578947368411,0.37606025
0.689473684210526,0.40872142
0.7105263157894726,0.3917723
0.7315789473684191,0.43497074
0.7789473684210506,0.37261668
0.6056338028169015,0.43289208
0.5070422535211265,0.4169979
0.535211267605634,0.42759463
0.4366197183098599,0.3716752
0.4366197183098594,0.4123961
0.436619718309859,0.43634844
0.5070422535211265,0.4611823
0.6056338028169019,0.46842262
0.732394366197183,0.41230235
0.8169014084507045,0.4328838
0.0,0.36867684
0.0,0.4214689
0.0,0.37147197
0.0,0.37758926
0.0,0.3932585
0.0,0.41329998
0.0,0.4431241
0.0,0.37091827
0.0,0.40513322
0.0,0.43500152
0.3478260869565215,0.4177543
0.4411764705882337,0.4242995
0.4453441295546554,0.49356204
0.5020242914979764,0.38042754
0.5182186234817827,0.36384046
0.4696356275303657,0.44929466
0.4210526315789451,0.3789147
0.3603238866396765,0.4170669
0.2914979757085021,0.459279
0.2388663967611339,0.45415598
0.6842105263157876,0.3560921
0.6736842105263179,0.3864869
0.6421052631578945,0.37735075
0.6421052631578945,0.38950604
0.6631578947368411,0.37707075
0.689473684210526,0.3765833
0.7105263157894726,0.40576234
0.7315789473684191,0.3990666
0.7789473684210577,0.43354625
0.7789473684210506,0.3640256
0.5070422535211265,0.4363188
0.5352112676056335,0.42078152
0.436619718309859,0.42207193
0.4366197183098599,0.36936772
0.4366197183098594,0.42757
0.5070422535211265,0.4372413
0.605633802816901,0.46582115
0.7323943661971835,0.46966827
0.816901408450704,0.40727785
0.8873239436619718,0.43501025
0.0,0.36849284
0.0,0.41811374
0.0,0.37107116
0.0,0.37870386
0.0,0.3928302
0.0,0.40704545
0.0,0.43876848
0.0,0.38048556
0.0,0.39371762
0.0,0.42472953
0.4217391304347835,0.42356077
0.4243697478991581,0.43493792
0.5020242914979747,0.49059296
0.5182186234817827,0.38368353
0.4696356275303639,0.3593363
0.4210526315789469,0.44255275
0.3603238866396747,0.37807247
0.2914979757085021,0.411344
0.2388663967611339,0.45360348
0.2024291497975721,0.4620302
0.6736842105263179,0.35584253
0.6421052631579016,0.38029504
0.6421052631578945,0.3808855
0.6631578947368411,0.39737356
0.689473684210526,0.37766203
0.7105263157894797,0.37468043
0.7315789473684191,0.4112661
0.7789473684210577,0.4058095
0.7789473684210577,0.42766082
0.7894736842105274,0.3548008
0.535211267605634,0.4392081
0.436619718309859,0.4173366
0.436619718309859,0.4131373
0.4366197183098599,0.36468711
0.5070422535211265,0.43440393
0.6056338028169015,0.43921256
0.732394366197183,0.47568282
0.8169014084507045,0.47020477
0.887323943661972,0.40507218
0.9295774647887324,0.43591118
0.0,0.36947903
0.0,0.41435868
0.0,0.37040263
0.0,0.38286585
0.0,0.39362687
0.0,0.4045038
0.0,0.44638428
0.0,0.39170185
0.0,0.386438
0.0,0.41627333
0.4043478260869566,0.42583916
0.4831932773109244,0.43545544
0.5182186234817809,0.48325858
0.4696356275303657,0.38453242
0.4210526315789469,0.35441983
0.3603238866396765,0.44085664
0.2914979757085003,0.37434512
0.2388663967611322,0.40704086
0.2024291497975703,0.4506541
0.1740890688259124,0.4662291
0.6421052631578945,0.35633668
0.6421052631579016,0.38143933
0.6631578947368411,0.38253185
0.689473684210526,0.39910007
0.7105263157894726,0.3736785
0.7315789473684191,0.37884074
0.7789473684210506,0.4154568
0.7789473684210577,0.40300122
0.7894736842105274,0.43221256
0.7684210526315809,0.36244702
0.4366197183098594,0.4370981
0.436619718309859,0.4186464
0.436619718309859,0.41182318
0.5070422535211274,0.36915386
0.6056338028169015,0.43394545
0.732394366197183,0.4459731
0.8169014084507045,0.47400767
0.887323943661972,0.4714889
0.9295774647887324,0.40476272
0.971830985915493,0.44023833
0.0,0.36058754
0.0,0.4235468
0.0,0.3629678
0.0,0.3735337
0.0,0.3946181
0.0,0.40881038
0.0,0.4407483
0.0,0.38711894
0.0,0.38733363
0.0,0.42423716
0.465217391304348,0.42931342
0.5,0.43005696
0.4696356275303639,0.49421364
0.4210526315789469,0.3897188
0.3603238866396747,0.34805405
0.2914979757085021,0.43481418
0.2388663967611322,0.36390603
0.2024291497975703,0.40529677
0.1740890688259107,0.44950986
0.1659919028340084,0.46916792
0.6421052631578945,0.35590312
0.6631578947368411,0.3825509
0.689473684210526,0.3777609
0.7105263157894726,0.39773735
0.7315789473684191,0.36249283
0.7789473684210506,0.37685916
0.7789473684210506,0.41316447
0.7894736842105274,0.40617016
0.7684210526315809,0.4427536
0.7263157894736807,0.36031613
0.4366197183098594,0.43838105
0.436619718309859,0.4228757
0.5070422535211265,0.42201325
0.6056338028169019,0.37334478
0.732394366197183,0.4462268
0.8169014084507045,0.4414125
0.8873239436619715,0.4811324
0.9295774647887328,0.4797558
0.9718309859154928,0.40342098
0.971830985915493,0.4458205
0.0,0.36114055
0.0,0.42211762
0.0,0.35661855
0.0,0.36530948
0.0,0.39343795
0.0,0.41128626
0.0,0.4314745
0.0,0.39417705
0.0,0.37534153
0.0,0.43148342
0.4826086956521749,0.42708024
0.4495798319327733,0.44062743
0.4210526315789451,0.5101704
0.3603238866396765,0.39409196
0.2914979757085021,0.3451518
0.2388663967611339,0.43357348
0.2024291497975721,0.35831976
0.1740890688259124,0.40114444
0.1659919028340084,0.45655513
0.1659919028340084,0.47168386
0.6631578947368411,0.35641068
0.689473684210526,0.38920254
0.7105263157894726,0.3836411
0.7315789473684191,0.403974
0.7789473684210577,0.35819125
0.7789473684210506,0.3774072
0.7894736842105274,0.4138367
0.7684210526315809,0.40884453
0.7263157894736878,0.4459044
0.6947368421052644,0.370745
0.4366197183098594,0.43615228
0.5070422535211265,0.41627622
0.605633802816901,0.42244515
0.7323943661971835,0.37259278
0.816901408450704,0.4387806
0.8873239436619718,0.44739208
0.929577464788732,0.47594815
0.971830985915493,0.4714099
0.9718309859154928,0.40394855
0.9859154929577464,0.44583184
0.0,0.35806304
0.0,0.4214057
0.0,0.36034185
0.0,0.36675945
0.0,0.3909367
0.0,0.40859517
0.0,0.42681882
0.0,0.391461
0.0,0.38187522
0.0,0.4338182
0.430434782608696,0.43229884
0.3991596638655448,0.43133032
0.3603238866396747,0.5072392
0.2914979757085021,0.4022282
0.2388663967611339,0.34678352
0.2024291497975721,0.43805024
0.1740890688259107,0.35685804
0.1659919028340102,0.4038044
0.1659919028340084,0.45712334
0.1376518218623506,0.4630375
0.689473684210526,0.3524157
0.7105263157894797,0.39590597
0.7315789473684191,0.3878945
0.7789473684210577,0.40832126
0.7789473684210577,0.3536721
0.7894736842105274,0.38159165
0.7684210526315809,0.4122939
0.7263157894736878,0.41194037
0.6947368421052644,0.45103106
0.6789473684210421,0.3669274
0.5070422535211265,0.43466341
0.6056338028169015,0.41077888
0.732394366197183,0.41962102
0.8169014084507045,0.37590444
0.887323943661972,0.4348438
0.9295774647887324,0.4509335
0.971830985915493,0.47843555
0.971830985915493,0.47015527
0.9859154929577464,0.40905216
1.0,0.44526285
0.0,0.35762033
0.0,0.41708425
0.0,0.36118618
0.0,0.3735451
0.0,0.3885927
0.0,0.40961364
0.0,0.42494136
0.0,0.39396074
0.0,0.38819122
0.0,0.42962176
0.3782608695652172,0.43303624
0.3361344537815114,0.42656136
0.2914979757085003,0.50522995
0.2388663967611322,0.40342188
0.2024291497975703,0.34809184
0.1740890688259124,0.43983388
0.1659919028340084,0.36141786
0.1659919028340102,0.40638614
0.1376518218623488,0.4613016
0.1133603238866403,0.45420676
0.7105263157894726,0.3472271
0.7315789473684191,0.4067893
0.7789473684210506,0.38915965
0.7789473684210577,0.40823224
0.7894736842105274,0.3445425
0.7684210526315809,0.3934307
0.7263157894736878,0.40910047
0.6947368421052644,0.41220567
0.6789473684210492,0.45428294
0.6842105263157876,0.37178746
0.6056338028169015,0.43668377
0.732394366197183,0.41194364
0.8169014084507045,0.41982764
0.887323943661972,0.37522483
0.9295774647887324,0.4318576
0.971830985915493,0.4490383
0.971830985915493,0.4787239
0.9859154929577468,0.45624715
1.0,0.4104015
1.0,0.44941965
0.0,0.35430402
0.0,0.41741347
0.0,0.36573014
0.0,0.37695307
0.0,0.39326766
0.0,0.4044461
0.0,0.4171609
0.0,0.39424035
0.0,0.39130098
0.0,0.42251322
0.3130434782608695,0.4410445
0.2647058823529402,0.42717618
0.2388663967611322,0.50087816
0.2024291497975703,0.40762314
0.1740890688259107,0.34415975
0.1659919028340084,0.43715677
0.1659919028340084,0.35908654
0.137651821862347,0.4076835
0.1133603238866403,0.45843956
0.1214574898785443,0.45055008
0.7315789473684191,0.34470275
0.7789473684210506,0.40791062
0.7789473684210506,0.38521138
0.7894736842105274,0.40647462
0.7684210526315809,0.3421452
0.7263157894736807,0.39972726
0.6947368421052644,0.40507266
0.6789473684210492,0.41413525
0.6842105263157876,0.46031314
0.7052631578947341,0.36960474
0.732394366197183,0.4346443
0.8169014084507045,0.41570383
0.8873239436619715,0.42277396
0.9295774647887328,0.37389895
0.9718309859154928,0.431734
0.971830985915493,0.44938993
0.9859154929577464,0.47722057
1.0000000000000004,0.45666808
1.0,0.40938634
1.0140845070422535,0.45215052
0.0,0.35056317
0.0,0.41847804
0.0,0.36555785
0.0,0.37790224
0.0,0.39285034
0.0,0.40299127
0.0,0.4068057
0.0,0.39774832
0.0,0.3879109
0.0,0.4222966
0.2391304347826075,0.442955
0.2100840336134446,0.4323536
0.2024291497975721,0.50481796
0.1740890688259124,0.40529922
0.1659919028340084,0.3439169
0.1659919028340084,0.43594664
0.137651821862347,0.3587178
0.1133603238866403,0.4055124
0.1214574898785425,0.45744264
0.1093117408906891,0.44966778
0.7789473684210577,0.3468044
0.7789473684210506,0.40961412
0.7894736842105274,0.3824081
0.7684210526315809,0.4043444
0.7263157894736878,0.34149587
0.6947368421052644,0.40241197
0.6789473684210492,0.40216288
0.6842105263157876,0.41125342
0.7052631578947341,0.4622758
0.6789473684210421,0.3713502
0.816901408450704,0.43065217
0.8873239436619718,0.41918573
0.929577464788732,0.42590928
0.971830985915493,0.37405068
0.9718309859154928,0.43200192
0.9859154929577464,0.44828954
1.0,0.47389087
1.0000000000000004,0.45752195
1.0140845070422535,0.40731212
1.0140845070422535,0.4526542
0.0,0.34711778
0.0,0.42052105
0.0,0.36443928
0.0,0.37620938
0.0,0.39389265
0.0,0.4034692
0.0,0.39929518
0.0,0.4004376
0.0,0.3844425
0.0,0.42561874
0.1826086956521759,0.44572926
0.1722689075630246,0.4350891
0.1740890688259107,0.509284
0.1659919028340102,0.4058436
0.1659919028340084,0.3425746
0.1376518218623506,0.43637353
0.1133603238866403,0.35543674
0.1214574898785443,0.4052854
0.1093117408906874,0.45387325
0.1376518218623506,0.4495552
0.7789473684210577,0.34812745
0.7894736842105274,0.41091162
0.7684210526315809,0.3795826
0.7263157894736878,0.40228704
0.6947368421052644,0.34105775
0.6789473684210421,0.40155417
0.6842105263157876,0.40012836
0.7052631578947341,0.4101083
0.6789473684210492,0.4633141
0.6842105263157876,0.37283105
0.887323943661972,0.42756096
0.9295774647887324,0.4225746
0.971830985915493,0.42974234
0.971830985915493,0.37372702
0.9859154929577464,0.43459105
1.0,0.44536644
1.0,0.47451824
1.014084507042254,0.46053374
1.0140845070422535,0.40621224
0.9577464788732392,0.45322257
0.0,0.34793824
0.0,0.4202194
0.0,0.36367434
0.0,0.37665853
0.0,0.39296797
0.0,0.40366286
0.0,0.39448178
0.0,0.40405536
0.0,0.38095978
0.0,0.4291248
0.1434782608695659,0.44657657
0.1428571428571423,0.44013825
0.1659919028340084,0.51186335
0.1659919028340102,0.40660655
0.1376518218623488,0.3437115
0.1133603238866403,0.4379248
0.1214574898785425,0.35220173
0.1093117408906891,0.40377247
0.1376518218623488,0.45331296
0.2550607287449402,0.4496446
0.7894736842105274,0.34807587
0.7684210526315809,0.41216153
0.7263157894736878,0.37956882
0.6947368421052644,0.40276954
0.6789473684210492,0.3413148
0.6842105263157876,0.40128723
0.7052631578947341,0.39944404
0.6789473684210492,0.40998337
0.6842105263157876,0.46419936
0.6842105263157876,0.3749719
0.9295774647887324,0.42491233
0.971830985915493,0.4203481
0.971830985915493,0.43062195
0.9859154929577468,0.3754644
1.0,0.43286678
1.0,0.4469882
1.014084507042253,0.4738068
1.014084507042254,0.46106294
0.9577464788732392,0.40663797
0.6056338028169015,0.45255435
0.0,0.34901172
0.0,0.42240572
0.0,0.3639124
0.0,0.3765894
0.0,0.39137012
0.0,0.4037521
0.0,0.39153734
0.0,0.4039815
0.0,0.3831608
0.0,0.43152693
0.1130434782608684,0.44851255
0.1344537815126045,0.4389996
0.1659919028340084,0.51115215
0.137651821862347,0.40691298
0.1133603238866403,0.34493965
0.1214574898785443,0.4389695
0.1093117408906874,0.3512014
0.137651821862347,0.40353432
0.2550607287449384,0.45258433
0.4412955465587043,0.44633442
0.7684210526315809,0.34614775
0.7263157894736807,0.41499352
0.6947368421052644,0.37971967
0.6789473684210492,0.40180054
0.6842105263157876,0.33974385
0.7052631578947341,0.4017807
0.6789473684210492,0.3975575
0.6842105263157876,0.41002995
0.6842105263157876,0.46473873
0.6684210526315866,0.37356395
0.9718309859154928,0.42321393
0.971830985915493,0.41876534
0.9859154929577464,0.43172374
1.0000000000000004,0.37639695
1.0,0.43305492
1.0140845070422535,0.44796857
1.014084507042253,0.47414505
0.9577464788732396,0.4616784
0.6056338028169015,0.40784544
0.5070422535211265,0.45183063
0.0,0.35067934
0.0,0.42184556
0.0,0.36456928
0.0,0.3783857
0.0,0.39065978
0.0,0.40482467
0.0,0.38919896
0.0,0.40462503
0.0,0.38555607
0.0,0.43207064
0.1043478260869577,0.4501201
0.1344537815126045,0.43873
0.137651821862347,0.5099808
0.1133603238866403,0.40670455
0.1214574898785425,0.3466241
0.1093117408906891,0.44080564
0.137651821862347,0.35230628
0.2550607287449402,0.40497595
0.4412955465587043,0.4535601
0.4898785425101213,0.44307086
0.7263157894736878,0.34440333
0.6947368421052644,0.41864246
0.6789473684210492,0.3810085
0.6842105263157876,0.40265438
0.7052631578947341,0.33821294
0.6789473684210421,0.4050747
0.6842105263157876,0.39708218
0.6842105263157876,0.41102397
0.6684210526315795,0.4661718
0.6315789473684248,0.3750456
0.9718309859154928,0.42168498
0.9859154929577464,0.4156664
1.0,0.4314493
1.0000000000000004,0.37811872
1.0140845070422535,0.42962208
1.0140845070422535,0.44916785
0.9577464788732396,0.47139645
0.6056338028169019,0.45745972
0.5070422535211265,0.40911433
0.3661971830985915,0.45114502
0.0,0.35238332
0.0,0.421384
0.0,0.36765113
0.0,0.3811544
0.0,0.38988703
0.0,0.4027882
0.0,0.38627443
0.0,0.40282643
0.0,0.39046618
0.0,0.4313966
0.1043478260869577,0.45273587
0.1050420168067223,0.4355129
0.1133603238866403,0.5054981
0.1214574898785443,0.40807
0.1093117408906874,0.3470506
0.1376518218623506,0.44162965
0.2550607287449384,0.3539496
0.441295546558706,0.40653795
0.4898785425101195,0.45323336
0.6072874493927127,0.4387926
0.6947368421052644,0.34205815
0.6789473684210421,0.41967466
0.6842105263157876,0.3825633
0.7052631578947341,0.4033703
0.6789473684210492,0.33791643
0.6842105263157876,0.40845084
0.6842105263157876,0.39721093
0.6684210526315795,0.410295
0.6315789473684248,0.46615458
0.621052631578948,0.37381628
0.9859154929577464,0.42082584
1.0,0.41423595
1.0,0.43058687
1.014084507042254,0.37843344
1.0140845070422535,0.42763975
0.9577464788732392,0.45078287
0.605633802816901,0.4701232
0.5070422535211274,0.45524433
0.3661971830985915,0.40953195
0.2816901408450705,0.4500705
0.0,0.35297185
0.0,0.4207711
0.0,0.3699122
0.0,0.38351333
0.0,0.39040297
0.0,0.40283826
0.0,0.38471356
0.0,0.4032072
0.0,0.3937403
0.0,0.42936656
0.0739130434782602,0.45444316
0.0798319327731089,0.43313083
0.1214574898785425,0.50227547
0.1093117408906891,0.40730104
0.1376518218623488,0.34783253
0.2550607287449402,0.44111988
0.4412955465587043,0.35697377
0.4898785425101231,0.40754768
0.6072874493927127,0.45240062
0.6599190283400826,0.43478924
0.6789473684210492,0.34197968
0.6842105263157876,0.42165443
0.7052631578947341,0.384222
0.6789473684210492,0.4032449
0.6842105263157876,0.33751106
0.6842105263157876,0.41257438
0.6684210526315795,0.39860216
0.6315789473684177,0.4084302
0.621052631578948,0.4650689
0.6105263157894711,0.3750046
1.0,0.41977406
1.0,0.41325948
1.014084507042253,0.4303761
1.014084507042254,0.37861854
0.9577464788732392,0.42509922
0.6056338028169015,0.4510514
0.5070422535211265,0.46711418
0.3661971830985924,0.4511489
0.2816901408450709,0.40907258
0.225352112676056,0.44959852
0.0,0.3529383
0.0,0.421832
0.0,0.3710566
0.0,0.38410074
0.0,0.391785
0.0,0.40360165
0.0,0.38309184
0.0,0.40290982
0.0,0.39613923
0.0,0.42891124
0.0478260869565225,0.4567505
0.0882352941176467,0.42938095
0.1093117408906874,0.5009869
0.137651821862347,0.4077044
0.2550607287449384,0.3468469
0.4412955465587043,0.439961
0.4898785425101231,0.3583708
0.6072874493927145,0.40889934
0.6599190283400809,0.44972304
0.7206477732793521,0.43099698
0.6842105263157876,0.34357122
0.7052631578947341,0.4239543
0.6789473684210492,0.3853003
0.6842105263157876,0.40229777
0.6842105263157876,0.33839625
0.6684210526315866,0.41518325
0.6315789473684177,0.3981065
0.6210526315789551,0.40702856
0.6105263157894782,0.46403885
0.5736842105263165,0.37683684
1.0,0.4187265
1.0140845070422535,0.41323218
1.014084507042253,0.43214893
0.9577464788732396,0.3779005
0.6056338028169015,0.42346475
0.5070422535211265,0.45030507
0.366197183098591,0.46370605
0.2816901408450709,0.4482238
0.2253521126760564,0.40763953
0.1830985915492955,0.44884214
0.0,0.3522857
0.0,0.42107397
0.0,0.37264076
0.0,0.3842698
0.0,0.39189938
0.0,0.40346825
0.0,0.37967613
0.0,0.40232852
0.0,0.3956146
0.0,0.4305998
0.0565217391304351,0.45715624
0.07563025210084,0.4265599
0.137651821862347,0.50170726
0.2550607287449402,0.408772
0.4412955465587043,0.34740806
0.4898785425101213,0.4395552
0.6072874493927127,0.35940957
0.6599190283400826,0.40953603
0.720647773279353,0.44703376
0.7975708502024297,0.42734677
0.7052631578947341,0.345009
0.6789473684210421,0.42495155
0.6842105263157876,0.38639656
0.6842105263157876,0.40223634
0.6684210526315795,0.340002
0.6315789473684248,0.4169405
0.621052631578948,0.39630285
0.6105263157894782,0.4046812
0.5736842105263094,0.46383908
0.5736842105263165,0.37781486
1.0140845070422535,0.4186202
1.0140845070422535,0.41270405
0.9577464788732396,0.43436503
0.6056338028169019,0.3769316
0.5070422535211265,0.4222223
0.3661971830985915,0.45112786
0.2816901408450705,0.4602425
0.2253521126760564,0.4458673
0.1830985915492959,0.40586746
0.2816901408450705,0.44826856
0.0,0.35061607
0.0,0.41975766
0.0,0.37508133
0.0,0.38438454
0.0,0.39171368
0.0,0.4028483
0.0,0.37689304
0.0,0.40061682
0.0,0.39545926
0.0,0.4326309
0.0434782608695645,0.45652717
0.1050420168067223,0.4254932
0.2550607287449384,0.5039282
0.441295546558706,0.4092799
0.4898785425101195,0.34782165
0.6072874493927127,0.439352
0.6599190283400809,0.3613147
0.7206477732793548,0.40973148
0.7975708502024297,0.44591716
0.7327935222672055,0.4242605
0.6789473684210492,0.34721044
0.6842105263157876,0.42483371
0.6842105263157876,0.38710308
0.6684210526315795,0.40112865
0.6315789473684248,0.34120467
0.621052631578948,0.41772524
0.6105263157894782,0.39543083
0.5736842105263165,0.40213737
0.5736842105263094,0.46191514
0.5631578947368467,0.37909535
1.0140845070422535,0.41912478
0.9577464788732392,0.41174632
0.605633802816901,0.4365577
0.5070422535211274,0.37587816
0.3661971830985915,0.4205544
0.2816901408450705,0.45055342
0.225352112676056,0.45723233
0.1830985915492964,0.4437362
0.2816901408450709,0.4043013
0.309859154929577,0.44720066
0.0,0.35015404
0.0,0.41890824
0.0,0.37719667
0.0,0.38491723
0.0,0.39148477
0.0,0.40278596
0.0,0.37617445
0.0,0.39918876
0.0,0.39620018
0.0,0.43436307
0.0739130434782602,0.45537627
0.2268907563025202,0.42453828
0.4412955465587043,0.50431126
0.4898785425101231,0.41041502
0.6072874493927127,0.3490504
0.6599190283400826,0.43929738
0.720647773279353,0.36310863
0.7975708502024297,0.4102325
0.7327935222672055,0.44510671
0.7004048582995948,0.4214731
0.6842105263157876,0.34887537
0.6842105263157876,0.4244012
0.6684210526315795,0.3887866
0.6315789473684177,0.39917862
0.621052631578948,0.34162298
0.6105263157894711,0.41814148
0.5736842105263165,0.395633
0.5736842105263165,0.39956605
0.5631578947368396,0.45849037
0.5736842105263165,0.3797788
0.9577464788732392,0.42048153
0.6056338028169015,0.41112348
0.5070422535211265,0.438124
0.3661971830985924,0.3747737
0.2816901408450709,0.41879606
0.225352112676056,0.44975203
0.1830985915492955,0.45529968
0.2816901408450709,0.44034886
0.3098591549295775,0.40449402
0.309859154929577,0.44534817
0.0,0.35209703
0.0,0.4177435
0.0,0.3793716
0.0,0.38674343
0.0,0.39201057
0.0,0.4030392
0.0,0.37846276
0.0,0.39745557
0.0,0.39861357
0.0,0.4335317
0.1999999999999993,0.4542424
0.4201680672268892,0.42310014
0.4898785425101231,0.5012325
0.6072874493927145,0.4104972
0.6599190283400809,0.35091916
0.7206477732793521,0.4382024
0.7975708502024279,0.36620888
0.7327935222672082,0.41221237
0.7004048582995948,0.44499624
0.6801619433198391,0.41959977
0.6842105263157876,0.35079175
0.6684210526315866,0.42430165
0.6315789473684177,0.3896486
0.6210526315789551,0.39703816
0.6105263157894782,0.34274614
0.5736842105263165,0.41752142
0.5736842105263165,0.39567092
0.5631578947368396,0.39764297
0.5736842105263094,0.45627436
0.568421052631578,0.38128138
0.6056338028169015,0.42155093
0.5070422535211265,0.40996444
0.366197183098591,0.43924958
0.2816901408450709,0.3749783
0.2253521126760564,0.416634
0.1830985915492955,0.4491232
0.2816901408450705,0.45300642
0.3098591549295775,0.4384545
0.3098591549295775,0.40464985
0.436619718309859,0.44473016
0.0,0.352767
0.0,0.41649723
0.0,0.3802335
0.0,0.3881047
0.0,0.39161888
0.0,0.40376893
0.0,0.37974578
0.0,0.3942331
0.0,0.40094808
0.0,0.43520692
0.4000000000000003,0.45123348
0.4705882352941177,0.42222553
0.6072874493927127,0.49987438
0.6599190283400826,0.41060013
0.720647773279353,0.3525732
0.7975708502024297,0.4380249
0.7327935222672064,0.36857745
0.7004048582995956,0.4139506
0.6801619433198391,0.44603986
0.5506072874493935,0.4181699
0.6684210526315795,0.35174364
0.6315789473684248,0.4236742
0.621052631578948,0.3906771
0.6105263157894782,0.39560685
0.5736842105263094,0.34412634
0.5736842105263165,0.41531956
0.5631578947368467,0.39516857
0.5736842105263165,0.39497706
0.5684210526315852,0.45404553
0.6263157894736793,0.38126996
0.5070422535211265,0.42267376
0.3661971830985915,0.4089591
0.2816901408450705,0.44119018
0.2253521126760564,0.3746789
0.1830985915492959,0.41547075
0.2816901408450705,0.44821683
0.3098591549295775,0.45181224
0.3098591549295775,0.43731448
0.4366197183098594,0.40440598
0.563380281690141,0.44362518
0.0,0.3524319
0.0,0.41496447
0.0,0.38120136
0.0,0.38874748
0.0,0.39154547
0.0,0.40433896
0.0,0.38181007
0.0,0.3916784
0.0,0.4019954
0.0,0.43581435
0.4521739130434774,0.4478057
0.5924369747899139,0.42162812
0.6599190283400809,0.4984855
0.7206477732793548,0.41098192
0.7975708502024297,0.3545405
0.7327935222672055,0.4384923
0.7004048582995939,0.37124267
0.68016194331984,0.41535366
0.5506072874493917,0.44693843
0.4372469635627531,0.41686895
0.6315789473684248,0.3526209
0.621052631578948,0.4222645
0.6105263157894782,0.39116418
0.5736842105263165,0.39378017
0.5736842105263094,0.34579194
0.5631578947368467,0.41281
0.5736842105263165,0.39494422
0.5684210526315852,0.39156753
0.6263157894736793,0.4530996
0.7000000000000028,0.38102555
0.3661971830985915,0.42336956
0.2816901408450705,0.40819064
0.225352112676056,0.44250023
0.1830985915492964,0.374926
0.2816901408450709,0.41453642
0.309859154929577,0.4487477
0.3098591549295775,0.45203784
0.4366197183098599,0.43779433
0.563380281690141,0.40453425
0.6197183098591545,0.44213706
0.0,0.35166866
0.0,0.41349846
0.0,0.3817825
0.0,0.38956392
0.0,0.3923293
0.0,0.40547755
0.0,0.3845327
0.0,0.38874793
0.0,0.40327805
0.0,0.4363016
0.5782608695652183,0.44475067
0.6470588235294112,0.4225416
0.720647773279353,0.49668187
0.7975708502024297,0.41042462
0.7327935222672055,0.3563132
0.7004048582995948,0.4382421
0.6801619433198383,0.37438634
0.5506072874493935,0.41662648
0.4372469635627531,0.44890714
0.3967611336032401,0.41605356
0.621052631578948,0.35181022
0.6105263157894711,0.41969505
0.5736842105263165,0.3906678
0.5736842105263165,0.39194924
0.5631578947368396,0.34740612
0.5736842105263165,0.40927136
0.5684210526315852,0.39648795
0.6263157894736864,0.38861802
0.7000000000000028,0.4504559
0.6947368421052644,0.38000536
0.2816901408450709,0.4249788
0.225352112676056,0.40800115
0.1830985915492955,0.44105554
0.2816901408450709,0.3771852
0.3098591549295775,0.41443118
0.309859154929577,0.44952708
0.436619718309859,0.45416433
0.563380281690141,0.43862805
0.619718309859155,0.40500408
0.6619718309859155,0.44089904
0.0,0.35265496
0.0,0.41064814
0.0,0.3807422
0.0,0.3899178
0.0,0.39324617
0.0,0.40722787
0.0,0.38868013
0.0,0.38591146
0.0,0.40583163
0.0,0.4352019
0.6347826086956516,0.44205683
0.7100840336134446,0.42397693
0.7975708502024279,0.4937894
0.7327935222672082,0.40906632
0.7004048582995948,0.35797307
0.6801619433198391,0.43943366
0.5506072874493935,0.37662873
0.4372469635627549,0.41928965
0.3967611336032401,0.4512737
0.3643724696356294,0.41641656
0.6105263157894782,0.3496583
0.5736842105263165,0.41776687
0.5736842105263165,0.39051318
0.5631578947368396,0.39182836
0.5736842105263094,0.34906635
0.568421052631578,0.40483072
0.6263157894736793,0.39813685
0.7000000000000028,0.38664022
0.6947368421052644,0.44981042
0.7315789473684191,0.3788289
0.2253521126760564,0.42562443
0.1830985915492955,0.40730906
0.2816901408450705,0.43875772
0.3098591549295775,0.3787149
0.3098591549295775,0.41540822
0.436619718309859,0.44983557
0.563380281690141,0.45722207
0.6197183098591554,0.44048193
0.6619718309859155,0.4046079
0.6901408450704225,0.43988886
0.0,0.3526568
0.0,0.4082655
0.0,0.38043344
0.0,0.38966978
0.0,0.39479908
0.0,0.40760863
0.0,0.39242387
0.0,0.38442966
0.0,0.40698895
0.0,0.43364123
0.7000000000000011,0.43999082
0.7899159663865536,0.4261147
0.7327935222672064,0.490051
0.7004048582995956,0.40783557
0.6801619433198391,0.35884777
0.5506072874493935,0.44057667
0.4372469635627531,0.37767372
0.3967611336032401,0.42097884
0.3643724696356276,0.45293412
0.344129554655872,0.41738084
0.5736842105263094,0.34684327
0.5736842105263165,0.4153572
0.5631578947368467,0.38958204
0.5736842105263165,0.3922066
0.5684210526315852,0.35080487
0.6263157894736793,0.4007537
0.7000000000000028,0.39947364
0.6947368421052644,0.38644975
0.7315789473684191,0.45056328
0.7105263157894797,0.3773018
0.1830985915492959,0.42646062
0.2816901408450705,0.40570036
0.3098591549295775,0.43603444
0.3098591549295775,0.379202
0.4366197183098594,0.41674253
0.563380281690141,0.45073673
0.6197183098591545,0.46100175
0.6619718309859159,0.44426575
0.6901408450704225,0.40354294
0.7183098591549295,0.43875596
0.0,0.3512299
0.0,0.4067237
0.0,0.37960625
0.0,0.3888349
0.0,0.39552832
0.0,0.40823758
0.0,0.3949382
0.0,0.38420698
0.0,0.40677845
0.0,0.43203017
0.7826086956521738,0.43919045
0.7226890756302495,0.4277568
0.7004048582995939,0.48816693
0.68016194331984,0.40634778
0.5506072874493917,0.35889038
0.4372469635627531,0.4427222
0.3967611336032384,0.37719584
0.3643724696356294,0.42160842
0.3441295546558702,0.45448202
0.3319838056680169,0.4185293
0.5736842105263094,0.3435613
0.5631578947368467,0.41410762
0.5736842105263165,0.3883867
0.5684210526315852,0.39311296
0.6263157894736793,0.3497471
0.7000000000000028,0.3979728
0.6947368421052644,0.40058872
0.7315789473684191,0.38660422
0.7105263157894726,0.45157263
0.757894736842097,0.3758241
0.2816901408450709,0.42785916
0.309859154929577,0.40514514
0.3098591549295775,0.43454617
0.4366197183098599,0.3800129
0.563380281690141,0.42024064
0.6197183098591545,0.45114738
0.661971830985915,0.46422338
0.690140845070423,0.44744557
0.7183098591549295,0.40279475
0.732394366197183,0.43942377
0.0,0.34981614
0.0,0.4055687
0.0,0.37855834
0.0,0.38782758
0.0,0.39660177
0.0,0.40821153
0.0,0.39515713
0.0,0.38537946
0.0,0.40603355
0.0,0.43081865
0.7130434782608681,0.44017994
0.6890756302521002,0.4301102
0.6801619433198383,0.48820758
0.5506072874493935,0.405407
0.4372469635627531,0.3583431
0.3967611336032401,0.4441129
0.3643724696356258,0.37496158
0.3441295546558702,0.42161015
0.3319838056680151,0.45558804
0.3036437246963572,0.42110246
0.5631578947368396,0.3402726
0.5736842105263165,0.41263533
0.5684210526315852,0.3866576
0.6263157894736864,0.39395633
0.7000000000000028,0.34730715
0.6947368421052644,0.39592475
0.7315789473684191,0.40166363
0.7105263157894726,0.38770765
0.7578947368421041,0.45361888
0.757894736842097,0.37426862
0.3098591549295775,0.42909664
0.309859154929577,0.4042837
0.436619718309859,0.4336282
0.563380281690141,0.38061157
0.619718309859155,0.42362338
0.6619718309859155,0.45128956
0.6901408450704225,0.46752572
0.7183098591549295,0.45168024
0.732394366197183,0.4020376
0.76056338028169,0.44066042
0.0,0.34876287
0.0,0.40620145
0.0,0.3778219
0.0,0.3866816
0.0,0.3969079
0.0,0.40832257
0.0,0.39417535
0.0,0.38750294
0.0,0.40581918
0.0,0.4300254
0.6782608695652179,0.44165108
0.6680672268907575,0.43285292
0.5506072874493935,0.4886353
0.4372469635627549,0.40455475
0.3967611336032401,0.3575521
0.3643724696356294,0.4453903
0.3441295546558702,0.3715183
0.3319838056680169,0.4207755
0.3036437246963572,0.45711797
0.2995951417004043,0.4240839
0.5736842105263094,0.33795422
0.568421052631578,0.41246268
0.6263157894736793,0.38452613
0.7000000000000028,0.3941523
0.6947368421052644,0.34490907
0.7315789473684191,0.39607242
0.7105263157894726,0.40232557
0.7578947368421041,0.38888705
0.7578947368421041,0.45504454
0.7736842105263193,0.37295195
0.3098591549295775,0.42940697
0.436619718309859,0.4031817
0.563380281690141,0.4339651
0.6197183098591554,0.38042384
0.6619718309859155,0.42660114
0.6901408450704225,0.4514916
0.7183098591549295,0.46917218
0.7323943661971835,0.45491114
0.76056338028169,0.40138167
0.7464788732394365,0.44163874
0.0,0.34709224
0.0,0.40907934
0.0,0.37713438
0.0,0.38550782
0.0,0.39741224
0.0,0.40782008
0.0,0.39170107
0.0,0.3906865
0.0,0.40492567
0.0,0.42899802
0.6565217391304365,0.44525576
0.5336134453781511,0.43438035
0.4372469635627531,0.4900635
0.3967611336032401,0.40462646
0.3643724696356276,0.35650724
0.344129554655872,0.44686788
0.3319838056680151,0.3674618
0.3036437246963572,0.41976073
0.2995951417004043,0.4572713
0.3076923076923084,0.42666987
0.5684210526315852,0.3365643
0.6263157894736793,0.41353065
0.7000000000000028,0.38299158
0.6947368421052644,0.3940962
0.7315789473684191,0.34218574
0.7105263157894797,0.3978794
0.7578947368421041,0.40275708
0.7578947368421041,0.39027864
0.7736842105263193,0.4563024
0.757894736842097,0.37196788
0.4366197183098594,0.42966127
0.563380281690141,0.4029146
0.6197183098591545,0.43425348
0.6619718309859159,0.37968898
0.6901408450704225,0.42885774
0.7183098591549295,0.4515661
0.732394366197183,0.47029814
0.7605633802816905,0.45606008
0.7464788732394365,0.40045917
0.76056338028169,0.44308084
0.0,0.34606817
0.0,0.41173133
0.0,0.376316
0.0,0.38494903
0.0,0.3983197
0.0,0.40695885
0.0,0.38869235
0.0,0.39382035
0.0,0.4040513
0.0,0.42845696
0.5173913043478269,0.44949144
0.4159663865546221,0.4350181
0.3967611336032384,0.49180523
0.3643724696356294,0.40559208
0.3441295546558702,0.3547702
0.3319838056680169,0.44791675
0.3036437246963555,0.36349034
0.2995951417004061,0.41933426
0.3076923076923066,0.45684987
0.3076923076923084,0.42911512
0.6263157894736793,0.33579051
0.7000000000000028,0.4156306
0.6947368421052644,0.3812672
0.7315789473684191,0.39421043
0.7105263157894726,0.33871603
0.757894736842097,0.4006427
0.7578947368421041,0.40209538
0.7736842105263193,0.39257085
0.7578947368421041,0.45851997
0.7421052631578959,0.37067598
0.563380281690141,0.42932194
0.6197183098591545,0.40345904
0.661971830985915,0.43460548
0.690140845070423,0.37887895
0.7183098591549295,0.43051895
0.732394366197183,0.45202905
0.76056338028169,0.47104418
0.746478873239437,0.45603883
0.76056338028169,0.39945984
0.76056338028169,0.4446731
0.0,0.34455335
0.0,0.41416997
0.0,0.37584975
0.0,0.3845099
0.0,0.39871305
0.0,0.40523675
0.0,0.3849769
0.0,0.3967918
0.0,0.4020694
0.0,0.4286318
0.3956521739130441,0.45360392
0.3739495798319332,0.43558902
0.3643724696356258,0.49479812
0.3441295546558702,0.40711036
0.3319838056680151,0.35199216
0.3036437246963572,0.44849056
0.2995951417004026,0.36007476
0.3076923076923101,0.41869617
0.3076923076923066,0.45610952
0.3036437246963572,0.4312871
0.7000000000000028,0.33533925
0.6947368421052644,0.41819918
0.7315789473684191,0.38000673
0.7105263157894726,0.39487422
0.7578947368421041,0.33526078
0.757894736842097,0.40415165
0.7736842105263193,0.4007051
0.7578947368421041,0.3951198
0.7421052631578959,0.46114492
0.7421052631578959,0.37010583
0.619718309859155,0.42853358
0.6619718309859155,0.4040923
0.6901408450704225,0.4357073
0.7183098591549295,0.3779138
0.732394366197183,0.4315129
0.76056338028169,0.45271102
0.7464788732394365,0.47110498
0.7605633802816905,0.45528045
0.76056338028169,0.39895913
0.76056338028169,0.44627273
0.0,0.3427542
0.0,0.4156681
0.0,0.37604102
0.0,0.38456604
0.0,0.39869797
0.0,0.4027521
0.0,0.38104278
0.0,0.39938456
0.0,0.4002862
0.0,0.42910945
0.3521739130434795,0.45779034
0.3403361344537821,0.4356941
0.3441295546558702,0.49830198
0.3319838056680169,0.40872923
0.3036437246963572,0.3491782
0.2995951417004043,0.44873703
0.3076923076923066,0.35773313
0.3076923076923101,0.41796872
0.3036437246963572,0.4547108
0.295546558704455,0.43225756
0.6947368421052644,0.33494282
0.7315789473684191,0.42121258
0.7105263157894726,0.3794036
0.7578947368421041,0.39555335
0.7578947368421041,0.3327247
0.7736842105263193,0.40871412
0.7578947368421041,0.39854777
0.7421052631578959,0.39722416
0.7421052631578959,0.46361142
0.7684210526315809,0.37016556
0.6619718309859155,0.42799515
0.6901408450704225,0.40538073
0.7183098591549295,0.43759587
0.7323943661971835,0.3770742
0.76056338028169,0.43140602
0.7464788732394365,0.45380613
0.76056338028169,0.4706936
0.7605633802816905,0.45375445
0.76056338028169,0.39880088
0.7464788732394365,0.44764054
0.0,0.34070158
0.0,0.41641364
0.0,0.37690592
0.0,0.3850777
0.0,0.39829567
0.0,0.39997485
0.0,0.3768609
0.0,0.40088052
0.0,0.39841354
0.0,0.42977569
0.3173913043478258,0.46154717
0.3193277310924376,0.4357581
0.3319838056680151,0.502353
0.3036437246963572,0.40994617
0.2995951417004043,0.34631565
0.3076923076923084,0.44850355
0.3076923076923066,0.35701543
0.3036437246963572,0.41733262
0.2955465587044532,0.452974
0.287449392712551,0.43191
0.7315789473684191,0.33461857
0.7105263157894797,0.4236687
0.7578947368421041,0.37891343
0.7578947368421041,0.3971227
0.7736842105263193,0.33095556
0.757894736842097,0.41214657
0.7421052631578959,0.39694145
0.7421052631578959,0.39907262
0.7684210526315809,0.46567592
0.7736842105263193,0.3705492
0.6901408450704225,0.42803928
0.7183098591549295,0.40602154
0.732394366197183,0.43919274
0.7605633802816905,0.37624177
0.7464788732394365,0.43058974
0.76056338028169,0.45431513
0.76056338028169,0.47079012
0.7605633802816905,0.45250547
0.7464788732394365,0.3988953
0.732394366197183,0.44917017
0.0,0.33877173
0.0,0.41768944
0.0,0.3781575
0.0,0.38524053
0.0,0.3980267
0.0,0.3967248
0.0,0.37385234
0.0,0.40238866
0.0,0.39736044
0.0,0.43066126
0.2956521739130426,0.46419498
0.3067226890756291,0.4361415
0.3036437246963555,0.505613
0.2995951417004061,0.4106745
0.3076923076923066,0.3437876
0.3076923076923084,0.44908023
0.3036437246963555,0.35664877
0.295546558704455,0.41662616
0.287449392712551,0.45164725
0.2793522267206487,0.43108505
0.7105263157894726,0.33469814
0.757894736842097,0.42597908
0.7578947368421041,0.3787651
0.7736842105263193,0.3987985
0.7578947368421041,0.32975578
0.7421052631578959,0.4146511
0.7421052631578959,0.39607692
0.7684210526315809,0.40051395
0.7736842105263193,0.46705827
0.8000000000000043,0.3714709
0.7183098591549295,0.42763194
0.732394366197183,0.40665528
0.76056338028169,0.44024873
0.746478873239437,0.37560293
0.76056338028169,0.42951733
0.76056338028169,0.45419312
0.76056338028169,0.470603
0.746478873239437,0.45090663
0.732394366197183,0.39936477
0.7183098591549295,0.45034957
0.0,0.3378703
0.0,0.4194421
0.0,0.37941986
0.0,0.3852468
0.0,0.39772484
0.0,0.39363
0.0,0.37187853
0.0,0.40383336
0.0,0.3966986
0.0,0.43109557
0.2826086956521738,0.4665105
0.2773109243697469,0.4363199
0.2995951417004026,0.5073038
0.3076923076923101,0.4113754
0.3076923076923066,0.34194532
0.3036437246963572,0.44913575
0.2955465587044532,0.35616884
0.2874493927125527,0.4154709
0.2793522267206469,0.45021787
0.2914979757085021,0.43016723
0.7578947368421041,0.33706984
0.757894736842097,0.4294088
0.7736842105263193,0.37989515
0.7578947368421041,0.40037134
0.7421052631578959,0.32945913
0.7421052631578959,0.41731417
0.7684210526315809,0.39558366
0.7736842105263193,0.40271625
0.8000000000000043,0.46689013
0.8105263157894669,0.37478414
0.732394366197183,0.4263062
0.76056338028169,0.407493
0.7464788732394365,0.44124696
0.7605633802816905,0.37511778
0.76056338028169,0.42694345
0.76056338028169,0.4521892
0.7464788732394365,0.4692389
0.7323943661971835,0.4475045
0.7183098591549295,0.40112662
0.676056338028169,0.4503628
0.0,0.34046927
0.0,0.42154896
0.0,0.38183007
0.0,0.3858659
0.0,0.39631915
0.0,0.3906091
0.0,0.37072918
0.0,0.40522662
0.0,0.39616674
0.0,0.43096498
0.2521739130434799,0.4687894
0.273109243697478,0.43491295
0.3076923076923066,0.50594467
0.3076923076923101,0.41240054
0.3036437246963572,0.34184882
0.295546558704455,0.44808036
0.287449392712551,0.35625073
0.2793522267206469,0.41384736
0.2914979757085021,0.4481816
0.336032388663968,0.42746982
0.7578947368421041,0.33888665
0.7736842105263193,0.4317782
0.7578947368421041,0.38185188
0.7421052631578959,0.4010002
0.7421052631578959,0.33011815
0.7684210526315809,0.42106208
0.7736842105263193,0.3934048
0.8000000000000043,0.40479076
0.810526315789474,0.46741182
0.8000000000000043,0.37597784
0.76056338028169,0.42540476
0.7464788732394365,0.40904137
0.76056338028169,0.44241393
0.7605633802816905,0.37347266
0.76056338028169,0.4250961
0.7464788732394365,0.45182583
0.732394366197183,0.4680236
0.7183098591549295,0.44518995
0.676056338028169,0.40223402
0.549295774647887,0.45032978
0.0,0.3431832
0.0,0.42223
0.0,0.38327864
0.0,0.38717276
0.0,0.39500552
0.0,0.3904809
0.0,0.3689522
0.0,0.40644526
0.0,0.39532998
0.0,0.43092495
0.2478260869565218,0.4701114
0.2815126050420158,0.4335308
0.3076923076923066,0.50618905
0.3036437246963572,0.4117705
0.2955465587044532,0.34209502
0.287449392712551,0.4464813
0.2793522267206469,0.3581583
0.2914979757085021,0.41291213
0.336032388663968,0.4473436
0.4453441295546554,0.42450443
0.7736842105263193,0.34213322
0.757894736842097,0.4338409
0.7421052631578959,0.38345963
0.7421052631578959,0.40188232
0.7684210526315809,0.33227873
0.7736842105263193,0.42406413
0.8000000000000043,0.39174414
0.810526315789474,0.40510693
0.8000000000000043,0.46864015
0.757894736842097,0.37959644
0.7464788732394365,0.4243577
0.76056338028169,0.4098837
0.76056338028169,0.44414163
0.7605633802816905,0.37272558
0.7464788732394365,0.42266458
0.732394366197183,0.4518433
0.7183098591549295,0.4640292
0.6760563380281694,0.44324878
0.5492957746478875,0.40132418
0.464788732394366,0.45115173
0.0,0.34385595
0.0,0.42284173
0.0,0.3833709
0.0,0.38646334
0.0,0.39319977
0.0,0.39129683
0.0,0.36646798
0.0,0.40505308
0.0,0.39542744
0.0,0.43465036
0.2565217391304344,0.46967375
0.2815126050420158,0.43084067
0.3036437246963555,0.5097181
0.295546558704455,0.41274437
0.287449392712551,0.34196097
0.2793522267206487,0.44610867
0.2914979757085003,0.35811222
0.3360323886639698,0.41220093
0.4453441295546554,0.44679928
0.5384615384615401,0.42135894
0.7578947368421041,0.3470441
0.7421052631578959,0.43550542
0.7421052631578959,0.38670975
0.7684210526315809,0.40165505
0.7736842105263193,0.33380637
0.8000000000000043,0.42598453
0.810526315789474,0.39062166
0.8000000000000043,0.40291014
0.7578947368421041,0.46503806
0.7052631578947341,0.3821113
0.76056338028169,0.42511588
0.76056338028169,0.41062376
0.76056338028169,0.44697618
0.746478873239437,0.3712669
0.732394366197183,0.42067647
0.7183098591549295,0.45050856
0.676056338028169,0.4586307
0.5492957746478875,0.43861663
0.4647887323943664,0.4012439
0.4225352112676055,0.4495137
0.0,0.3464908
0.0,0.42306086
0.0,0.38499135
0.0,0.3853664
0.0,0.39243084
0.0,0.39169258
0.0,0.3671676
0.0,0.40378708
0.0,0.39522877
0.0,0.43589753
0.2565217391304344,0.4677158
0.2773109243697469,0.42699674
0.2955465587044532,0.5105734
0.2874493927125527,0.41436803
0.2793522267206469,0.34315664
0.2914979757085021,0.44498834
0.336032388663968,0.35994998
0.4453441295546554,0.413133
0.5384615384615383,0.44542477
0.5708502024291509,0.41861898
0.7421052631578959,0.35050952
0.7421052631578959,0.43587184
0.7684210526315809,0.3892062
0.7736842105263193,0.39996448
0.8000000000000043,0.3356347
0.8105263157894669,0.42724925
0.8000000000000043,0.39175487
0.7578947368421041,0.4004423
0.7052631578947341,0.4608897
0.6578947368421098,0.3847345
0.76056338028169,0.42477468
0.76056338028169,0.410939
0.7464788732394365,0.44801888
0.7323943661971835,0.37153012
0.7183098591549295,0.41728964
0.676056338028169,0.44966248
0.5492957746478875,0.45374435
0.4647887323943664,0.43371552
0.4225352112676059,0.40243253
0.309859154929577,0.44832882
0.0,0.3496844
0.0,0.42313454
0.0,0.38651657
0.0,0.38605914
0.0,0.39211243
0.0,0.392746
0.0,0.3691706
0.0,0.40104598
0.0,0.39728624
0.0,0.43643227
0.2521739130434799,0.46535745
0.2689075630252091,0.4242086
0.287449392712551,0.509641
0.2793522267206469,0.41456458
0.2914979757085021,0.34558326
0.336032388663968,0.4431971
0.4453441295546554,0.36269364
0.5384615384615401,0.41433948
0.5708502024291491,0.44440752
0.6882591093117405,0.4157776
0.7421052631578959,0.35334414
0.7684210526315809,0.43557605
0.7736842105263193,0.3919995
0.8000000000000043,0.39818388
0.810526315789474,0.3384013
0.8000000000000043,0.42606747
0.7578947368421041,0.39524627
0.7052631578947341,0.39820665
0.6578947368421026,0.45522743
0.6157894736842167,0.38616884
0.76056338028169,0.42436856
0.7464788732394365,0.4085028
0.732394366197183,0.44751513
0.7183098591549295,0.3732398
0.676056338028169,0.4134534
0.549295774647887,0.44779128
0.464788732394366,0.44934392
0.4225352112676059,0.4289145
0.3098591549295775,0.40445757
0.2816901408450705,0.44700015
0.0,0.35306442
0.0,0.42336872
0.0,0.38649172
0.0,0.38648465
0.0,0.39225498
0.0,0.3940102
0.0,0.37304753
0.0,0.39744887
0.0,0.4007256
0.0,0.4364913
0.2434782608695656,0.4605188
0.2605042016806713,0.41926533
0.2793522267206469,0.506541
0.2914979757085021,0.41459206
0.336032388663968,0.34934467
0.4453441295546554,0.4416209
0.5384615384615401,0.3655282
0.5708502024291526,0.41589984
0.6882591093117414,0.44319275
0.7327935222672055,0.4132922
