Actual,Predicted
0.2530120481927582,0.3589349
0.2409638554216968,0.40534508
0.2409638554216826,0.39763933
0.2771084337349379,0.41283688
0.3132530120481789,0.44514278
0.3855421686747036,0.3999342
0.4096385542168548,0.45142317
0.4698795180722754,0.41305912
0.5180722891566347,0.43262604
0.5180722891566347,0.3974488
0.6904761904761907,0.43030375
0.6904761904761907,0.44851908
0.666666666666667,0.4066311
0.6666666666666661,0.39986974
0.6904761904761907,0.41733634
0.6904761904761907,0.4396873
0.6190476190476195,0.3416544
0.5238095238095228,0.441039
0.4285714285714284,0.38873976
0.3571428571428572,0.39862132
0.0,0.40440714
0.0,0.4022031
0.0,0.4198951
0.0,0.3751263
0.0,0.34790635
0.0,0.37522358
0.0,0.4173402
0.0,0.40444216
0.0,0.4268844
0.0,0.40422156
0.4561403508771953,0.35173935
0.4649122807017534,0.41999552
0.4912280701754383,0.45856574
0.4824561403508767,0.4027374
0.4824561403508767,0.39120963
0.5,0.4337104
0.5526315789473699,0.4161642
0.6228070175438596,0.41908178
0.7017543859649109,0.44273585
0.8157894736842124,0.40141478
0.2409638554216968,0.35927948
0.2409638554216968,0.40552804
0.2771084337349379,0.39844394
0.3132530120481931,0.40854982
0.3855421686747178,0.4420615
0.409638554216869,0.39845794
0.4698795180722754,0.44897828
0.5180722891566205,0.41401213
0.5180722891566347,0.4333297
0.5180722891566347,0.39898616
0.6904761904761907,0.42874438
0.666666666666667,0.45171025
0.666666666666667,0.41117218
0.6904761904761898,0.39829972
0.6904761904761907,0.41654134
0.6190476190476195,0.4373417
0.5238095238095246,0.34112114
0.4285714285714279,0.442487
0.3571428571428572,0.3871526
0.2619047619047618,0.39765662
0.0,0.4025129
0.0,0.40095827
0.0,0.4198577
0.0,0.3757184
0.0,0.35088205
0.0,0.3726774
0.0,0.41752324
0.0,0.40495813
0.0,0.42482954
0.0,0.4061554
0.4649122807017569,0.35321587
0.4912280701754383,0.41744074
0.4824561403508838,0.45928442
0.4824561403508767,0.4050016
0.5,0.39291373
0.5526315789473699,0.43408465
0.6228070175438596,0.4198029
0.7017543859649145,0.42134118
0.8157894736842088,0.4411479
0.8859649122807021,0.40015164
0.2409638554216968,0.35948753
0.2771084337349521,0.4066089
0.3132530120481931,0.3993109
0.3855421686747036,0.4055174
0.4096385542168548,0.4401009
0.4698795180722754,0.39676124
0.5180722891566205,0.4462987
0.5180722891566205,0.4157754
0.5180722891566347,0.43326575
0.4819277108433653,0.3991763
0.6666666666666665,0.4285025
0.666666666666667,0.45317882
0.6904761904761907,0.41459104
0.6904761904761898,0.39718977
0.6190476190476191,0.415119
0.5238095238095242,0.4351575
0.4285714285714288,0.3402743
0.3571428571428567,0.44246358
0.2619047619047618,0.38613185
0.2380952380952381,0.3975759
0.0,0.40226406
0.0,0.3995346
0.0,0.41914868
0.0,0.3741995
0.0,0.35368645
0.0,0.37076706
0.0,0.41747165
0.0,0.40543804
0.0,0.42316076
0.0,0.40618512
0.4912280701754383,0.3536461
0.4824561403508767,0.41458467
0.4824561403508838,0.4588875
0.5,0.40715173
0.5526315789473699,0.39341828
0.622807017543856,0.43359703
0.7017543859649145,0.42245984
0.8157894736842053,0.42327845
0.8859649122807021,0.43887046
0.9035087719298254,0.39946926
0.2771084337349379,0.3590493
0.3132530120481931,0.4069914
0.3855421686746894,0.39972192
0.4096385542168548,0.40407288
0.4698795180722754,0.4393906
0.5180722891566347,0.3960675
0.5180722891566205,0.44496244
0.5180722891566205,0.41671702
0.4819277108433795,0.4338188
0.4819277108433653,0.3988499
0.6666666666666665,0.42808348
0.6904761904761907,0.45286036
0.6904761904761907,0.41626757
0.6190476190476177,0.39724505
0.5238095238095237,0.4141215
0.4285714285714288,0.43313086
0.3571428571428567,0.3396671
0.261904761904761,0.44180718
0.2380952380952381,0.38512048
0.3095238095238093,0.39807793
0.0,0.4014699
0.0,0.39894173
0.0,0.41931736
0.0,0.37269807
0.0,0.35542697
0.0,0.3706452
0.0,0.41738012
0.0,0.40585878
0.0,0.42280015
0.0,0.40588602
0.4824561403508767,0.35397908
0.4824561403508767,0.41250157
0.5,0.45821396
0.5526315789473628,0.40874672
0.622807017543856,0.39325577
0.7017543859649109,0.43306977
0.8157894736842088,0.42433566
0.8859649122807021,0.42465603
0.9035087719298254,0.43750408
0.8245614035087705,0.39879122
0.3132530120481789,0.35929137
0.3855421686747036,0.4074962
0.4096385542168548,0.39996353
0.4698795180722754,0.40453175
0.5180722891566347,0.43978077
0.5180722891566347,0.3958562
0.5180722891566205,0.4455629
0.4819277108433795,0.4176437
0.4819277108433795,0.43271488
0.5180722891566347,0.3988186
0.6904761904761907,0.42845622
0.6904761904761907,0.45124087
0.6190476190476195,0.41605872
0.5238095238095228,0.39745072
0.4285714285714284,0.41406512
0.3571428571428572,0.4318224
0.2619047619047627,0.3400816
0.2380952380952372,0.4401459
0.3095238095238093,0.38548386
0.4047619047619046,0.3988898
0.0,0.40135115
0.0,0.39867333
0.0,0.4192227
0.0,0.3706262
0.0,0.35641858
0.0,0.37270945
0.0,0.41658697
0.0,0.40639213
0.0,0.42359322
0.0,0.40592417
0.4824561403508767,0.35396874
0.5,0.41169068
0.5526315789473699,0.45777974
0.6228070175438596,0.40828326
0.7017543859649109,0.3923311
0.8157894736842124,0.43320093
0.8859649122807021,0.4245619
0.9035087719298184,0.42400527
0.824561403508774,0.43727422
0.8070175438596507,0.397722
0.3855421686747178,0.3598811
0.409638554216869,0.40803298
0.4698795180722754,0.40019062
0.5180722891566205,0.407195
0.5180722891566347,0.44086033
0.5180722891566347,0.39585942
0.4819277108433653,0.44764805
0.4819277108433795,0.41802236
0.5180722891566347,0.4308389
0.4216867469879588,0.39850172
0.6904761904761907,0.42955494
0.6190476190476195,0.44950813
0.5238095238095246,0.41435236
0.4285714285714279,0.3976456
0.3571428571428572,0.4152564
0.2619047619047618,0.43235987
0.2380952380952381,0.34138355
0.3095238095238084,0.43897763
0.4047619047619046,0.38665327
0.3571428571428572,0.40023604
0.0,0.40203282
0.0,0.39863873
0.0,0.41915247
0.0,0.36871967
0.0,0.35627204
0.0,0.37567008
0.0,0.416096
0.0,0.40603602
0.0,0.4247476
0.0,0.40588364
0.5,0.35274068
0.5526315789473699,0.41252524
0.6228070175438596,0.45768902
0.7017543859649145,0.40622768
0.8157894736842088,0.39108166
0.8859649122807021,0.43353885
0.9035087719298218,0.42313737
0.8245614035087669,0.4219788
0.8070175438596507,0.43799198
0.7543859649122773,0.39712077
0.4096385542168548,0.35953236
0.4698795180722754,0.40835974
0.5180722891566205,0.40017962
0.5180722891566205,0.4112132
0.5180722891566347,0.4424613
0.4819277108433653,0.3971235
0.4819277108433653,0.44993746
0.5180722891566205,0.4176149
0.4216867469879588,0.42898798
0.409638554216869,0.39758122
0.6190476190476191,0.4309068
0.5238095238095242,0.44751343
0.4285714285714288,0.4119391
0.3571428571428567,0.39798343
0.2619047619047618,0.4167375
0.2380952380952381,0.43414474
0.3095238095238102,0.34310216
0.4047619047619033,0.43915826
0.3571428571428572,0.38752446
0.4047619047619046,0.4013612
0.0,0.40190813
0.0,0.39925745
0.0,0.41886264
0.0,0.3673698
0.0,0.3552289
0.0,0.37874055
0.0,0.41456673
0.0,0.40409988
0.0,0.425783
0.0,0.4049388
0.5526315789473699,0.35085657
0.622807017543856,0.4139429
0.7017543859649145,0.45838237
0.8157894736842053,0.40383014
0.8859649122807021,0.39016816
0.9035087719298254,0.43379322
0.824561403508774,0.42096192
0.8070175438596507,0.41973284
0.7543859649122808,0.44002363
0.7280701754385959,0.39657992
0.4698795180722754,0.35909662
0.5180722891566347,0.40832177
0.5180722891566205,0.4014177
0.5180722891566205,0.41464502
0.4819277108433795,0.4436828
0.4819277108433653,0.39786032
0.5180722891566205,0.4511039
0.4216867469879588,0.41741416
0.4096385542168548,0.42715615
0.4819277108433653,0.39672077
0.5238095238095237,0.43131953
0.4285714285714288,0.4450367
0.3571428571428567,0.40985402
0.261904761904761,0.39813226
0.2380952380952381,0.41760397
0.3095238095238093,0.4359294
0.4047619047619051,0.344017
0.3571428571428567,0.43929496
0.4047619047619046,0.3883357
0.4047619047619046,0.40163818
0.0,0.40084073
0.0,0.39950606
0.0,0.41835403
0.0,0.36630422
0.0,0.35500318
0.0,0.381945
0.0,0.41331512
0.0,0.40362975
0.0,0.42713886
0.0,0.40319666
0.622807017543856,0.34957418
0.7017543859649109,0.41464248
0.8157894736842088,0.458405
0.8859649122807021,0.40226674
0.9035087719298254,0.38930094
0.8245614035087705,0.43372476
0.8070175438596543,0.4190025
0.7543859649122808,0.4178106
0.7280701754385959,0.44169143
0.7017543859649109,0.39683658
0.5180722891566347,0.3584728
0.5180722891566347,0.40762955
0.5180722891566205,0.40204462
0.4819277108433795,0.41566467
0.4819277108433795,0.44394282
0.5180722891566347,0.39786226
0.4216867469879446,0.45109612
0.4096385542168548,0.4180209
0.4819277108433795,0.42691052
0.6024096385542208,0.39593038
0.4285714285714284,0.430487
0.3571428571428572,0.44330704
0.2619047619047627,0.4089653
0.2380952380952372,0.39766383
0.3095238095238093,0.41682738
0.4047619047619046,0.43686223
0.3571428571428567,0.3444373
0.4047619047619033,0.43843964
0.4047619047619046,0.38972
0.5476190476190474,0.40167043
0.0,0.40029636
0.0,0.3993265
0.0,0.41687185
0.0,0.36586145
0.0,0.35572833
0.0,0.38420525
0.0,0.41240972
0.0,0.40351072
0.0,0.42841217
0.0,0.4016654
0.7017543859649109,0.3497492
0.8157894736842124,0.41412354
0.8859649122807021,0.45826927
0.9035087719298184,0.4021639
0.824561403508774,0.38831288
0.8070175438596507,0.43298644
0.7543859649122808,0.4184822
0.7280701754385959,0.41670734
0.7017543859649109,0.44214606
0.622807017543856,0.3980226
0.5180722891566347,0.35775182
0.5180722891566347,0.4068896
0.4819277108433653,0.40242478
0.4819277108433795,0.41480342
0.5180722891566347,0.44293147
0.4216867469879588,0.3975674
0.4096385542168548,0.45008337
0.4819277108433795,0.41902715
0.6024096385542208,0.42725244
0.6626506024096273,0.39426053
0.3571428571428572,0.42851976
0.2619047619047618,0.44152305
0.2380952380952381,0.4084548
0.3095238095238084,0.39750174
0.4047619047619046,0.41619045
0.3571428571428572,0.437434
0.4047619047619051,0.3432138
0.4047619047619033,0.4396063
0.5476190476190474,0.39091375
0.5952380952380953,0.40122062
0.0,0.39957887
0.0,0.39758012
0.0,0.41391736
0.0,0.36577094
0.0,0.35667634
0.0,0.3857541
0.0,0.41094175
0.0,0.40278304
0.0,0.42918536
0.0,0.39956385
0.8157894736842088,0.35006148
0.8859649122807021,0.4133475
0.9035087719298218,0.45819578
0.8245614035087669,0.40387422
0.8070175438596507,0.38756543
0.7543859649122773,0.432447
0.7280701754385923,0.41815263
0.7017543859649145,0.41614226
0.622807017543856,0.4420219
0.6052631578947398,0.39956018
0.5180722891566347,0.3566807
0.4819277108433653,0.4060251
0.4819277108433653,0.4029972
0.5180722891566205,0.41278058
0.4216867469879588,0.44081557
0.409638554216869,0.39608967
0.4819277108433653,0.44738197
0.6024096385542208,0.4197959
0.6626506024096415,0.4277138
0.7349397590361377,0.3922228
0.2619047619047618,0.4266918
0.2380952380952381,0.44071013
0.3095238095238102,0.4083911
0.4047619047619033,0.39644733
0.3571428571428572,0.41512927
0.4047619047619046,0.4375676
0.4047619047619051,0.34078154
0.5476190476190466,0.4408367
0.5952380952380953,0.39237395
0.5952380952380953,0.40146667
0.0,0.3987617
0.0,0.39509723
0.0,0.4108412
0.0,0.3645237
0.0,0.35836923
0.0,0.3867713
0.0,0.40863615
0.0,0.4018823
0.0,0.42898265
0.0,0.3976468
0.8859649122807021,0.35017753
0.9035087719298254,0.41239128
0.824561403508774,0.458019
0.8070175438596507,0.40587404
0.7543859649122808,0.38743192
0.7280701754385959,0.43245968
0.7017543859649145,0.4176373
0.6228070175438596,0.41520166
0.6052631578947398,0.4408115
0.6140350877192979,0.40026847
0.4819277108433795,0.35468888
0.4819277108433653,0.40495843
0.5180722891566205,0.402962
0.4216867469879588,0.4093278
0.4096385542168548,0.43857104
0.4819277108433653,0.39406848
0.6024096385542066,0.4440755
0.6626506024096415,0.42120194
0.7349397590361377,0.4286671
0.819277108433738,0.3893624
0.2380952380952381,0.42532817
0.3095238095238093,0.44138476
0.4047619047619051,0.40895003
0.3571428571428567,0.39558747
0.4047619047619046,0.4139965
0.4047619047619046,0.4363009
0.5476190476190474,0.3383437
0.5952380952380949,0.44202685
0.5952380952380953,0.39317983
0.714285714285714,0.40170285
0.0,0.39815325
0.0,0.39179102
0.0,0.40856433
0.0,0.36324084
0.0,0.36005443
0.0,0.38539332
0.0,0.40633133
0.0,0.4014549
0.0,0.4281369
0.0,0.3953858
0.9035087719298254,0.35078973
0.8245614035087705,0.410478
0.8070175438596543,0.45762008
0.7543859649122808,0.4087841
0.7280701754385959,0.38752174
0.7017543859649109,0.43204945
0.6228070175438596,0.4179325
0.6052631578947363,0.41584864
0.6140350877192979,0.43898907
0.5087719298245617,0.40062496
0.4819277108433795,0.35247216
0.5180722891566347,0.40388387
0.4216867469879446,0.40290615
0.4096385542168548,0.40407443
0.4819277108433795,0.43562022
0.6024096385542208,0.39126968
0.6626506024096273,0.44004363
0.7349397590361377,0.42408925
0.819277108433738,0.43145838
0.90361445783131,0.3866598
0.3095238095238093,0.42417422
0.4047619047619046,0.44240642
0.3571428571428567,0.41011173
0.4047619047619033,0.39302045
0.4047619047619046,0.41267872
0.5476190476190474,0.4341009
0.5952380952380949,0.335763
0.5952380952380949,0.44227424
0.7142857142857144,0.3947252
0.7619047619047619,0.4031793
0.0,0.39830106
0.0,0.38805366
0.0,0.40601674
0.0,0.36215886
0.0,0.36254126
0.0,0.38340214
0.0,0.40446073
0.0,0.40169188
0.0,0.426838
0.0,0.39352524
0.824561403508774,0.3527354
0.8070175438596507,0.40734327
0.7543859649122808,0.45726013
0.7280701754385959,0.41214833
0.7017543859649109,0.38615698
0.622807017543856,0.43173873
0.6052631578947363,0.41920045
0.6140350877192979,0.41712874
0.5087719298245617,0.43579698
0.4912280701754383,0.40159392
0.5180722891566347,0.3512722
0.4216867469879588,0.40249944
0.4096385542168548,0.40146843
0.4819277108433795,0.40051267
0.6024096385542208,0.43434757
0.6626506024096273,0.39030722
0.7349397590361377,0.43727994
0.8192771084337238,0.42619428
0.903614457831324,0.43391806
0.90361445783131,0.38450995
0.4047619047619046,0.42430308
0.3571428571428572,0.44428372
0.4047619047619051,0.41177925
0.4047619047619033,0.39092085
0.5476190476190474,0.41170704
0.5952380952380953,0.43385792
0.5952380952380949,0.33209318
0.7142857142857144,0.4431987
0.7619047619047619,0.397126
0.7380952380952381,0.40345082
0.0,0.40070844
0.0,0.38536373
0.0,0.4031071
0.0,0.3611656
0.0,0.36260614
0.0,0.38055402
0.0,0.40439206
0.0,0.4012474
0.0,0.4277024
0.0,0.3914365
0.8070175438596507,0.35269934
0.7543859649122773,0.40671366
0.7280701754385923,0.45792732
0.7017543859649145,0.4144588
0.622807017543856,0.38383546
0.6052631578947398,0.43076077
0.6140350877193015,0.42003298
0.5087719298245545,0.4190991
0.4912280701754383,0.43450302
0.5175438596491233,0.4020281
0.4216867469879588,0.35005453
0.409638554216869,0.4025637
0.4819277108433653,0.4008612
0.6024096385542208,0.39895576
0.6626506024096415,0.43295193
0.7349397590361377,0.39053765
0.819277108433738,0.4342129
0.903614457831324,0.42730027
0.903614457831324,0.43538722
0.8072289156626482,0.382486
0.3571428571428572,0.4252015
0.4047619047619046,0.44548133
0.4047619047619051,0.41170374
0.5476190476190466,0.38999212
0.5952380952380953,0.41041073
0.5952380952380953,0.43479365
0.7142857142857153,0.32937133
0.761904761904761,0.44539973
0.7380952380952381,0.3988987
0.666666666666667,0.40367955
0.0,0.4032182
0.0,0.38383514
0.0,0.39960027
0.0,0.36086887
0.0,0.36075735
0.0,0.37817708
0.0,0.4049461
0.0,0.39931905
0.0,0.42844707
0.0,0.38925213
0.7543859649122808,0.35107028
0.7280701754385959,0.4072698
0.7017543859649145,0.4591249
0.6228070175438596,0.41644636
0.6052631578947398,0.38126045
0.6140350877192979,0.42942291
0.5087719298245617,0.41904244
0.4912280701754383,0.41967028
0.5175438596491233,0.43413967
0.5350877192982466,0.40313908
0.4096385542168548,0.35083935
0.4819277108433653,0.40302715
0.6024096385542066,0.40060514
0.6626506024096415,0.39774275
0.7349397590361377,0.43343028
0.819277108433738,0.391301
0.90361445783131,0.43290123
0.903614457831324,0.42754537
0.8072289156626624,0.43578476
0.7349397590361377,0.38312912
0.4047619047619046,0.42694077
0.4047619047619046,0.44456223
0.5476190476190474,0.40988564
0.5952380952380949,0.39020523
0.5952380952380953,0.410546
0.714285714285714,0.43475807
0.7619047619047619,0.3271228
0.7380952380952372,0.4469806
0.6666666666666665,0.3999208
0.6904761904761907,0.40409917
0.0,0.40597844
0.0,0.3842957
0.0,0.39809185
0.0,0.36178246
0.0,0.3577196
0.0,0.3773412
0.0,0.40546843
0.0,0.39846644
0.0,0.42867464
0.0,0.38764718
0.7280701754385959,0.35079348
0.7017543859649109,0.40927354
0.6228070175438596,0.45775533
0.6052631578947363,0.41673496
0.6140350877192979,0.37910327
0.5087719298245617,0.42903423
0.4912280701754383,0.41779166
0.5175438596491233,0.41965884
0.5350877192982431,0.43353516
0.5087719298245617,0.40417078
0.4819277108433795,0.35279265
0.6024096385542208,0.4040924
0.6626506024096273,0.39918467
0.7349397590361377,0.39602712
0.819277108433738,0.43228158
0.90361445783131,0.3921748
0.90361445783131,0.43075192
0.8072289156626624,0.42793608
0.7349397590361377,0.43688017
0.6144578313252964,0.38356352
0.4047619047619046,0.4282638
0.5476190476190474,0.44279346
0.5952380952380949,0.4089679
0.5952380952380949,0.39028022
0.7142857142857144,0.41049707
0.7619047619047619,0.43393123
0.7380952380952381,0.3259046
0.6666666666666661,0.44806466
0.6904761904761907,0.40206856
0.714285714285714,0.40369755
0.0,0.4096202
0.0,0.38422924
0.0,0.39599875
0.0,0.36352628
0.0,0.3547844
0.0,0.37637538
0.0,0.40697816
0.0,0.3978464
0.0,0.4287946
0.0,0.3862578
0.7017543859649109,0.35142383
0.622807017543856,0.410792
0.6052631578947363,0.45535842
0.6140350877192979,0.41752514
0.5087719298245617,0.37660244
0.4912280701754383,0.4283063
0.5175438596491269,0.41627136
0.5350877192982395,0.41953346
0.5087719298245617,0.4318806
0.4824561403508767,0.40586686
0.6024096385542208,0.3568179
0.6626506024096273,0.40613765
0.7349397590361377,0.39783102
0.8192771084337238,0.39751092
0.903614457831324,0.43355688
0.90361445783131,0.39364344
0.8072289156626482,0.43290237
0.7349397590361377,0.42685416
0.6144578313252964,0.43616974
0.5180722891566347,0.38555992
0.5476190476190474,0.4312587
0.5952380952380953,0.4425176
0.5952380952380949,0.40645266
0.7142857142857144,0.39189076
0.7619047619047619,0.41264427
0.7380952380952381,0.43380892
0.666666666666667,0.32569078
0.6904761904761898,0.45039085
0.7142857142857144,0.40245914
0.8095238095238093,0.40412518
0.0,0.41256207
0.0,0.3854753
0.0,0.39814347
0.0,0.36421245
0.0,0.35124198
0.0,0.37582934
0.0,0.40868396
0.0,0.39786962
0.0,0.42861187
0.0,0.38688692
0.622807017543856,0.3501796
0.6052631578947398,0.41360366
0.6140350877193015,0.45428646
0.5087719298245545,0.41692924
0.4912280701754383,0.3754839
0.5175438596491233,0.42842552
0.5350877192982466,0.41362613
0.5087719298245545,0.418682
0.4824561403508767,0.4300032
0.3684210526315787,0.40646306
0.6626506024096415,0.35982203
0.7349397590361377,0.40758973
0.819277108433738,0.39729112
0.903614457831324,0.40009943
0.903614457831324,0.43519676
0.8072289156626482,0.39415753
0.7349397590361377,0.43571657
0.6144578313252964,0.4241287
0.5180722891566347,0.43488187
0.4939759036144693,0.38648748
0.5952380952380953,0.43336663
0.5952380952380953,0.4452168
0.7142857142857153,0.40560025
0.761904761904761,0.3930284
0.7380952380952381,0.41436595
0.666666666666667,0.43502554
0.6904761904761907,0.32634696
0.7142857142857144,0.4538938
0.8095238095238098,0.40200213
0.8809523809523809,0.40403658
0.0,0.41375336
0.0,0.38539582
0.0,0.4008272
0.0,0.36417496
0.0,0.34754294
0.0,0.37429783
0.0,0.41003844
0.0,0.39608616
0.0,0.42820755
0.0,0.38731065
0.6052631578947398,0.34756324
0.6140350877192979,0.41603205
0.5087719298245617,0.45570844
0.4912280701754383,0.4165576
0.5175438596491233,0.37600473
0.5350877192982466,0.42768922
0.5087719298245617,0.41053873
0.4824561403508767,0.41692254
0.3684210526315787,0.42936468
0.2807017543859658,0.40564737
0.7349397590361377,0.3624367
0.819277108433738,0.4090363
0.90361445783131,0.39585203
0.903614457831324,0.40528476
0.8072289156626624,0.43981817
0.7349397590361377,0.39372686
0.6144578313252964,0.44113392
0.5180722891566205,0.42143023
0.4939759036144551,0.43328914
0.6144578313252964,0.38780382
0.5952380952380953,0.43590325
0.714285714285714,0.44676661
0.7619047619047619,0.40422893
0.7380952380952372,0.39239332
0.6666666666666665,0.4186999
0.6904761904761907,0.4361349
0.7142857142857153,0.32572162
0.8095238095238084,0.45723665
0.8809523809523809,0.39883256
0.9285714285714288,0.4019234
0.0,0.41666704
0.0,0.38563353
0.0,0.40421322
0.0,0.36250228
0.0,0.34202746
0.0,0.3710108
0.0,0.4115897
0.0,0.39528447
0.0,0.4266286
0.0,0.38921624
0.6140350877192979,0.34376943
0.5087719298245617,0.41995382
0.4912280701754383,0.45857596
0.5175438596491233,0.41374338
0.5350877192982431,0.3770484
0.5087719298245617,0.42546564
0.4824561403508838,0.40541765
0.3684210526315787,0.41693056
0.2807017543859658,0.42875463
0.2192982456140377,0.40586236
0.819277108433738,0.36188406
0.90361445783131,0.4088679
0.90361445783131,0.39459696
0.8072289156626624,0.4083631
0.7349397590361377,0.44637996
0.6144578313252964,0.39366034
0.5180722891566205,0.4482383
0.4939759036144551,0.41966823
0.6144578313252964,0.43413362
0.6265060240963862,0.38929653
0.7142857142857144,0.43607867
0.7619047619047619,0.44987994
0.7380952380952381,0.40429723
0.6666666666666661,0.39171004
0.6904761904761907,0.42135915
0.714285714285714,0.4374614
0.8095238095238093,0.32545117
0.8809523809523805,0.45607615
0.9285714285714288,0.3950054
0.9523809523809526,0.40024406
0.0,0.41772273
0.0,0.3868267
0.0,0.4090162
0.0,0.3628667
0.0,0.33827168
0.0,0.3675508
0.0,0.41227746
0.0,0.3957972
0.0,0.42783225
0.0,0.39335707
0.5087719298245617,0.34339008
0.4912280701754383,0.42099494
0.5175438596491269,0.46399269
0.5350877192982395,0.4112292
0.5087719298245617,0.3777374
0.4824561403508767,0.4246158
0.3684210526315787,0.4044293
0.2807017543859658,0.41822347
0.2192982456140377,0.431291
0.2192982456140377,0.40635905
0.903614457831324,0.3592385
0.90361445783131,0.40884933
0.8072289156626482,0.39321238
0.7349397590361377,0.41133144
0.6144578313252964,0.45101058
0.5180722891566347,0.3941877
0.4939759036144551,0.45362663
0.6144578313252964,0.41923317
0.6265060240963862,0.43625072
0.6626506024096273,0.38926798
0.7619047619047619,0.43757263
0.7380952380952381,0.45397595
0.666666666666667,0.40536058
0.6904761904761898,0.39100456
0.7142857142857144,0.42239842
0.8095238095238093,0.43928933
0.8809523809523814,0.32404387
0.928571428571428,0.45575204
0.9523809523809526,0.39274755
0.8095238095238093,0.39859447
0.0,0.4168644
0.0,0.38776118
0.0,0.4128852
0.0,0.36135265
0.0,0.33615655
0.0,0.36482882
0.0,0.4126158
0.0,0.39627403
0.0,0.42933804
0.0,0.39624414
0.4912280701754383,0.34166038
0.5175438596491233,0.42166203
0.5350877192982466,0.4701191
0.5087719298245545,0.40989414
0.4824561403508767,0.37858316
0.3684210526315787,0.4263737
0.2807017543859658,0.4054968
0.2192982456140342,0.41930002
0.2192982456140377,0.43428305
0.3771929824561439,0.40623057
0.903614457831324,0.356552
0.8072289156626482,0.40963924
0.7349397590361377,0.39219666
0.6144578313252964,0.41615713
0.5180722891566347,0.45513788
0.4939759036144693,0.3951027
0.6144578313252964,0.45804283
0.6265060240963862,0.41791704
0.6626506024096415,0.43660873
0.6746987951807313,0.38772634
0.7380952380952381,0.44057053
0.666666666666667,0.4567713
0.6904761904761907,0.40499857
0.7142857142857144,0.39131668
0.8095238095238098,0.42454186
0.8809523809523809,0.4425938
0.928571428571428,0.32170615
0.9523809523809516,0.4578712
0.8095238095238098,0.39109793
0.5,0.3958468
0.0,0.41601142
0.0,0.38913044
0.0,0.41514948
0.0,0.3591752
0.0,0.33288145
0.0,0.36247224
0.0,0.41278306
0.0,0.39484793
0.0,0.4301548
0.0,0.39741543
0.5175438596491233,0.33735326
0.5350877192982466,0.42438522
0.5087719298245617,0.47617576
0.4824561403508767,0.40825915
0.3684210526315787,0.38057393
0.2807017543859658,0.42851067
0.2192982456140377,0.403803
0.2192982456140342,0.4197697
0.3771929824561439,0.43721414
0.6315789473684212,0.40574822
0.8072289156626624,0.3524008
0.7349397590361377,0.4106208
0.6144578313252964,0.39200297
0.5180722891566205,0.41991717
0.4939759036144551,0.4574064
0.6144578313252964,0.39453775
0.626506024096372,0.46102494
0.6626506024096415,0.41640496
0.6746987951807171,0.43753058
0.590361445783131,0.38745847
0.6666666666666665,0.44298133
0.6904761904761907,0.46072942
0.7142857142857153,0.40743306
0.8095238095238084,0.39086184
0.8809523809523809,0.42575336
0.9285714285714288,0.44479066
0.9523809523809526,0.31934035
0.8095238095238084,0.45930734
0.5,0.38857266
0.3571428571428572,0.3925827
0.0,0.4147746
0.0,0.39134854
0.0,0.41700733
0.0,0.3581124
0.0,0.32963514
0.0,0.36063537
0.0,0.4144389
0.0,0.39305314
0.0,0.4294667
0.0,0.39904445
0.5350877192982431,0.33326033
0.5087719298245617,0.4264121
0.4824561403508838,0.4811384
0.3684210526315787,0.4056486
0.2807017543859658,0.3840839
0.2192982456140377,0.43025425
0.2192982456140377,0.4048818
0.3771929824561333,0.42076468
0.6315789473684248,0.44072887
0.7456140350877192,0.40474677
0.7349397590361377,0.3491615
0.6144578313252964,0.4117383
0.5180722891566205,0.39087427
0.4939759036144551,0.41932902
0.6144578313252964,0.45824707
0.6265060240963862,0.39311996
0.6626506024096273,0.46176603
0.6746987951807171,0.4174783
0.5903614457831168,0.43985116
0.5180722891566347,0.38855055
0.6904761904761907,0.44396698
0.714285714285714,0.4629357
0.8095238095238093,0.41164857
0.8809523809523805,0.38877386
0.9285714285714288,0.42480108
0.9523809523809526,0.4435467
0.8095238095238093,0.3166141
0.5,0.45939586
0.3571428571428572,0.38629958
0.2619047619047618,0.3902983
0.0,0.4146092
0.0,0.3923396
0.0,0.41842926
0.0,0.3569352
0.0,0.32758254
0.0,0.35806525
0.0,0.41604564
0.0,0.39348286
0.0,0.4282545
0.0,0.401434
0.5087719298245617,0.33311665
0.4824561403508767,0.42542684
0.3684210526315787,0.48328704
0.2807017543859658,0.40614033
0.2192982456140377,0.386432
0.2192982456140377,0.43125504
0.3771929824561404,0.40819794
0.6315789473684212,0.42299336
0.7456140350877192,0.44216204
0.8508771929824555,0.40395495
0.6144578313252964,0.3462261
0.5180722891566347,0.4119265
0.4939759036144551,0.39029917
0.6144578313252964,0.41739768
0.6265060240963862,0.45719436
0.6626506024096273,0.39204836
0.6746987951807171,0.46048015
0.5903614457831168,0.41845542
0.5180722891566347,0.4415947
0.457831325301214,0.38903156
0.7142857142857144,0.4432907
0.8095238095238093,0.46547192
0.8809523809523814,0.41647047
0.928571428571428,0.38674045
0.9523809523809526,0.4237365
0.8095238095238093,0.44217288
0.5000000000000009,0.31541547
0.3571428571428567,0.45990893
0.2619047619047618,0.3851546
0.2619047619047618,0.38777125
0.0,0.4129794
0.0,0.39207575
0.0,0.41864896
0.0,0.35718063
0.0,0.3279003
0.0,0.3565335
0.0,0.4172574
0.0,0.39327094
0.0,0.42653254
0.0,0.40342456
0.4824561403508767,0.33436254
0.3684210526315787,0.4227473
0.2807017543859658,0.48478305
0.2192982456140342,0.40708277
0.2192982456140377,0.38921145
0.3771929824561439,0.43202084
0.6315789473684248,0.41271248
0.7456140350877192,0.42522663
0.850877192982459,0.4433726
0.8508771929824555,0.40322125
0.5180722891566347,0.34450194
0.4939759036144693,0.41142255
0.6144578313252964,0.38944846
0.6265060240963862,0.41384366
0.6626506024096415,0.45524487
0.6746987951807313,0.39158267
0.590361445783131,0.45892027
0.5180722891566205,0.41985622
0.4578313253011998,0.44245064
0.3975903614457792,0.38930738
0.8095238095238098,0.4414788
0.8809523809523809,0.4678861
0.928571428571428,0.42017055
0.9523809523809516,0.38621703
0.8095238095238098,0.42189702
0.5,0.43982294
0.3571428571428567,0.31561387
0.261904761904761,0.46020982
0.2619047619047618,0.38519132
0.1190476190476186,0.38567334
0.0,0.41078153
0.0,0.391257
0.0,0.4183686
0.0,0.35783216
0.0,0.32993728
0.0,0.3552333
0.0,0.41789755
0.0,0.3932711
0.0,0.4258383
0.0,0.40406367
0.3684210526315787,0.33610898
0.2807017543859658,0.41925666
0.2192982456140377,0.48466772
0.2192982456140342,0.40931338
0.3771929824561439,0.39114428
0.6315789473684212,0.4327897
0.7456140350877227,0.4177458
0.8508771929824555,0.4277796
0.850877192982459,0.4436748
0.9649122807017498,0.40266138
0.4939759036144551,0.34441608
0.6144578313252964,0.41037223
0.626506024096372,0.3898032
0.6626506024096415,0.41040885
0.6746987951807171,0.45467505
0.590361445783131,0.39078456
0.5180722891566205,0.45751366
0.4578313253011998,0.42050257
0.3975903614457792,0.44315612
0.3132530120481931,0.3906352
0.8809523809523809,0.4403732
0.9285714285714288,0.47112167
0.9523809523809526,0.42427418
0.8095238095238084,0.38609472
0.5,0.41958028
0.3571428571428572,0.43768245
0.2619047619047627,0.3139345
0.261904761904761,0.45957488
0.1190476190476186,0.38332096
0.0,0.3844425
0.0,0.40895292
0.0,0.39077833
0.0,0.41893706
0.0,0.35633492
0.0,0.33088294
0.0,0.35192284
0.0,0.4194445
0.0,0.39417374
0.0,0.4258418
0.0,0.40432644
0.2807017543859658,0.33690104
0.2192982456140377,0.41660658
0.2192982456140377,0.48365754
0.3771929824561333,0.4114287
0.6315789473684248,0.39236945
0.7456140350877192,0.4337257
0.850877192982459,0.4226013
0.8508771929824555,0.4311102
0.9649122807017534,0.44290602
1.061403508771928,0.40095186
0.6144578313252964,0.3457097
0.6265060240963862,0.41017216
0.6626506024096273,0.389608
0.6746987951807171,0.4097306
0.5903614457831168,0.4551667
0.5180722891566347,0.3891056
0.4578313253011998,0.45767236
0.3975903614457792,0.42026255
0.3132530120481789,0.44497192
0.2891566265060135,0.39213294
0.9285714285714288,0.4406249
0.9523809523809526,0.4730091
0.8095238095238093,0.42726797
0.5,0.3853761
0.3571428571428572,0.41817462
0.2619047619047618,0.43675107
0.2619047619047627,0.31251746
0.1190476190476177,0.4582676
0.0,0.38012183
0.2142857142857144,0.38535342
0.0,0.4082298
0.0,0.39153278
0.0,0.42131338
0.0,0.3537903
0.0,0.33113995
0.0,0.3488723
0.0,0.42204025
0.0,0.39701703
0.0,0.42548838
0.0,0.4058731
0.2192982456140377,0.33607376
0.2192982456140377,0.41580814
0.3771929824561404,0.48326847
0.6315789473684212,0.41221568
0.7456140350877192,0.3922704
0.8508771929824555,0.43425715
0.850877192982459,0.4248325
0.9649122807017568,0.4339784
1.061403508771928,0.441504
0.9122807017543836,0.39988533
0.6265060240963862,0.345505
0.6626506024096273,0.41108403
0.6746987951807171,0.39017013
0.5903614457831168,0.41181603
0.5180722891566347,0.4562767
0.457831325301214,0.38973764
0.3975903614457792,0.45911118
0.3132530120481931,0.42038387
0.2891566265060135,0.44585896
0.1807228915662619,0.3930806
0.9523809523809526,0.44220966
0.8095238095238093,0.47345334
0.5000000000000009,0.42700884
0.3571428571428567,0.3859811
0.2619047619047618,0.41759875
0.2619047619047618,0.43709674
0.1190476190476195,0.31355408
0.0,0.45535478
0.2142857142857144,0.37790546
0.2380952380952381,0.3884027
0.0,0.40655455
0.0,0.39323658
0.0,0.42357284
0.0,0.3516876
0.0,0.33204544
0.0,0.3491777
0.0,0.42295897
0.0,0.39806095
0.0,0.4266749
0.0,0.40707392
0.2192982456140377,0.33413982
0.3771929824561439,0.4156525
0.6315789473684248,0.48459527
0.7456140350877192,0.4115479
0.850877192982459,0.39101002
0.8508771929824555,0.43526116
0.9649122807017568,0.42638445
1.0614035087719245,0.4339785
0.912280701754387,0.44199222
0.9035087719298254,0.39848432
0.6626506024096415,0.34655118
0.6746987951807313,0.4117559
0.590361445783131,0.3918043
0.5180722891566205,0.4162476
0.4578313253011998,0.45752653
0.3975903614457792,0.39100182
0.3132530120481931,0.46014458
0.2891566265060135,0.42104325
0.1807228915662762,0.44387388
0.2530120481927724,0.39356658
0.8095238095238098,0.44398177
0.5,0.46910912
0.3571428571428567,0.42375767
0.261904761904761,0.38688618
0.2619047619047618,0.41842967
0.1190476190476186,0.43806845
0.0,0.31575564
0.2142857142857144,0.45321417
0.2380952380952381,0.37820897
0.4047619047619046,0.39172935
0.0,0.40603602
0.0,0.39477393
0.0,0.42378134
0.0,0.34933904
0.0,0.33212638
0.0,0.35359582
0.0,0.42277732
0.0,0.39849544
0.0,0.42799777
0.0,0.40658727
0.3771929824561439,0.33196074
0.6315789473684212,0.41804153
0.7456140350877227,0.48364633
0.8508771929824555,0.40844074
0.850877192982459,0.3884598
0.9649122807017498,0.43593416
1.061403508771928,0.42403933
0.912280701754387,0.43088296
0.9035087719298254,0.44332588
0.7543859649122773,0.39737046
0.6746987951807171,0.3477546
0.590361445783131,0.41295984
0.5180722891566205,0.3942944
0.4578313253011998,0.4230775
0.3975903614457792,0.4589619
0.3132530120481931,0.39363632
0.2891566265060135,0.46094435
0.1807228915662762,0.42047873
0.2530120481927582,0.4402313
0.2530120481927724,0.39320347
0.5,0.4469353
0.3571428571428572,0.4609585
0.2619047619047627,0.41902283
0.261904761904761,0.38820878
0.1190476190476186,0.42024776
0.0,0.44047323
0.2142857142857144,0.31852776
0.2380952380952372,0.4506255
0.4047619047619046,0.38002005
0.5,0.39508644
0.0,0.4073253
0.0,0.3972159
0.0,0.42289764
0.0,0.34865677
0.0,0.33115405
0.0,0.36078638
0.0,0.42204374
0.0,0.39751014
0.0,0.42845446
0.0,0.40556195
0.6315789473684248,0.3304613
0.7456140350877192,0.42295554
0.850877192982459,0.4818558
0.8508771929824555,0.4030307
0.9649122807017534,0.38654876
1.061403508771928,0.43614936
0.912280701754387,0.41873595
0.9035087719298184,0.4260088
0.7543859649122808,0.44609272
0.6666666666666643,0.3961702
0.5903614457831168,0.34838486
0.5180722891566347,0.41315147
0.4578313253011998,0.39630848
0.3975903614457792,0.42564198
0.3132530120481789,0.457074
0.2891566265060135,0.3944888
0.1807228915662619,0.45898756
0.2530120481927582,0.42104822
0.2530120481927582,0.435651
0.3373493975903727,0.39143708
0.3571428571428572,0.44607612
0.2619047619047618,0.4565034
0.2619047619047627,0.41726053
0.1190476190476177,0.39148867
0.0,0.42051584
0.2142857142857144,0.44067058
0.2380952380952381,0.32430962
0.4047619047619033,0.4482697
0.5,0.38236126
0.6190476190476195,0.39536342
0.0,0.40500787
0.0,0.39640263
0.0,0.42049637
0.0,0.3496152
0.0,0.3339747
0.0,0.36756867
0.0,0.41989267
0.0,0.39694935
0.0,0.42859846
0.0,0.40414077
0.7456140350877192,0.33234012
0.8508771929824555,0.42088845
0.850877192982459,0.4806429
0.9649122807017568,0.4012429
1.061403508771928,0.38820064
0.9122807017543836,0.43598565
0.9035087719298218,0.41610366
0.7543859649122808,0.42231274
0.6666666666666679,0.44796443
0.5438596491228083,0.39560843
0.5180722891566347,0.34905666
0.457831325301214,0.41161075
0.3975903614457792,0.39660946
0.3132530120481931,0.4224582
0.2891566265060135,0.4523268
0.1807228915662619,0.39295334
0.2530120481927724,0.45411998
0.2530120481927582,0.42248052
0.3373493975903585,0.43431258
0.3975903614457792,0.38993326
0.2619047619047618,0.441133
0.2619047619047618,0.4534268
0.1190476190476195,0.4177181
0.0,0.39216697
0.2142857142857144,0.41757104
0.2380952380952381,0.43819517
0.4047619047619051,0.3278
0.5,0.44371504
0.6190476190476191,0.38568264
0.714285714285714,0.39500746
0.0,0.40102863
0.0,0.39330077
0.0,0.41837895
0.0,0.34974134
0.0,0.3423039
0.0,0.37283367
0.0,0.4169311
0.0,0.39889708
0.0,0.42861423
0.0,0.4029375
0.850877192982459,0.33748525
0.8508771929824555,0.41526654
0.9649122807017568,0.47738
1.0614035087719245,0.40362316
0.912280701754387,0.3908668
0.9035087719298254,0.43632928
0.7543859649122808,0.41820946
0.6666666666666607,0.42042983
0.5438596491228118,0.44500017
0.4736842105263186,0.39494798
0.4578313253011998,0.34918052
0.3975903614457792,0.40909106
0.3132530120481931,0.39627922
0.2891566265060135,0.41827285
0.1807228915662762,0.44754696
0.2530120481927724,0.38890925
0.2530120481927724,0.44791922
0.3373493975903585,0.42285228
0.3975903614457792,0.43450984
0.5662650602409656,0.38758212
0.2619047619047618,0.43646133
0.1190476190476186,0.45274946
0.0,0.4193308
0.2142857142857144,0.391896
0.2380952380952381,0.4157154
0.4047619047619046,0.43556318
0.5000000000000009,0.3283979
0.6190476190476177,0.44247568
0.7142857142857144,0.38789397
0.7380952380952381,0.39454827
0.0,0.39790276
0.0,0.38853067
0.0,0.41595173
0.0,0.34900856
0.0,0.34947446
0.0,0.37414938
0.0,0.4142199
0.0,0.3998868
0.0,0.42670724
0.0,0.40059718
0.850877192982459,0.3405252
0.9649122807017498,0.41061974
1.061403508771928,0.4731119
0.912280701754387,0.4071035
0.9035087719298254,0.3937457
0.7543859649122773,0.43464947
0.6666666666666679,0.41965088
0.5438596491228083,0.42079076
0.473684210526315,0.439903
0.4298245614035103,0.39396104
0.3975903614457792,0.3472383
0.3132530120481931,0.4060155
0.2891566265060135,0.3976587
0.1807228915662762,0.41313216
0.2530120481927582,0.4443413
0.2530120481927724,0.38685074
0.3373493975903585,0.44187015
0.3975903614457792,0.42356485
0.5662650602409798,0.43571723
0.6506024096385374,0.38500127
0.1190476190476186,0.4320669
0.0,0.45304936
0.2142857142857144,0.41974285
0.2380952380952372,0.39175504
0.4047619047619046,0.41313416
0.5,0.434174
0.6190476190476195,0.3277442
0.7142857142857144,0.44227827
0.7380952380952381,0.3890991
0.7619047619047619,0.39670777
0.0,0.3948971
0.0,0.38451064
0.0,0.41303802
0.0,0.3492303
0.0,0.35472813
0.0,0.3743066
0.0,0.41150287
0.0,0.3991766
0.0,0.42673206
0.0,0.39693293
0.9649122807017534,0.34271887
1.061403508771928,0.40737492
0.912280701754387,0.46956098
0.9035087719298184,0.41103306
0.7543859649122808,0.39371145
0.6666666666666643,0.4328242
0.5438596491228083,0.4227354
0.473684210526315,0.42252418
0.4298245614035103,0.4376434
0.3596491228070171,0.39300737
0.3132530120481789,0.34387434
0.2891566265060135,0.4032488
0.1807228915662619,0.40032303
0.2530120481927582,0.4074571
0.2530120481927582,0.44101942
0.3373493975903727,0.38372603
0.3975903614457792,0.43219042
0.5662650602409798,0.42671382
0.6506024096385374,0.43996948
0.7349397590361377,0.38309494
0.0,0.4284356
0.2142857142857144,0.44928944
0.2380952380952381,0.41869688
0.4047619047619033,0.3885338
0.5,0.40809828
0.6190476190476195,0.43319982
0.7142857142857153,0.32374716
0.7380952380952372,0.44133213
0.7619047619047619,0.3901713
0.8095238095238093,0.39973047
0.0,0.3944368
0.0,0.38182446
0.0,0.4056281
0.0,0.34789
0.0,0.356089
0.0,0.3746535
0.0,0.40979758
0.0,0.40044296
0.0,0.4275685
0.0,0.3927036
1.061403508771928,0.34497792
0.9122807017543836,0.4045042
0.9035087719298218,0.46440244
0.7543859649122808,0.415092
0.6666666666666679,0.39000612
0.5438596491228083,0.43025646
0.4736842105263186,0.42430395
0.4298245614035032,0.42333156
0.3596491228070171,0.4378861
0.3333333333333357,0.39463177
0.2891566265060135,0.34158078
0.1807228915662619,0.40376812
0.2530120481927724,0.4003343
0.2530120481927582,0.39993656
0.3373493975903585,0.43664286
0.3975903614457792,0.38286778
0.5662650602409656,0.42439303
0.6506024096385516,0.433662
0.7349397590361377,0.4435015
0.6867469879518069,0.3831924
0.2142857142857144,0.42540795
0.2380952380952381,0.4452801
0.4047619047619051,0.41858885
0.5,0.38481897
0.6190476190476191,0.40377858
0.714285714285714,0.42901662
0.7380952380952381,0.3225546
0.761904761904761,0.4370453
0.8095238095238098,0.39416757
0.8095238095238093,0.4012479
0.0,0.39404908
0.0,0.3820791
0.0,0.39856854
0.0,0.34674087
0.0,0.36006337
0.0,0.37707788
0.0,0.40987718
0.0,0.40416008
0.0,0.42977533
0.0,0.39084995
0.912280701754387,0.34886268
0.9035087719298254,0.39790207
0.7543859649122808,0.45885304
0.6666666666666607,0.4189994
0.5438596491228118,0.38539144
0.4736842105263186,0.431694
0.4298245614035103,0.43069327
0.3596491228070171,0.42344
0.3333333333333357,0.43621397
0.3421052631578973,0.3980931
0.1807228915662762,0.34331915
0.2530120481927724,0.40233162
0.2530120481927724,0.39854777
0.3373493975903585,0.3944208
0.3975903614457792,0.431399
0.5662650602409656,0.38551202
0.6506024096385374,0.41872776
0.7349397590361377,0.43704447
0.6867469879518069,0.44703203
0.6265060240963862,0.38135517
0.2380952380952381,0.42404166
0.4047619047619046,0.44049188
0.5000000000000009,0.4178354
0.6190476190476177,0.38472947
0.7142857142857144,0.40101233
0.7380952380952381,0.42723173
0.7619047619047619,0.31940937
0.8095238095238084,0.43655938
0.8095238095238098,0.4006965
0.8095238095238093,0.4029568
0.0,0.39674118
0.0,0.38265067
0.0,0.39116985
0.0,0.34710577
0.0,0.36018983
0.0,0.3794927
0.0,0.41020927
0.0,0.40494904
0.0,0.43328804
0.0,0.3875292
0.9035087719298254,0.3507839
0.7543859649122773,0.3975992
0.6666666666666679,0.4544474
0.5438596491228083,0.42200616
0.473684210526315,0.37949312
0.4298245614035103,0.43331736
0.3596491228070171,0.43186298
0.3333333333333286,0.42325225
0.3421052631578938,0.43535298
0.324561403508774,0.40000892
0.2530120481927582,0.3502193
0.2530120481927724,0.402609
0.3373493975903585,0.395972
0.3975903614457792,0.39347017
0.5662650602409798,0.42798817
0.6506024096385374,0.38727525
0.7349397590361377,0.41903257
0.6867469879518211,0.4346687
0.6265060240963862,0.4446283
0.6024096385542208,0.3813981
0.4047619047619046,0.42579538
0.5,0.4374009
0.6190476190476195,0.41383803
0.7142857142857144,0.38920438
0.7380952380952381,0.40510422
0.7619047619047619,0.42735404
0.8095238095238093,0.31959862
0.8095238095238084,0.44140425
0.8095238095238098,0.40487057
0.8095238095238093,0.40379894
0.0,0.4025649
0.0,0.38385916
0.0,0.38937342
0.0,0.35022599
0.0,0.35885006
0.0,0.38275495
0.0,0.40949327
0.0,0.40313473
0.0,0.43368858
0.0,0.38536102
0.7543859649122808,0.3489467
0.6666666666666643,0.40484226
0.5438596491228083,0.44931588
0.473684210526315,0.42068243
0.4298245614035103,0.37649876
0.3596491228070171,0.43209574
0.3333333333333321,0.42562896
0.3421052631578938,0.42044064
0.324561403508774,0.4329262
0.2982456140350891,0.39946216
0.2530120481927582,0.3555823
0.3373493975903727,0.4029138
0.3975903614457792,0.39634904
0.5662650602409798,0.3915876
0.6506024096385374,0.42654482
0.7349397590361377,0.38860524
0.6867469879518069,0.42200673
0.6265060240963862,0.43225086
0.6024096385542208,0.4406419
0.5662650602409656,0.3837718
0.5,0.42547393
0.6190476190476195,0.4383983
0.7142857142857153,0.41181332
0.7380952380952372,0.39208367
0.7619047619047619,0.4091535
0.8095238095238093,0.42687404
0.8095238095238093,0.3240031
0.8095238095238084,0.4435549
0.8095238095238098,0.40618223
0.8333333333333335,0.40354684
0.0,0.40657637
0.0,0.38412958
0.0,0.39116862
0.0,0.35690495
0.0,0.3597608
0.0,0.38289183
0.0,0.40928817
0.0,0.40209085
0.0,0.4321854
0.0,0.3855754
0.6666666666666679,0.3497594
0.5438596491228083,0.40788528
0.4736842105263186,0.4460606
0.4298245614035032,0.41821885
0.3596491228070171,0.37615043
0.3333333333333357,0.42941365
0.3421052631578973,0.42195085
0.3245614035087669,0.41928402
0.2982456140350891,0.42970663
0.2719298245614041,0.40186265
0.3373493975903585,0.36040032
0.3975903614457792,0.40348965
0.5662650602409656,0.39636803
0.6506024096385516,0.39229214
0.7349397590361377,0.4276743
0.6867469879518069,0.39251137
0.626506024096372,0.42492953
0.6024096385542208,0.4311129
0.5662650602409798,0.4384405
0.5180722891566347,0.38644674
0.6190476190476191,0.42607644
0.714285714285714,0.43589184
0.7380952380952381,0.40796298
0.761904761904761,0.39317006
0.8095238095238098,0.41166368
0.8095238095238093,0.42727068
0.8095238095238093,0.32756805
0.8095238095238084,0.44500694
0.8333333333333335,0.4056253
0.8333333333333335,0.40377045
0.0,0.41133907
0.0,0.38577792
0.0,0.3937678
0.0,0.36253896
0.0,0.3578639
0.0,0.3815808
0.0,0.41077712
0.0,0.40400666
0.0,0.43199497
0.0,0.38528976
0.5438596491228118,0.35120595
0.4736842105263186,0.41215366
0.4298245614035103,0.44443864
0.3596491228070171,0.4184316
0.3333333333333357,0.3736511
0.3421052631578973,0.42741394
0.324561403508774,0.4164204
0.298245614035082,0.42010307
0.2719298245614041,0.4269672
0.2543859649122808,0.40533373
0.3975903614457792,0.36384478
0.5662650602409656,0.4040659
0.6506024096385374,0.3969375
0.7349397590361377,0.39523464
0.6867469879518069,0.4326632
0.6265060240963862,0.39569676
0.6024096385542066,0.43003345
0.5662650602409798,0.42797118
0.5180722891566347,0.43672982
0.4216867469879588,0.38968977
0.7142857142857144,0.42828488
0.7380952380952381,0.4352941
0.7619047619047619,0.40152988
0.8095238095238084,0.39447317
0.8095238095238098,0.41436574
0.8095238095238093,0.43093127
0.8095238095238093,0.32964528
0.8333333333333321,0.4468035
0.8333333333333335,0.4045998
0.8333333333333335,0.4055566
0.0,0.41553327
0.0,0.38834205
0.0,0.39729762
0.0,0.36818424
0.0,0.3528806
0.0,0.3805316
0.0,0.41175833
0.0,0.40287122
0.0,0.43120337
0.0,0.38620266
0.473684210526315,0.35253224
0.4298245614035103,0.4168512
0.3596491228070171,0.4445368
0.3333333333333286,0.41676256
0.3421052631578938,0.3717407
0.324561403508774,0.42727283
0.2982456140350891,0.41254783
0.271929824561397,0.41826668
0.2543859649122808,0.42693624
0.2368421052631575,0.40786728
0.5662650602409798,0.36647278
0.6506024096385374,0.40587854
0.7349397590361377,0.39601845
0.6867469879518211,0.4004685
0.6265060240963862,0.43685502
0.6024096385542208,0.39819965
0.5662650602409656,0.43472686
0.5180722891566205,0.42456302
0.4216867469879588,0.43535683
0.457831325301214,0.39267588
0.7380952380952381,0.4307318
0.7619047619047619,0.43685624
0.8095238095238093,0.3967812
0.8095238095238084,0.39692536
0.8095238095238098,0.41649544
0.8095238095238093,0.43299043
0.8333333333333339,0.33110622
0.8333333333333321,0.44980162
0.8333333333333335,0.40276808
0.8333333333333335,0.40603596
0.0,0.4174199
0.0,0.39011917
0.0,0.40192556
0.0,0.3708275
0.0,0.34685388
0.0,0.37971726
0.0,0.41527736
0.0,0.4027665
0.0,0.43002737
0.0,0.3880178
0.4298245614035103,0.35064697
0.3596491228070171,0.42014435
0.3333333333333321,0.44527966
0.3421052631578938,0.41536242
0.324561403508774,0.37173286
0.2982456140350891,0.42665434
0.2719298245614041,0.40879995
0.2543859649122808,0.4168367
0.236842105263161,0.42784896
0.2280701754385958,0.40942574
0.6506024096385374,0.36842886
0.7349397590361377,0.40873587
0.6867469879518069,0.394968
0.6265060240963862,0.40905192
0.6024096385542208,0.44558555
0.5662650602409656,0.40047586
0.5180722891566205,0.44406968
0.4216867469879588,0.41840184
0.4578313253011998,0.43330887
0.4819277108433653,0.3944367
0.7619047619047619,0.43283513
0.8095238095238093,0.43877706
0.8095238095238093,0.39266
0.8095238095238084,0.40003675
0.8095238095238098,0.41989
0.8333333333333335,0.43645108
0.8333333333333339,0.33149135
0.8333333333333321,0.45132828
0.8333333333333335,0.39617524
0.8809523809523809,0.40619805
0.0,0.4184413
0.0,0.3937704
0.0,0.41155678
0.0,0.3721154
0.0,0.3381685
0.0,0.3757254
0.0,0.41795525
0.0,0.40336475
0.0,0.42894956
0.0,0.3930085
0.3596491228070171,0.3482706
0.3333333333333357,0.42442477
0.3421052631578973,0.4505587
0.3245614035087669,0.41048777
0.2982456140350891,0.3732817
0.2719298245614041,0.426125
0.2543859649122808,0.40392902
0.2368421052631575,0.41674078
0.2280701754385958,0.43144298
0.1754385964912295,0.40841132
0.7349397590361377,0.36756366
0.6867469879518069,0.40880176
0.626506024096372,0.39353144
0.6024096385542208,0.41536328
0.5662650602409798,0.45070377
0.5180722891566347,0.40001428
0.4216867469879446,0.45277467
0.4578313253011998,0.41285235
0.4819277108433795,0.4324937
0.5180722891566347,0.39504611
0.8095238095238098,0.4339995
0.8095238095238093,0.44647434
0.8095238095238093,0.39547557
0.8095238095238084,0.40185225
0.8333333333333335,0.42201358
0.8333333333333335,0.43995157
0.8333333333333339,0.33167142
0.8333333333333321,0.45095956
0.8809523809523809,0.39081192
0.8571428571428572,0.40212858
0.0,0.41760147
0.0,0.39705467
0.0,0.41910663
0.0,0.3713441
0.0,0.3339196
0.0,0.37055668
0.0,0.42090562
0.0,0.40347362
0.0,0.428511
0.0,0.39885488
0.3333333333333357,0.34438974
0.3421052631578973,0.42687666
0.324561403508774,0.45690995
0.298245614035082,0.4047029
0.2719298245614041,0.37860855
0.2543859649122808,0.42786074
0.2368421052631575,0.40273213
0.2280701754385958,0.41826257
0.1754385964912259,0.4359495
0.2982456140350891,0.40671018
0.6867469879518069,0.36318782
0.6265060240963862,0.40845984
0.6024096385542066,0.3913436
0.5662650602409798,0.42151392
0.5180722891566347,0.45486516
0.4216867469879588,0.39989138
0.4578313253011998,0.45954868
0.4819277108433795,0.4101588
0.5180722891566347,0.43457702
0.5421686746987859,0.39399093
0.8095238095238098,0.4363773
0.8095238095238093,0.45197034
0.8095238095238093,0.39936605
0.8333333333333321,0.40080774
0.8333333333333335,0.42124516
0.8333333333333335,0.4436357
0.8333333333333339,0.3301521
0.8809523809523805,0.44844332
0.8571428571428572,0.38794598
0.5952380952380953,0.3996274
0.0,0.4169926
0.0,0.39962453
0.0,0.42318285
0.0,0.3685345
0.0,0.3306477
0.0,0.36551806
0.0,0.4213224
0.0,0.40183067
0.0,0.4286121
0.0,0.40269288
0.3421052631578938,0.3412796
0.324561403508774,0.4285
0.2982456140350891,0.4650089
0.271929824561397,0.40041646
0.2543859649122808,0.38182643
0.2368421052631575,0.43074566
0.2280701754385994,0.40278664
0.1754385964912295,0.42031336
0.2982456140350891,0.44069946
0.4473684210526336,0.4051293
0.6265060240963862,0.35901633
0.6024096385542208,0.40794623
0.5662650602409656,0.3912712
0.5180722891566205,0.42362458
0.4216867469879588,0.457692
0.457831325301214,0.39987242
0.4819277108433653,0.46466386
0.5180722891566205,0.4083378
0.5421686746988001,0.43533224
0.5301204819277103,0.39449713
0.8095238095238098,0.4381746
0.8095238095238093,0.45894414
0.8333333333333339,0.40581104
0.8333333333333321,0.3988138
0.8333333333333335,0.42279813
0.8333333333333335,0.4469645
0.8809523809523814,0.32766134
0.8571428571428568,0.4500485
0.5952380952380953,0.38488227
0.4047619047619046,0.39586285
0.0,0.41398966
0.0,0.40005925
0.0,0.4265507
0.0,0.36794293
0.0,0.32944882
0.0,0.3632979
0.0,0.42194122
0.0,0.40155765
0.0,0.42817727
0.0,0.40733492
0.324561403508774,0.3386701
0.2982456140350891,0.4279351
0.2719298245614041,0.472508
0.2543859649122808,0.39761826
0.236842105263161,0.38650644
0.2280701754385958,0.43432975
0.1754385964912295,0.4069124
0.298245614035082,0.4230676
0.4473684210526301,0.44548535
0.5877192982456165,0.40247926
0.6024096385542208,0.35568032
0.5662650602409656,0.40848786
0.5180722891566205,0.3915904
0.4216867469879588,0.42187494
0.4578313253011998,0.45870656
0.4819277108433653,0.399354
0.5180722891566205,0.46609542
0.5421686746988001,0.40928015
0.5301204819276961,0.4369657
0.5421686746987859,0.39592412
0.8095238095238098,0.43936118
0.8333333333333335,0.46387345
0.8333333333333339,0.4118923
0.8333333333333321,0.39639294
0.8333333333333335,0.42261222
0.8809523809523809,0.44691083
0.8571428571428577,0.32611966
0.5952380952380949,0.44996983
0.4047619047619046,0.3826332
0.4285714285714288,0.3935771
0.0,0.41086155
0.0,0.3994211
0.0,0.4279947
0.0,0.366613
0.0,0.329807
0.0,0.36050728
0.0,0.42204705
0.0,0.40189877
0.0,0.4278168
0.0,0.41089523
0.2982456140350891,0.3387609
0.2719298245614041,0.42585272
0.2543859649122808,0.47796607
0.2368421052631575,0.39888313
0.2280701754385958,0.38979307
0.1754385964912295,0.43598965
0.2982456140350891,0.4122515
0.4473684210526265,0.4251013
0.5877192982456165,0.44745556
0.6140350877192979,0.4012692
0.5662650602409798,0.3534397
0.5180722891566347,0.40921578
0.4216867469879446,0.39178467
0.4578313253011998,0.4184874
0.4819277108433795,0.45676923
0.5180722891566347,0.39723754
0.5421686746987859,0.4648782
0.5301204819276961,0.41087192
0.5421686746988001,0.4395455
0.5301204819277103,0.3968844
0.8333333333333335,0.4391904
0.8333333333333335,0.46818402
0.8333333333333339,0.41820776
0.8333333333333321,0.39346334
0.8809523809523809,0.42239922
0.8571428571428572,0.4452392
0.5952380952380949,0.32457864
0.4047619047619033,0.4514222
0.4285714285714284,0.38028395
0.4285714285714288,0.3910737
0.0,0.40775117
0.0,0.39837945
0.0,0.42820707
0.0,0.36523113
0.0,0.33281207
0.0,0.35759488
0.0,0.42233425
0.0,0.40174252
0.0,0.42604238
0.0,0.41339403
0.2719298245614041,0.3386902
0.2543859649122808,0.4226729
0.2368421052631575,0.48071027
0.2280701754385958,0.40155017
0.1754385964912259,0.39276466
0.2982456140350891,0.43683487
0.4473684210526301,0.4180864
0.5877192982456094,0.4277885
0.6140350877192979,0.44644597
0.6754385964912295,0.40023014
0.5180722891566347,0.3511176
0.4216867469879588,0.40904397
0.4578313253011998,0.3930421
0.4819277108433795,0.41576847
0.5180722891566347,0.45550206
0.5421686746987859,0.3955699
0.5301204819276961,0.46288806
0.5421686746988001,0.4124767
0.5301204819276961,0.44142592
0.4819277108433653,0.39713073
0.8333333333333335,0.4387734
0.8333333333333335,0.47015387
0.8333333333333339,0.42213246
0.8809523809523805,0.39120215
0.8571428571428572,0.42062563
0.5952380952380953,0.44341883
0.4047619047619051,0.32300103
0.4285714285714279,0.45089307
0.4285714285714284,0.37865213
0.4047619047619046,0.38995275
0.0,0.40514052
0.0,0.39801908
0.0,0.4278076
0.0,0.36282188
0.0,0.33540043
0.0,0.35596523
0.0,0.42143646
0.0,0.40193442
0.0,0.4251517
0.0,0.41356644
0.2543859649122808,0.33882952
0.2368421052631575,0.4198479
0.2280701754385994,0.48223826
0.1754385964912295,0.40395612
0.2982456140350891,0.3940966
0.4473684210526336,0.43766978
0.5877192982456165,0.42224196
0.6140350877192979,0.42967725
0.6754385964912295,0.44589213
0.7105263157894726,0.39967024
0.4216867469879588,0.34936082
0.457831325301214,0.40897888
0.4819277108433653,0.39385176
0.5180722891566205,0.4144052
0.5421686746988001,0.45417702
0.5301204819277103,0.39410013
0.5421686746987859,0.46056888
0.5301204819276961,0.41362283
0.4819277108433795,0.44260624
0.457831325301214,0.39778706
0.8333333333333335,0.43856454
0.8333333333333335,0.47025514
0.8809523809523814,0.42541343
0.8571428571428568,0.38855815
0.5952380952380953,0.4186404
0.4047619047619046,0.44110593
0.4285714285714288,0.3215869
0.4285714285714279,0.45056954
0.4047619047619046,0.3772671
0.4523809523809521,0.3891842
0.0,0.4032381
0.0,0.39851502
0.0,0.42624804
0.0,0.360244
0.0,0.33634642
0.0,0.35548577
0.0,0.42102054
0.0,0.40150207
0.0,0.42387006
0.0,0.41265243
0.236842105263161,0.33848387
0.2280701754385958,0.41804534
0.1754385964912295,0.48243648
0.298245614035082,0.405461
0.4473684210526301,0.3948921
0.5877192982456165,0.4374144
0.6140350877193015,0.42521662
0.6754385964912295,0.4305113
0.7105263157894761,0.44614655
0.6929824561403528,0.39867386
0.4578313253011998,0.34899467
0.4819277108433653,0.4091788
0.5180722891566205,0.39446604
0.5421686746988001,0.41405395
0.5301204819276961,0.45427758
0.5421686746987859,0.39335805
0.5301204819276961,0.45933107
0.4819277108433795,0.41435933
0.4578313253011998,0.4431084
0.3132530120481931,0.39861628
0.8333333333333335,0.4386088
0.8809523809523809,0.46945637
0.8571428571428577,0.42697313
0.5952380952380949,0.3878476
0.4047619047619046,0.41709664
0.4285714285714288,0.43886396
0.4285714285714288,0.3220644
0.4047619047619033,0.44786122
0.4523809523809525,0.37637088
0.4285714285714288,0.39020604
0.0,0.40172938
0.0,0.39933333
0.0,0.42668366
0.0,0.3580113
0.0,0.33784875
0.0,0.3566509
0.0,0.42136353
0.0,0.4019304
0.0,0.42376336
0.0,0.41288576
0.2280701754385958,0.3395311
0.1754385964912295,0.4164066
0.2982456140350891,0.48166865
0.4473684210526265,0.4059545
0.5877192982456165,0.39539218
0.6140350877192979,0.43727392
0.6754385964912295,0.42755425
0.710526315789469,0.43023118
0.6929824561403528,0.44550532
0.7456140350877192,0.397385
0.4819277108433795,0.3489085
0.5180722891566347,0.4091081
0.5421686746987859,0.39445436
0.5301204819276961,0.41443682
0.5421686746988001,0.45412394
0.5301204819277103,0.39372736
0.4819277108433653,0.4589628
0.4578313253011998,0.41465902
0.3132530120481789,0.44298288
0.1927710843373518,0.39878196
0.8809523809523809,0.43863887
0.8571428571428572,0.4690593
0.5952380952380949,0.4272306
0.4047619047619033,0.3882536
0.4285714285714284,0.41651782
0.4285714285714288,0.43741423
0.4047619047619051,0.32415435
0.4523809523809516,0.44519773
0.4285714285714284,0.3762099
0.4047619047619046,0.3913267
0.0,0.39993292
0.0,0.39964253
0.0,0.42711693
0.0,0.35701242
0.0,0.34020442
0.0,0.35861015
0.0,0.42155275
0.0,0.40231696
0.0,0.42452124
0.0,0.41333798
0.1754385964912259,0.34049687
0.2982456140350891,0.41487998
0.4473684210526301,0.48152825
0.5877192982456094,0.405797
0.6140350877192979,0.3957249
0.6754385964912295,0.43777213
0.7105263157894726,0.42942193
0.6929824561403457,0.42984948
0.7456140350877192,0.44508398
0.7719298245614041,0.39625397
0.5180722891566347,0.35009277
0.5421686746987859,0.4093658
0.5301204819276961,0.39487863
0.5421686746988001,0.41582835
0.5301204819276961,0.4546565
0.4819277108433653,0.39473617
0.4578313253011998,0.45947883
0.3132530120481931,0.4157887
0.1927710843373375,0.44085464
0.1686746987951863,0.39841744
0.8571428571428572,0.43941927
0.5952380952380953,0.4672421
0.4047619047619051,0.42567685
0.4285714285714279,0.38947734
0.4285714285714284,0.41711897
0.4047619047619046,0.4372948
0.4523809523809525,0.3261306
0.4285714285714279,0.44397205
0.4047619047619046,0.3770731
0.5238095238095242,0.39281204
0.0,0.3993354
0.0,0.39940527
0.0,0.42751545
0.0,0.35537815
0.0,0.34162843
0.0,0.36091164
0.0,0.42083642
0.0,0.40265545
0.0,0.42599383
0.0,0.41241923
0.2982456140350891,0.34014398
0.4473684210526336,0.41509902
0.5877192982456165,0.48087862
0.6140350877192979,0.4051377
0.6754385964912295,0.39472285
0.7105263157894726,0.43839675
0.6929824561403493,0.42876023
0.7456140350877192,0.4288025
0.7719298245614041,0.44498748
0.6754385964912295,0.39509568
0.5421686746988001,0.35149208
0.5301204819277103,0.40979165
0.5421686746987859,0.39640746
0.5301204819276961,0.4190289
0.4819277108433795,0.454184
0.457831325301214,0.3959081
0.3132530120481931,0.45877317
0.1927710843373375,0.4161193
0.1686746987951579,0.43847978
0.2891566265060135,0.3977485
0.5952380952380953,0.44088137
0.4047619047619046,0.46236265
0.4285714285714288,0.42359838
0.4285714285714279,0.38934913
0.4047619047619046,0.4179087
0.4523809523809521,0.4382576
0.4285714285714288,0.3277294
0.4047619047619033,0.44335094
0.5238095238095237,0.37825748
0.714285714285714,0.39480707
0.0,0.40009475
0.0,0.400116
0.0,0.4260148
0.0,0.35424244
0.0,0.3414813
0.0,0.3650097
0.0,0.42026109
0.0,0.4019936
0.0,0.4262419
0.0,0.41073176
0.4473684210526301,0.33875543
0.5877192982456165,0.41794237
0.6140350877193015,0.47905412
0.6754385964912295,0.40271178
0.7105263157894761,0.39318866
0.6929824561403528,0.4383738
0.7456140350877227,0.42528334
0.771929824561397,0.42647228
0.6754385964912295,0.44559753
0.5175438596491233,0.3939534
0.5301204819276961,0.3524212
0.5421686746987859,0.41050875
0.5301204819276961,0.39807487
0.4819277108433795,0.4211949
0.4578313253011998,0.45326588
0.3132530120481931,0.396802
0.1927710843373375,0.45768434
0.1686746987951721,0.41699642
0.2891566265060135,0.43494344
0.2530120481927724,0.39706454
0.4047619047619046,0.44116336
0.4285714285714288,0.45696357
0.4285714285714288,0.42123532
0.4047619047619033,0.39101502
0.4523809523809525,0.4179254
0.4285714285714288,0.43849182
0.4047619047619051,0.33112964
0.5238095238095228,0.44204387
0.7142857142857144,0.37991026
0.8095238095238093,0.3967695
0.0,0.3996181
0.0,0.40045565
0.0,0.4249377
0.0,0.3547319
0.0,0.3428951
0.0,0.37036267
0.0,0.4186537
0.0,0.40201926
0.0,0.42695954
0.0,0.40834635
0.5877192982456165,0.33926758
0.6140350877192979,0.41750214
0.6754385964912295,0.47629365
0.710526315789469,0.40086424
0.6929824561403528,0.39213502
0.7456140350877192,0.43774107
0.7719298245614006,0.42307156
0.6754385964912295,0.42411014
0.5175438596491233,0.44668683
0.4385964912280684,0.39292705
0.5421686746988001,0.35190454
0.5301204819277103,0.41034862
0.4819277108433653,0.3989091
0.4578313253011998,0.41875032
0.3132530120481789,0.4503153
0.1927710843373518,0.39424267
0.1686746987951721,0.45442507
0.2891566265060135,0.42064688
0.2530120481927582,0.43436533
0.3493975903614483,0.3960002
0.4285714285714284,0.43767798
0.4285714285714288,0.4527007
0.4047619047619051,0.42031884
0.4523809523809516,0.39137292
0.4285714285714284,0.4165803
0.4047619047619046,0.43563128
0.5238095238095246,0.33476827
0.7142857142857144,0.43818465
0.8095238095238098,0.3825162
0.9047619047619048,0.39648956
0.0,0.39826363
0.0,0.39691022
0.0,0.42192972
0.0,0.3554271
0.0,0.34889665
0.0,0.37481472
0.0,0.4159056
0.0,0.4033641
0.0,0.4276448
0.0,0.4064827
0.6140350877192979,0.3436107
0.6754385964912295,0.4122217
0.7105263157894726,0.47353512
0.6929824561403457,0.4027571
0.7456140350877192,0.39263597
0.7719298245614041,0.4365245
0.6754385964912295,0.42347053
0.5175438596491233,0.4224068
0.438596491228072,0.44397908
0.3508771929824554,0.39405376
0.5301204819276961,0.3522001
0.4819277108433653,0.40955707
0.4578313253011998,0.39790735
0.3132530120481931,0.41764817
0.1927710843373375,0.44736165
0.1686746987951863,0.3920411
0.2891566265060135,0.45136204
0.2530120481927582,0.422264
0.3493975903614341,0.4335547
0.4457831325301242,0.3934989
0.4285714285714284,0.4342013
0.4047619047619046,0.45097366
0.4523809523809525,0.41958866
0.4285714285714279,0.39115697
0.4047619047619046,0.41591927
0.5238095238095242,0.43378174
0.7142857142857153,0.3352315
0.8095238095238084,0.43683252
0.9047619047619052,0.3855901
0.9285714285714288,0.39663693
0.0,0.39668497
0.0,0.3934788
0.0,0.41974705
0.0,0.35420623
0.0,0.35444158
0.0,0.37757695
0.0,0.41330883
0.0,0.40344575
0.0,0.42705372
0.0,0.40428525
0.6754385964912295,0.34570807
0.7105263157894726,0.40915114
0.6929824561403493,0.47112924
0.7456140350877192,0.40405995
0.7719298245614041,0.39321333
0.6754385964912295,0.4361259
0.5175438596491269,0.42381874
0.438596491228072,0.42122644
0.350877192982459,0.44064912
0.3596491228070171,0.39374584
0.4819277108433795,0.35116535
0.457831325301214,0.40731803
0.3132530120481931,0.398028
0.1927710843373375,0.41590434
0.1686746987951579,0.44670165
0.2891566265060135,0.3900682
0.2530120481927724,0.44910386
0.3493975903614341,0.42232427
0.4457831325301384,0.43266195
0.4819277108433653,0.39016542
0.4047619047619046,0.43176544
0.4523809523809521,0.45043725
0.4285714285714288,0.4181977
0.4047619047619033,0.3910996
0.5238095238095237,0.41610053
0.714285714285714,0.4336908
0.8095238095238093,0.33349758
0.9047619047619032,0.4378637
0.9285714285714288,0.38728276
0.9285714285714288,0.39605296
0.0,0.39603776
0.0,0.39029324
0.0,0.41753656
0.0,0.3527233
0.0,0.35698873
0.0,0.37796304
0.0,0.4105678
0.0,0.40301257
0.0,0.42724013
0.0,0.40097436
0.7105263157894761,0.3453465
0.6929824561403528,0.40873414
0.7456140350877227,0.46956286
0.771929824561397,0.4059796
0.6754385964912295,0.3933616
0.5175438596491233,0.4345739
0.4385964912280755,0.4226131
0.3508771929824554,0.42157334
0.3596491228070171,0.43923348
0.3421052631578973,0.39408785
0.4578313253011998,0.3490507
0.3132530120481931,0.40679678
0.1927710843373375,0.39904258
0.1686746987951721,0.41119772
0.2891566265060135,0.44571283
0.2530120481927724,0.3883824
0.3493975903614341,0.4473407
0.4457831325301242,0.4233233
0.4819277108433795,0.43342483
0.4939759036144693,0.39006636
0.4523809523809525,0.4303108
0.4285714285714288,0.45090875
0.4047619047619051,0.4180589
0.5238095238095228,0.38880542
0.7142857142857144,0.41582966
0.8095238095238093,0.4317393
0.9047619047619052,0.33231783
0.928571428571428,0.43904546
0.9285714285714288,0.3866908
0.9523809523809526,0.3954729
0.0,0.3958989
0.0,0.3884532
0.0,0.4157749
0.0,0.35349253
0.0,0.35815904
0.0,0.37588447
0.0,0.40840593
0.0,0.40262663
0.0,0.42681116
0.0,0.39916626
0.6929824561403528,0.3468053
0.7456140350877192,0.40688428
0.7719298245614006,0.4684253
0.6754385964912295,0.40899467
0.5175438596491233,0.39257312
0.4385964912280684,0.43270394
0.350877192982459,0.42454544
0.3596491228070171,0.42318147
0.3421052631578938,0.43796578
0.324561403508774,0.39538908
0.3132530120481789,0.34540215
0.1927710843373518,0.40636533
0.1686746987951721,0.39879063
0.2891566265060135,0.40681604
0.2530120481927582,0.4432268
0.3493975903614483,0.38794738
0.4457831325301242,0.44152308
0.4819277108433795,0.4273316
0.4939759036144551,0.43689135
0.5180722891566347,0.38838625
0.4285714285714284,0.42811358
0.4047619047619046,0.44965413
0.5238095238095246,0.41799363
0.7142857142857144,0.3870296
0.8095238095238098,0.41244215
0.9047619047619048,0.43018052
0.928571428571428,0.3305515
0.928571428571428,0.43722886
0.9523809523809526,0.3878061
0.9523809523809526,0.39678282
0.0,0.39645523
0.0,0.38679305
0.0,0.41068357
0.0,0.35435218
0.0,0.35944372
0.0,0.3745279
0.0,0.4087728
0.0,0.40312952
0.0,0.42797008
0.0,0.39674547
0.7456140350877192,0.34951594
0.7719298245614041,0.40441313
0.6754385964912295,0.46713415
0.5175438596491233,0.41307864
0.438596491228072,0.38964027
0.3508771929824554,0.43109637
0.3596491228070171,0.42764047
0.3421052631578938,0.4247355
0.324561403508774,0.43739527
0.3421052631578973,0.39762938
0.1927710843373375,0.343384
0.1686746987951863,0.40697768
0.2891566265060135,0.3986065
0.2530120481927582,0.40383652
0.3493975903614341,0.43910176
0.4457831325301242,0.38979557
0.4819277108433653,0.43580467
0.4939759036144551,0.42933807
0.5180722891566347,0.4394628
0.3855421686747036,0.3858228
0.4047619047619046,0.4273126
0.5238095238095242,0.44488633
0.7142857142857153,0.4157524
0.8095238095238084,0.38753346
0.9047619047619052,0.40983704
0.9285714285714288,0.4294306
0.928571428571428,0.32898617
0.9523809523809516,0.43580565
0.9523809523809526,0.3910383
0.9285714285714288,0.39986306
0.0,0.39799088
0.0,0.3883262
0.0,0.40569806
0.0,0.35701746
0.0,0.35990638
0.0,0.37692198
0.0,0.40948278
0.0,0.40098467
0.0,0.42842415
0.0,0.39414838
0.7719298245614041,0.35194302
0.6754385964912295,0.4055725
0.5175438596491269,0.46371943
0.438596491228072,0.41504678
0.350877192982459,0.38626853
0.3596491228070171,0.43071064
0.3421052631578973,0.42883524
0.3245614035087669,0.42388994
0.3421052631578938,0.4371254
0.3333333333333357,0.3988636
0.1686746987951579,0.3465248
0.2891566265060135,0.4065544
0.2530120481927724,0.39705864
0.3493975903614341,0.3989068
0.4457831325301384,0.43536246
0.4819277108433653,0.3927213
0.4939759036144551,0.43145996
0.5180722891566205,0.42913368
0.3855421686747178,0.43890035
0.3132530120481931,0.38567972
0.5238095238095237,0.42727602
0.714285714285714,0.44159317
0.8095238095238093,0.41358644
0.9047619047619032,0.39017674
0.9285714285714288,0.4089749
0.9285714285714288,0.427581
0.9523809523809526,0.32851583
0.9523809523809516,0.43536228
0.9285714285714288,0.39643607
0.9285714285714288,0.40002254
0.0,0.4015422
0.0,0.38979957
0.0,0.40209627
0.0,0.36067218
0.0,0.36128217
0.0,0.37840188
0.0,0.40888086
0.0,0.39980432
0.0,0.42952135
0.0,0.39140928
0.6754385964912295,0.35555956
0.5175438596491233,0.4070832
0.4385964912280755,0.45816663
0.3508771929824554,0.4170838
0.3596491228070171,0.3850984
0.3421052631578973,0.43188596
0.324561403508774,0.42798254
0.3421052631578938,0.42275056
0.3333333333333357,0.43469775
0.3157894736842124,0.39928296
0.2891566265060135,0.3535568
0.2530120481927724,0.40621543
0.3493975903614341,0.39531973
0.4457831325301242,0.39528924
0.4819277108433795,0.43336406
0.4939759036144693,0.39397097
0.5180722891566205,0.43094227
0.3855421686747036,0.42729986
0.3132530120481789,0.43645996
0.1927710843373518,0.38889277
0.7142857142857144,0.42767197
0.8095238095238093,0.4411194
0.9047619047619052,0.4119427
0.928571428571428,0.39283752
0.9285714285714288,0.41065797
0.9523809523809526,0.42450902
0.9523809523809526,0.32985514
0.928571428571428,0.43693018
0.9285714285714288,0.39817062
0.9047619047619048,0.3978717
0.0,0.4057264
0.0,0.3906779
0.0,0.40246397
0.0,0.3631617
0.0,0.36100402
0.0,0.37640592
0.0,0.40958825
0.0,0.40077546
0.0,0.42966428
0.0,0.39183763
0.5175438596491233,0.35667807
0.4385964912280684,0.40868792
0.350877192982459,0.453034
0.3596491228070171,0.4176624
0.3421052631578938,0.38548014
0.324561403508774,0.43159997
0.3421052631578973,0.4243818
0.3333333333333286,0.42255142
0.3157894736842088,0.4299267
0.3157894736842124,0.39998034
0.2530120481927582,0.35871363
0.3493975903614483,0.4067216
0.4457831325301242,0.3952608
0.4819277108433795,0.39751947
0.4939759036144551,0.43484858
0.5180722891566347,0.394843
0.3855421686746894,0.43475297
0.3132530120481931,0.42461446
0.1927710843373375,0.43428636
0.1807228915662619,0.39096943
0.8095238095238098,0.42892966
0.9047619047619048,0.4430766
0.928571428571428,0.41012502
0.928571428571428,0.39414278
0.9523809523809526,0.41421995
0.9523809523809526,0.42575306
0.928571428571428,0.33214504
0.928571428571428,0.4415234
0.9047619047619052,0.39730182
0.9285714285714288,0.39694571
0.0,0.4089727
0.0,0.39204985
0.0,0.40565857
0.0,0.36636174
0.0,0.35832044
0.0,0.37427655
0.0,0.41096944
0.0,0.40048462
0.0,0.42788428
0.0,0.39241943
0.438596491228072,0.35531712
0.3508771929824554,0.41209444
0.3596491228070171,0.4524309
0.3421052631578938,0.41695842
0.324561403508774,0.3862024
0.3421052631578973,0.4303602
0.3333333333333321,0.41922593
0.3157894736842053,0.42253748
0.3157894736842088,0.42824587
0.2719298245614041,0.40032703
0.3493975903614341,0.36117068
0.4457831325301242,0.4082745
0.4819277108433653,0.39540374
0.4939759036144551,0.40042946
0.5180722891566347,0.43805385
0.3855421686747036,0.39454645
0.3132530120481931,0.43998042
0.1927710843373375,0.42144597
0.1807228915662762,0.43302634
0.1686746987951863,0.39357883
0.9047619047619052,0.43016082
0.9285714285714288,0.44365048
0.928571428571428,0.40659866
0.9523809523809516,0.3946177
0.9523809523809526,0.4172751
0.9285714285714288,0.42784423
0.928571428571428,0.33281243
0.9047619047619032,0.44502914
0.9285714285714288,0.3948402
0.9047619047619048,0.39758256
0.0,0.41071653
0.0,0.3942117
0.0,0.40941295
0.0,0.36789095
0.0,0.35324764
0.0,0.37368783
0.0,0.41215232
0.0,0.40119666
0.0,0.4263123
0.0,0.39408106
0.350877192982459,0.35260707
0.3596491228070171,0.41496927
0.3421052631578973,0.4522782
0.3245614035087669,0.414151
0.3421052631578938,0.3842041
0.3333333333333357,0.4301953
0.3157894736842088,0.41684037
0.3157894736842053,0.4219112
0.2719298245614041,0.42971098
0.2807017543859658,0.40165418
0.4457831325301384,0.3612022
0.4819277108433653,0.40954506
0.4939759036144551,0.39489657
0.5180722891566205,0.4054318
0.3855421686747178,0.4441046
0.3132530120481931,0.39430285
0.1927710843373375,0.4458632
0.1807228915662762,0.4191672
0.1686746987951579,0.43512228
0.2168674698795172,0.39548746
0.9285714285714288,0.4321431
0.9285714285714288,0.44481698
0.9523809523809526,0.4037247
0.9523809523809516,0.3964994
0.9285714285714288,0.41850963
0.9285714285714288,0.43099314
0.9047619047619052,0.33240363
0.928571428571428,0.4445116
0.9047619047619052,0.39077988
0.9047619047619048,0.40079284
0.0,0.41253883
0.0,0.3975397
0.0,0.41552556
0.0,0.36761898
0.0,0.3471556
0.0,0.3720702
0.0,0.4156018
0.0,0.4041058
0.0,0.42643487
0.0,0.39739114
0.3596491228070171,0.35045177
0.3421052631578973,0.41834977
0.324561403508774,0.4543326
0.3421052631578938,0.41107553
0.3333333333333357,0.38231927
0.3157894736842124,0.43108386
0.3157894736842088,0.41555524
0.271929824561397,0.4214664
0.2807017543859658,0.43259183
0.2807017543859658,0.40199846
0.4819277108433795,0.36054003
0.4939759036144693,0.41103262
0.5180722891566205,0.3935945
0.3855421686747036,0.4126794
0.3132530120481789,0.44869995
0.1927710843373518,0.39690608
0.1807228915662619,0.45270455
0.1686746987951721,0.41557586
0.2168674698795172,0.435499
0.2530120481927724,0.39637735
0.9285714285714288,0.43607545
0.9523809523809526,0.44638908
0.9523809523809526,0.40175298
0.928571428571428,0.39949402
0.9285714285714288,0.4206072
0.9047619047619048,0.43535477
0.928571428571428,0.33346787
0.9047619047619032,0.4444027
0.9047619047619052,0.38775325
0.9047619047619048,0.40263563
0.0,0.41239917
0.0,0.40185803
0.0,0.42169142
0.0,0.3676522
0.0,0.34126467
0.0,0.3715013
0.0,0.4193539
0.0,0.4046443
0.0,0.4269291
0.0,0.4018396
0.3421052631578938,0.34633493
0.324561403508774,0.42208636
0.3421052631578973,0.4574231
0.3333333333333286,0.40640914
0.3157894736842088,0.38195118
0.3157894736842124,0.4333473
0.2719298245614041,0.41415596
0.2807017543859658,0.42130768
0.2807017543859658,0.43775374
0.2807017543859658,0.40123126
0.4939759036144551,0.3597123
0.5180722891566347,0.41086844
0.3855421686746894,0.39285865
0.3132530120481931,0.41895407
0.1927710843373375,0.45303568
0.1807228915662619,0.40035924
0.1686746987951721,0.45818225
0.2168674698795172,0.41274542
0.2530120481927582,0.4338871
0.2771084337349521,0.39704242
0.9523809523809526,0.43838286
0.9523809523809526,0.44845292
0.928571428571428,0.40007472
0.928571428571428,0.40283838
0.9047619047619052,0.42171904
0.9285714285714288,0.4396246
0.9047619047619052,0.33468637
0.9047619047619032,0.44330144
0.9047619047619052,0.38667843
0.9047619047619048,0.40235704
0.0,0.41074425
0.0,0.40522617
0.0,0.42598736
0.0,0.3671493
0.0,0.33705044
0.0,0.3712716
0.0,0.42083743
0.0,0.40490443
0.0,0.42857254
0.0,0.40438765
0.324561403508774,0.34357923
0.3421052631578973,0.4247229
0.3333333333333321,0.46099088
0.3157894736842053,0.4018845
0.3157894736842088,0.38353202
0.2719298245614041,0.43651125
0.2807017543859658,0.412999
0.2807017543859658,0.42106202
0.2807017543859658,0.4433714
0.3070175438596507,0.40039748
0.5180722891566347,0.3592872
0.3855421686747036,0.41050947
0.3132530120481931,0.39154238
0.1927710843373375,0.42211097
0.1807228915662762,0.45544094
0.1686746987951863,0.40175167
0.2168674698795172,0.46145883
0.2530120481927582,0.41062778
0.2771084337349379,0.4329108
0.2771084337349521,0.39701396
0.9523809523809526,0.43930104
0.9285714285714288,0.45314258
0.928571428571428,0.40309694
0.9047619047619032,0.4039315
0.9285714285714288,0.42272368
0.9047619047619048,0.4424496
0.9047619047619052,0.33296853
0.9047619047619032,0.44496185
0.9047619047619052,0.38494837
0.8571428571428572,0.40002382
0.0,0.41088092
0.0,0.40581277
0.0,0.4286062
0.0,0.3660522
0.0,0.33374533
0.0,0.36836243
0.0,0.42309338
0.0,0.40485343
0.0,0.42861044
0.0,0.40716207
0.3421052631578938,0.3409064
0.3333333333333357,0.42628932
0.3157894736842088,0.46489546
0.3157894736842053,0.39983568
0.2719298245614041,0.3870277
0.2807017543859658,0.43813044
0.2807017543859658,0.41258907
0.2807017543859658,0.42265105
0.3070175438596507,0.4466681
0.4473684210526336,0.3992988
0.3855421686747178,0.35654017
0.3132530120481931,0.41023237
0.1927710843373375,0.39122954
0.1807228915662762,0.42524424
0.1686746987951579,0.45873854
0.2168674698795172,0.40268886
0.2530120481927724,0.46596634
0.2771084337349379,0.4079115
0.2771084337349379,0.43326974
0.2409638554216968,0.39806592
0.9285714285714288,0.44053853
0.9285714285714288,0.4604856
0.9047619047619052,0.40746406
0.928571428571428,0.4025567
0.9047619047619052,0.42367962
0.9047619047619048,0.44626093
0.9047619047619052,0.330158
0.9047619047619032,0.44790125
0.8571428571428572,0.38120943
0.5,0.39873138
0.0,0.4098067
0.0,0.40590295
0.0,0.4319039
0.0,0.3654248
0.0,0.32977656
0.0,0.36476645
0.0,0.42489487
0.0,0.40397677
0.0,0.42694956
0.0,0.41146833
0.3333333333333357,0.33822998
0.3157894736842124,0.42715344
0.3157894736842088,0.47187352
0.271929824561397,0.39749283
0.2807017543859658,0.39017603
0.2807017543859658,0.44049245
0.2807017543859658,0.41523188
0.3070175438596507,0.4249708
0.4473684210526301,0.4506982
0.6842105263157912,0.39756477
0.3132530120481789,0.3548575
0.1927710843373518,0.4093565
0.1807228915662619,0.39380667
0.1686746987951721,0.42310762
0.2168674698795172,0.4581476
0.2530120481927724,0.4029151
0.2771084337349379,0.4670626
0.2771084337349379,0.4070313
0.2409638554216968,0.43441308
0.2409638554216968,0.40075898
0.9285714285714288,0.43936026
0.9047619047619048,0.46451756
0.928571428571428,0.4135933
0.9047619047619032,0.40003508
0.9047619047619052,0.4229766
0.9047619047619048,0.44661218
0.9047619047619052,0.3292828
0.8571428571428568,0.44879925
0.5,0.3792262
0.4047619047619046,0.39679524
0.0,0.40555602
0.0,0.4063745
0.0,0.43246278
0.0,0.36639777
0.0,0.33050776
0.0,0.3643858
0.0,0.4245481
0.0,0.40499017
0.0,0.4259491
0.0,0.41452157
0.3157894736842088,0.3392822
0.3157894736842124,0.4256224
0.2719298245614041,0.4761541
0.2807017543859658,0.39752457
0.2807017543859658,0.3932546
0.2807017543859658,0.442187
0.3070175438596543,0.42009023
0.4473684210526265,0.4259552
0.6842105263157912,0.45428544
0.763157894736846,0.39591077
0.1927710843373375,0.35201794
0.1807228915662619,0.4086973
0.1686746987951721,0.39549074
0.2168674698795172,0.42000282
0.2530120481927582,0.45614913
0.2771084337349521,0.40135685
0.2771084337349379,0.46353847
0.2409638554216826,0.40913218
0.2409638554216968,0.43713632
0.2650602409638622,0.40206674
0.9047619047619052,0.4386247
0.9285714285714288,0.46520013
0.9047619047619052,0.41764632
0.9047619047619032,0.39710915
0.9047619047619052,0.42009825
0.9047619047619048,0.44443008
0.8571428571428577,0.3296956
0.5,0.4459916
0.4047619047619046,0.3779597
0.4047619047619046,0.39643458
0.0,0.40183783
0.0,0.40691218
0.0,0.43114302
0.0,0.3655434
0.0,0.33399373
0.0,0.36448988
0.0,0.4239049
0.0,0.4063193
0.0,0.4249262
0.0,0.41487882
0.3157894736842088,0.34155032
0.2719298245614041,0.4227825
0.2807017543859658,0.47712067
0.2807017543859658,0.39977196
0.2807017543859658,0.3954353
0.3070175438596507,0.44326147
0.4473684210526301,0.42536163
0.684210526315784,0.4261016
0.763157894736846,0.45416343
0.8596491228070171,0.39544594
0.1807228915662762,0.35101092
0.1686746987951863,0.40765214
0.2168674698795172,0.39729604
0.2530120481927582,0.41574922
0.2771084337349379,0.45356607
0.2771084337349521,0.40001836
0.2409638554216826,0.45979947
0.2409638554216826,0.41029072
0.2650602409638765,0.43926612
0.2650602409638622,0.40335393
0.9285714285714288,0.43684882
0.9047619047619048,0.46620017
0.9047619047619052,0.41983718
0.9047619047619032,0.3958208
0.9047619047619052,0.41772255
0.8571428571428572,0.44194898
0.5000000000000009,0.33016187
0.4047619047619033,0.4435126
0.4047619047619046,0.37626603
0.4285714285714288,0.39726123
0.0,0.3979278
0.0,0.40681922
0.0,0.43054238
0.0,0.36566442
0.0,0.33912385
0.0,0.36493185
0.0,0.42299083
0.0,0.4074229
0.0,0.42429656
0.0,0.4155338
0.2719298245614041,0.34414312
0.2807017543859658,0.41905928
0.2807017543859658,0.47637758
0.2807017543859658,0.40213737
0.3070175438596507,0.3967359
0.4473684210526336,0.4436125
0.6842105263157912,0.43020394
0.7631578947368425,0.42661333
0.8596491228070171,0.4521742
0.8333333333333321,0.39484808
0.1686746987951579,0.35080874
0.2168674698795172,0.40711564
0.2530120481927724,0.39904648
0.2771084337349379,0.41288784
0.2771084337349379,0.45126048
0.2409638554216968,0.39984623
0.2409638554216826,0.45692432
0.2650602409638622,0.41173363
0.2650602409638765,0.440116
0.2409638554216968,0.40386575
0.9047619047619052,0.4352579
0.9047619047619048,0.4655203
0.9047619047619052,0.421458
0.9047619047619032,0.39535114
0.8571428571428572,0.415562
0.5,0.43941948
0.4047619047619051,0.33091012
0.4047619047619033,0.44089836
0.4285714285714284,0.37563765
0.3333333333333335,0.39820686
0.0,0.3953759
0.0,0.40680227
0.0,0.42983982
0.0,0.36530012
0.0,0.34402436
0.0,0.3658976
0.0,0.42191932
0.0,0.40842968
0.0,0.42429414
0.0,0.41486543
0.2807017543859658,0.34638166
0.2807017543859658,0.41649956
0.2807017543859658,0.47518212
0.3070175438596507,0.40406424
0.4473684210526301,0.39705965
0.6842105263157912,0.44326174
0.763157894736846,0.43343204
0.8596491228070171,0.4275555
0.8333333333333321,0.45063916
0.9385964912280684,0.3939735
0.2168674698795172,0.3523879
0.2530120481927724,0.4076924
0.2771084337349379,0.4002317
0.2771084337349379,0.4122313
0.2409638554216968,0.44964728
0.2409638554216968,0.399214
0.265060240963848,0.45528325
0.2650602409638622,0.41276166
0.2409638554216968,0.43938234
0.2650602409638622,0.40409407
0.9047619047619052,0.43515784
0.9047619047619048,0.46356067
0.9047619047619052,0.422036
0.8571428571428568,0.3955372
0.5,0.4148236
0.4047619047619046,0.43706325
0.4047619047619051,0.3318412
0.4285714285714279,0.4393278
0.3333333333333335,0.3756255
0.3809523809523809,0.399626
0.0,0.39472824
0.0,0.407358
0.0,0.42996946
0.0,0.36349672
0.0,0.3473819
0.0,0.3675254
0.0,0.42181453
0.0,0.4096823
0.0,0.42402464
0.0,0.4143538
0.2807017543859658,0.34708515
0.2807017543859658,0.41590375
0.3070175438596543,0.47254264
0.4473684210526265,0.40455747
0.6842105263157912,0.3965189
0.763157894736846,0.44274747
0.8596491228070171,0.4336292
0.8333333333333357,0.4273675
0.938596491228072,0.44880146
0.8947368421052637,0.3928858
0.2530120481927582,0.35302424
0.2771084337349521,0.4076531
0.2771084337349379,0.40073505
0.2409638554216826,0.41344926
0.2409638554216968,0.45005512
0.2650602409638622,0.3989636
0.265060240963848,0.45554578
0.2409638554216826,0.4131936
0.2650602409638765,0.43889582
0.2409638554216968,0.40423295
0.9047619047619052,0.43526512
0.9047619047619048,0.46151093
0.8571428571428577,0.4213526
0.5,0.39666775
0.4047619047619046,0.41451007
0.4047619047619046,0.43624976
0.4285714285714288,0.33408746
0.3333333333333321,0.43648452
0.3809523809523809,0.37593254
0.3333333333333335,0.40189162
0.0,0.39406082
0.0,0.4078682
0.0,0.4308249
0.0,0.36202085
0.0,0.34918666
0.0,0.37021735
0.0,0.42165682
0.0,0.41043136
0.0,0.4247716
0.0,0.4142092
0.2807017543859658,0.34757975
0.3070175438596507,0.41499856
0.4473684210526301,0.47118595
0.684210526315784,0.4034209
0.763157894736846,0.39566177
0.8596491228070171,0.44290394
0.8333333333333357,0.4338895
0.938596491228072,0.42639318
0.8947368421052637,0.44797483
0.973684210526315,0.3916658
0.2771084337349379,0.35383567
0.2771084337349521,0.40763786
0.2409638554216826,0.4006125
0.2409638554216826,0.41576776
0.2650602409638765,0.45041934
0.2650602409638622,0.39998809
0.2409638554216826,0.45662618
0.2650602409638622,0.41349775
0.2409638554216968,0.43697897
0.1686746987951863,0.4038428
0.9047619047619052,0.43606377
0.8571428571428572,0.45908803
0.5000000000000009,0.42006993
0.4047619047619033,0.39765796
0.4047619047619046,0.415371
0.4285714285714288,0.4366173
0.3333333333333339,0.3366483
0.3809523809523805,0.43519422
0.3333333333333335,0.37742874
0.4285714285714288,0.40325737
0.0,0.3936583
0.0,0.40795544
0.0,0.43074486
0.0,0.3609067
0.0,0.35000563
0.0,0.37387457
0.0,0.4210866
0.0,0.41025186
0.0,0.4262176
0.0,0.4137148
0.3070175438596507,0.34719402
0.4473684210526336,0.41531956
0.6842105263157912,0.4702466
0.7631578947368425,0.40178263
0.8596491228070171,0.39442933
0.8333333333333321,0.44352648
0.938596491228072,0.4329711
0.8947368421052637,0.42463458
0.973684210526315,0.44886762
0.8947368421052637,0.39028123
0.2771084337349379,0.35448304
0.2409638554216968,0.4075744
0.2409638554216826,0.40030843
0.2650602409638622,0.41908664
0.2650602409638765,0.45249128
0.2409638554216968,0.40154377
0.265060240963848,0.4583351
0.2409638554216826,0.41354027
0.1686746987951579,0.43429926
0.3253012048192829,0.40334097
0.8571428571428572,0.4375913
0.5,0.45614842
0.4047619047619051,0.41669202
0.4047619047619033,0.39925334
0.4285714285714284,0.41708344
0.3333333333333335,0.4384335
0.3809523809523805,0.33951917
0.3333333333333321,0.4346645
0.4285714285714284,0.379765
0.6904761904761907,0.40483892
0.0,0.3940676
0.0,0.40835533
0.0,0.4308467
0.0,0.36015564
0.0,0.3488498
0.0,0.3779322
0.0,0.41994008
0.0,0.40942845
0.0,0.42763555
0.0,0.41265264
0.4473684210526301,0.3468096
0.6842105263157912,0.41688138
0.763157894736846,0.4695654
0.8596491228070171,0.3993443
0.8333333333333321,0.3933121
0.9385964912280684,0.4442995
0.8947368421052637,0.43062526
0.973684210526315,0.42194837
0.8947368421052637,0.4503903
0.6842105263157912,0.38947818
