Actual,Predicted
0.1842105263157876,0.38545004
0.2105263157894796,0.43319947
0.2105263157894725,0.37655467
0.1947368421052644,0.46043715
0.1473684210526329,0.36821154
0.1473684210526329,0.40916523
0.1210526315789479,0.3458829
0.1052631578947398,0.41386077
0.0526315789473628,0.44367415
0.0210526315789394,0.4153897
0.859154929577465,0.39754963
0.8873239436619718,0.40787333
0.8309859154929571,0.42060256
0.6338028169014085,0.39984092
0.4788732394366199,0.38165912
0.2816901408450705,0.44793296
0.056338028169014,0.36128822
-0.070422535211267,0.3783658
-0.0140845070422535,0.41597784
-0.0422535211267605,0.40279716
0.0,0.3900494
0.0,0.3965095
0.0,0.4150239
0.0,0.42808565
0.0,0.3571978
0.0,0.41850892
0.0,0.37877145
0.0,0.44408125
0.0,0.37423503
0.0,0.37749526
0.2391304347826075,0.40908688
0.2478991596638646,0.36555403
0.3279352226720657,0.44569415
0.4655870445344146,0.40318522
0.5829959514170042,0.3916169
0.7206477732793521,0.39912447
0.9311740890688274,0.37759817
1.0607287449392722,0.39305893
1.0080971659919031,0.37938708
1.040485829959514,0.3759134
0.2105263157894725,0.3817161
0.2105263157894796,0.43381485
0.1947368421052644,0.37691936
0.1473684210526329,0.4612749
0.1473684210526329,0.36844093
0.1210526315789479,0.40681574
0.1052631578947327,0.3445104
0.0526315789473699,0.41410533
0.0210526315789465,0.44716913
-0.0105263157894768,0.41336983
0.887323943661972,0.39682278
0.830985915492958,0.41298082
0.633802816901408,0.4199202
0.4788732394366199,0.39624685
0.2816901408450709,0.3834083
0.0563380281690135,0.44600117
-0.0704225352112679,0.35992384
-0.014084507042253,0.37862083
-0.04225352112676,0.4167886
0.112676056338028,0.40330082
0.0,0.38703778
0.0,0.3972146
0.0,0.4161176
0.0,0.4263714
0.0,0.35288692
0.0,0.41849062
0.0,0.37900597
0.0,0.44641525
0.0,0.37698308
0.0,0.37729302
0.2217391304347842,0.40496337
0.3025210084033602,0.36681473
0.4655870445344128,0.44537798
0.5829959514170024,0.4042759
0.720647773279353,0.39041123
0.9311740890688256,0.39661458
1.0607287449392704,0.3742169
1.0080971659919022,0.3950854
1.040485829959514,0.3802101
0.8744939271255054,0.37606508
0.2105263157894725,0.37999046
0.1947368421052644,0.43320325
0.1473684210526329,0.3773052
0.1473684210526329,0.45898464
0.1210526315789479,0.3695955
0.1052631578947398,0.40448958
0.0526315789473699,0.34492335
0.0210526315789465,0.41373786
-0.0105263157894697,0.44789535
0.1263157894736792,0.4113524
0.830985915492958,0.39582658
0.6338028169014085,0.416423
0.4788732394366195,0.42013887
0.2816901408450709,0.39370263
0.056338028169014,0.38553807
-0.0704225352112679,0.4438273
-0.0140845070422539,0.3594248
-0.04225352112676,0.37921754
0.1126760563380284,0.4151366
0.704225352112676,0.4034257
0.0,0.38570696
0.0,0.39829946
0.0,0.41641158
0.0,0.42325094
0.0,0.3509072
0.0,0.41762018
0.0,0.37968007
0.0,0.44829112
0.0,0.38163468
0.0,0.378352
0.2782608695652175,0.40233615
0.4453781512605026,0.36831167
0.5829959514170024,0.4432834
0.7206477732793548,0.4050012
0.9311740890688256,0.38888747
1.0607287449392713,0.39546698
1.0080971659919022,0.37085354
1.0404858299595148,0.39854598
0.8744939271255054,0.38070798
0.4372469635627531,0.3771984
0.1947368421052644,0.37798944
0.1473684210526329,0.43198705
0.1473684210526329,0.3772049
0.1210526315789479,0.45777395
0.1052631578947327,0.3703759
0.0526315789473699,0.40423334
0.0210526315789465,0.3443452
-0.0105263157894697,0.41413024
0.1263157894736792,0.44840333
0.1684210526315865,0.4101524
0.6338028169014085,0.39623582
0.4788732394366195,0.41937906
0.2816901408450705,0.42006114
0.056338028169014,0.39160976
-0.070422535211267,0.38705054
-0.0140845070422535,0.44147158
-0.0422535211267609,0.35907567
0.1126760563380289,0.38015524
0.704225352112676,0.4152882
0.6197183098591545,0.40261784
0.0,0.38482562
0.0,0.39898726
0.0,0.41512802
0.0,0.42127162
0.0,0.34868896
0.0,0.41776577
0.0,0.379843
0.0,0.4497071
0.0,0.38576606
0.0,0.379466
0.426086956521738,0.40094802
0.5672268907563023,0.3685278
0.720647773279353,0.44184184
0.9311740890688256,0.40644327
1.0607287449392713,0.38836172
1.0080971659919031,0.39275962
1.0404858299595148,0.36902234
0.8744939271255081,0.4016989
0.4372469635627531,0.382355
0.473684210526315,0.37778887
0.1473684210526329,0.37676758
0.1473684210526329,0.4316516
0.1210526315789479,0.37606034
0.1052631578947398,0.4563787
0.0526315789473628,0.37155735
0.0210526315789394,0.40399095
-0.0105263157894697,0.34527588
0.1263157894736792,0.41464683
0.1684210526315794,0.44759914
0.2578947368420969,0.408632
0.4788732394366199,0.39609906
0.2816901408450705,0.4226852
0.056338028169014,0.42050138
-0.070422535211267,0.39054626
-0.0140845070422535,0.38795218
-0.0422535211267605,0.43944317
0.112676056338028,0.35736355
0.7042253521126769,0.38155425
0.619718309859155,0.41431838
0.6901408450704225,0.40353736
0.0,0.3850435
0.0,0.39963123
0.0,0.41506028
0.0,0.41988662
0.0,0.34614998
0.0,0.41766298
0.0,0.38023305
0.0,0.45121166
0.0,0.38901463
0.0,0.3811795
0.5521739130434788,0.40101573
0.7100840336134446,0.36954087
0.9311740890688274,0.44026572
1.0607287449392722,0.4074518
1.0080971659919031,0.3881415
1.040485829959514,0.39107442
0.8744939271255081,0.36618537
0.4372469635627549,0.40414038
0.4736842105263168,0.38331684
0.4453441295546554,0.37855724
0.1473684210526329,0.37625358
0.1210526315789479,0.4317588
0.1052631578947327,0.37555325
0.0526315789473699,0.45609915
0.0210526315789465,0.3728081
-0.0105263157894768,0.4047042
0.1263157894736792,0.34601393
0.1684210526315794,0.41600004
0.257894736842104,0.44733503
0.3526315789473671,0.40771142
0.2816901408450709,0.39510792
0.0563380281690135,0.42468664
-0.0704225352112679,0.42158467
-0.014084507042253,0.39043713
-0.04225352112676,0.3886473
0.112676056338028,0.43796644
0.704225352112676,0.35618216
0.6197183098591554,0.3820818
0.6901408450704225,0.41334388
0.943661971830986,0.40499678
0.0,0.38621217
0.0,0.40021092
0.0,0.41525835
0.0,0.41942
0.0,0.34449622
0.0,0.41882664
0.0,0.38011226
0.0,0.45334953
0.0,0.3907497
1.045454545454561,0.38277048
0.7000000000000011,0.40027565
0.928571428571427,0.3697324
1.0607287449392704,0.4411176
1.0080971659919022,0.40795913
1.040485829959514,0.38706294
0.8744939271255054,0.3912736
0.4372469635627531,0.36412007
0.4736842105263168,0.40509152
0.4453441295546554,0.38393298
0.3562753036437254,0.3791189
0.1210526315789479,0.37566188
0.1052631578947398,0.43073016
0.0526315789473699,0.37648645
0.0210526315789465,0.45533404
-0.0105263157894697,0.37372553
0.1263157894736792,0.4047648
0.1684210526315794,0.3468306
0.257894736842104,0.4161767
0.3526315789473671,0.4462903
0.3736842105263136,0.40804833
0.056338028169014,0.39419663
-0.0704225352112679,0.42438674
-0.0140845070422539,0.42104727
-0.04225352112676,0.38924918
0.1126760563380284,0.38784456
0.704225352112676,0.43597192
0.6197183098591545,0.35829896
0.690140845070423,0.38230434
0.9436619718309858,0.41362292
0.9577464788732392,0.40665543
0.0,0.38772774
0.0,0.40090784
0.0,0.4140076
0.0,0.41863972
0.0,0.3452434
0.0,0.42076066
0.0,0.37925246
0.0,0.4540502
1.0454545454545467,0.3909957
0.2272727272727337,0.3845317
0.926086956521738,0.39868224
1.0630252100840325,0.37048188
1.0080971659919022,0.44251257
1.0404858299595148,0.4077682
0.8744939271255054,0.3865001
0.4372469635627531,0.3913457
0.473684210526315,0.36502832
0.4453441295546554,0.40468326
0.3562753036437254,0.3846258
0.344129554655872,0.3803779
0.1052631578947327,0.3756212
0.0526315789473699,0.42952237
0.0210526315789465,0.3791788
-0.0105263157894697,0.45340368
0.1263157894736792,0.37554422
0.1684210526315865,0.40490678
0.257894736842104,0.34963423
0.3526315789473671,0.41677755
0.3736842105263136,0.44254798
0.4157894736842067,0.4074621
-0.070422535211267,0.39502212
-0.0140845070422535,0.42668176
-0.0422535211267609,0.41953275
0.1126760563380289,0.38910562
0.704225352112676,0.3881578
0.6197183098591545,0.43218565
0.6901408450704225,0.3607365
0.9436619718309864,0.38149962
0.9577464788732392,0.41464275
0.971830985915493,0.40831193
0.0,0.3900433
0.0,0.4023656
0.0,0.41184193
0.0,0.41707277
0.0,0.34555626
0.0,0.42231816
0.0,0.3785164
1.0454545454545467,0.45488998
0.2272727272727195,0.39019975
0.0909090909090934,0.38775933
1.0652173913043477,0.39887962
1.008403361344537,0.37091288
1.0404858299595148,0.44344768
0.8744939271255081,0.40764445
0.4372469635627531,0.38498357
0.473684210526315,0.3915225
0.4453441295546554,0.36467853
0.3562753036437254,0.404958
0.3441295546558702,0.38511536
0.336032388663968,0.38043946
0.0526315789473628,0.37694654
0.0210526315789394,0.42866892
-0.0105263157894697,0.38178763
0.1263157894736792,0.45023844
0.1684210526315794,0.37716976
0.2578947368420969,0.40526903
0.3526315789473671,0.35527435
0.3736842105263136,0.41742003
0.4157894736842067,0.437011
0.4736842105263221,0.40767705
-0.0140845070422535,0.39787292
-0.0422535211267605,0.4270574
0.112676056338028,0.41662782
0.7042253521126769,0.3886446
0.619718309859155,0.3886305
0.6901408450704225,0.42722082
0.9436619718309855,0.365023
0.9577464788732396,0.3793863
0.9718309859154928,0.4151264
0.9859154929577464,0.41003013
0.0,0.39358127
0.0,0.4029831
0.0,0.40841419
0.0,0.41624108
0.0,0.3471518
0.0,0.4238173
1.0454545454545396,0.3784662
0.2272727272727266,0.45461836
0.0909090909090792,0.39112136
0.0,0.3899787
1.0086956521739123,0.4008314
1.042016806722688,0.3711388
0.8744939271255081,0.44487754
0.4372469635627549,0.40788928
0.4736842105263168,0.38355365
0.4453441295546554,0.39107516
0.3562753036437236,0.36553273
0.3441295546558702,0.40569738
0.336032388663968,0.38431337
0.344129554655872,0.380355
0.0210526315789465,0.3797893
-0.0105263157894768,0.42809188
0.1263157894736792,0.3816781
0.1684210526315794,0.44859722
0.257894736842104,0.37943783
0.3526315789473671,0.4071804
0.3736842105263136,0.36179572
0.4157894736842067,0.41730908
0.473684210526315,0.43297064
0.4842105263157918,0.41064683
-0.04225352112676,0.39925697
0.112676056338028,0.42429197
0.704225352112676,0.41204092
0.6197183098591554,0.38691285
0.6901408450704225,0.3874902
0.943661971830986,0.42361784
0.9577464788732396,0.36943898
0.971830985915493,0.37707937
0.9859154929577464,0.41481403
0.9859154929577464,0.4127126
0.0,0.3977609
0.0,0.40130946
0.0,0.4036672
0.0,0.41624004
0.0,0.35007533
1.045454545454561,0.4261642
0.2272727272727266,0.37860212
0.0909090909090934,0.45430806
0.0,0.3916476
0.0,0.39064288
1.0434782608695643,0.4044525
0.8697478991596626,0.36964676
0.4372469635627531,0.44805548
0.4736842105263168,0.40931973
0.4453441295546554,0.3843428
0.3562753036437254,0.38935754
0.3441295546558702,0.3685149
0.3360323886639698,0.40310186
0.3441295546558702,0.3814816
0.3400809716599191,0.37928444
-0.0105263157894697,0.38388175
0.1263157894736792,0.42837185
0.1684210526315794,0.37951002
0.257894736842104,0.44860363
0.3526315789473671,0.380729
0.3736842105263136,0.41028193
0.4157894736842067,0.36873138
0.473684210526315,0.41766337
0.4842105263157918,0.43251392
0.4947368421052616,0.41321042
0.1126760563380284,0.40165418
0.704225352112676,0.4236268
0.6197183098591545,0.40796247
0.690140845070423,0.38526925
0.9436619718309858,0.38758105
0.9577464788732392,0.42205057
0.971830985915493,0.37147805
0.9859154929577468,0.37564403
0.9859154929577464,0.41402024
0.9859154929577464,0.41425335
0.0,0.4019763
0.0,0.3978274
0.0,0.40104234
0.0,0.41838485
1.0454545454545467,0.34983245
0.2272727272727337,0.4304419
0.0909090909090934,0.3776803
0.0,0.45508048
0.0,0.3913019
0.0909090909090934,0.39262542
0.8652173913043466,0.40685794
0.4159663865546221,0.36871004
0.473684210526315,0.45206153
0.4453441295546554,0.4120303
0.3562753036437254,0.3819807
0.344129554655872,0.3872666
0.336032388663968,0.37061957
0.3441295546558702,0.40196747
0.3400809716599191,0.38239804
0.3198380566801617,0.37678948
0.1263157894736792,0.39026123
0.1684210526315865,0.4278987
0.257894736842104,0.37478533
0.3526315789473671,0.44551075
0.3736842105263136,0.38463444
0.4157894736842067,0.4126818
0.473684210526315,0.37516364
0.4842105263157918,0.41895834
0.4947368421052616,0.43574217
0.5052631578947384,0.41351196
0.704225352112676,0.40557334
0.6197183098591545,0.4211111
0.6901408450704225,0.40555033
0.9436619718309864,0.38460997
0.9577464788732392,0.3866308
0.971830985915493,0.42482919
0.9859154929577464,0.37020525
0.9859154929577468,0.3779461
0.9859154929577464,0.41134673
0.971830985915493,0.4105284
0.0,0.40449357
0.0,0.39422873
0.0,0.4009881
1.0454545454545467,0.42019552
0.2272727272727195,0.3503755
0.0909090909090934,0.43501174
0.0,0.37552306
0.0,0.45630476
0.0909090909090792,0.3916805
0.3636363636363739,0.39484537
0.3956521739130441,0.40828887
0.4537815126050404,0.36968777
0.4453441295546554,0.45586178
0.3562753036437254,0.41225946
0.3441295546558702,0.3755279
0.336032388663968,0.3854572
0.3441295546558702,0.3725294
0.3400809716599173,0.40074056
0.3198380566801617,0.38322103
0.3117408906882595,0.37389046
0.1684210526315794,0.3978658
0.2578947368420969,0.42828935
0.3526315789473671,0.37147275
0.3736842105263136,0.4425104
0.4157894736842067,0.38649777
0.4736842105263221,0.41355097
0.4842105263157918,0.37596583
0.4947368421052616,0.41922346
0.5052631578947384,0.44487992
0.5,0.41477075
0.619718309859155,0.41136578
0.6901408450704225,0.41586915
0.9436619718309855,0.4028942
0.9577464788732396,0.38364923
0.9718309859154928,0.3857461
0.9859154929577464,0.43000668
0.9859154929577464,0.36783025
0.9859154929577468,0.38249934
0.9718309859154928,0.40816906
0.9859154929577464,0.40149695
0.0,0.40585068
0.0,0.39026555
1.0454545454545396,0.4068277
0.2272727272727266,0.42195845
0.0909090909090792,0.35142165
0.0,0.43741995
0.0,0.37298614
0.0909090909090934,0.45475817
0.3636363636363597,0.39190465
0.2272727272727337,0.3942585
0.4347826086956523,0.40919164
0.4243697478991581,0.37018782
0.3562753036437236,0.45973778
0.3441295546558702,0.41054866
0.336032388663968,0.3687566
0.344129554655872,0.38652015
0.3400809716599173,0.37457293
0.3198380566801617,0.39849696
0.3117408906882595,0.3856546
0.2995951417004043,0.37495846
0.257894736842104,0.40441027
0.3526315789473671,0.4329473
0.3736842105263136,0.36729667
0.4157894736842067,0.44264695
0.473684210526315,0.38504684
0.4842105263157918,0.4156298
0.4947368421052616,0.3714489
0.5052631578947384,0.41909462
0.5,0.453138
0.5052631578947384,0.41759264
0.6901408450704225,0.41892865
0.943661971830986,0.41202036
0.9577464788732396,0.4026681
0.971830985915493,0.38647848
0.9859154929577464,0.38381267
0.9859154929577464,0.43807033
0.9859154929577464,0.36065653
0.971830985915493,0.38916853
0.9859154929577464,0.40622032
0.9859154929577464,0.39365998
0.0,0.40561593
1.045454545454561,0.38501245
0.2272727272727266,0.41465932
0.0909090909090934,0.42315334
0.0,0.34921178
0.0,0.4381979
0.0909090909090934,0.3685062
0.3636363636363597,0.45581833
0.2272727272727195,0.3900668
0.3636363636363739,0.39089304
0.4043478260869566,0.41414654
0.3319327731092425,0.37107778
0.3441295546558702,0.46536088
0.3360323886639698,0.40846127
0.3441295546558702,0.36591345
0.3400809716599191,0.38459286
0.3198380566801617,0.37545878
0.3117408906882595,0.39705175
0.2995951417004043,0.3861851
0.2834008097165998,0.3786934
0.3526315789473671,0.40427375
0.3736842105263136,0.44156304
0.4157894736842067,0.36024392
0.473684210526315,0.44734007
0.4842105263157918,0.37700102
0.4947368421052616,0.4175241
0.5052631578947384,0.35771546
0.5,0.41618994
0.5052631578947384,0.45311853
0.5157894736842081,0.41714218
0.9436619718309858,0.42615536
0.9577464788732392,0.41077346
0.971830985915493,0.40576383
0.9859154929577468,0.39307657
0.9859154929577464,0.3784438
0.9859154929577464,0.44545892
0.971830985915493,0.34993905
0.9859154929577468,0.39202756
0.9859154929577464,0.40532202
0.9859154929577464,0.38319346
1.0454545454545467,0.40757793
0.2272727272727337,0.38634962
0.0909090909090934,0.42845348
0.0,0.42449722
0.0,0.34556043
0.0909090909090934,0.43843442
0.3636363636363597,0.36322698
0.2272727272727266,0.45334196
0.3636363636363597,0.39220873
0.1818181818181869,0.3880815
0.3086956521739132,0.42311072
0.3193277310924376,0.3761176
0.336032388663968,0.46972543
0.3441295546558702,0.40540376
0.3400809716599191,0.36659887
0.3198380566801617,0.38554376
0.3117408906882577,0.37352595
0.2995951417004061,0.39887184
0.2834008097165998,0.38811854
0.2712550607287447,0.38403636
0.3736842105263136,0.3976372
0.4157894736842067,0.44701585
0.473684210526315,0.35803205
0.4842105263157918,0.45627883
0.4947368421052616,0.3720917
0.5052631578947384,0.4139413
0.5,0.342745
0.5052631578947384,0.41523317
0.5157894736842081,0.4492081
0.5368421052631618,0.41740078
0.9577464788732392,0.4236233
0.971830985915493,0.41118792
0.9859154929577464,0.41178823
0.9859154929577468,0.40035418
0.9859154929577464,0.37812227
0.971830985915493,0.4491481
0.9859154929577464,0.34152803
0.9859154929577468,0.39173818
0.9859154929577464,0.4079288
0.9859154929577464,0.37908643
0.2272727272727195,0.40743586
0.0909090909090934,0.38623658
0.0,0.43276507
0.0,0.428451
0.0909090909090792,0.34074175
0.3636363636363739,0.4341574
0.2272727272727266,0.36914867
0.3636363636363597,0.45032528
0.1818181818181869,0.39507085
0.0454545454545467,0.37617344
0.2956521739130426,0.42828134
0.310924369747898,0.3777873
0.3441295546558702,0.4673575
0.3400809716599173,0.40444368
0.3198380566801617,0.37268642
0.3117408906882595,0.38261884
0.2995951417004026,0.37145233
0.2834008097165998,0.3990489
0.2712550607287447,0.39153793
0.2469635627530362,0.38564807
0.4157894736842067,0.3912588
0.4736842105263221,0.44544563
0.4842105263157918,0.35813335
0.4947368421052616,0.46480167
0.5052631578947384,0.36638626
0.5,0.41632843
0.5052631578947384,0.33359486
0.5157894736842152,0.41558605
0.5368421052631547,0.44705942
0.5578947368421012,0.41907433
0.9718309859154928,0.41974482
0.9859154929577464,0.41062024
0.9859154929577464,0.4183385
0.9859154929577468,0.40674517
0.9718309859154928,0.37406766
0.9859154929577464,0.4505614
0.9859154929577464,0.3430099
0.9859154929577468,0.38761812
0.9859154929577464,0.41270876
0.9859154929577464,0.3784352
0.0909090909090792,0.40501663
0.0,0.38889104
0.0,0.43059728
0.0909090909090934,0.43643153
0.3636363636363597,0.34253925
0.2272727272727337,0.4333725
0.3636363636363597,0.3751414
0.1818181818181798,0.4455149
0.0454545454545325,0.3938256
0.0,0.36795795
0.2869565217391301,0.4282535
0.3193277310924376,0.36666146
0.3400809716599173,0.46538204
0.3198380566801617,0.40751934
0.3117408906882595,0.3783213
0.2995951417004043,0.38530523
0.2834008097165981,0.37613174
0.2712550607287465,0.3985291
0.2469635627530362,0.39160627
0.2510121457489873,0.3809579
0.473684210526315,0.39009228
0.4842105263157918,0.44936287
0.4947368421052616,0.35213435
0.5052631578947384,0.4617014
0.5,0.36673275
0.5052631578947384,0.42134544
0.5157894736842152,0.33056152
0.5368421052631547,0.4120202
0.5578947368421012,0.4440682
0.6157894736842167,0.4254582
0.9859154929577464,0.41821897
0.9859154929577464,0.4053958
0.9859154929577464,0.42097086
0.971830985915493,0.41048992
0.9859154929577464,0.36173165
0.9859154929577464,0.45809677
0.9859154929577464,0.33802584
0.9859154929577468,0.38922668
0.9859154929577464,0.40367413
0.9577464788732392,0.37848935
0.0,0.40876302
0.0,0.39562693
0.0909090909090934,0.44435817
0.3636363636363597,0.43753487
0.2272727272727195,0.35243368
0.3636363636363739,0.43471578
0.1818181818181869,0.37433165
0.0454545454545467,0.44644108
0.0,0.39061424
0.0454545454545467,0.3709686
0.2956521739130426,0.43542507
0.3151260504201669,0.37408048
0.3198380566801617,0.46356788
0.3117408906882595,0.41141272
0.2995951417004043,0.3852945
0.2834008097165998,0.38971928
0.2712550607287447,0.38138056
0.246963562753038,0.39172465
0.2510121457489873,0.39141268
0.2550607287449402,0.38811445
0.4842105263157918,0.3876499
0.4947368421052616,0.4402704
0.5052631578947384,0.35340184
0.5,0.46130365
0.5052631578947384,0.37192565
0.5157894736842081,0.4171648
0.5368421052631618,0.33568975
0.5578947368421083,0.42222965
0.6157894736842096,0.44084734
0.6368421052631561,0.42382327
0.9859154929577464,0.4157831
0.9859154929577464,0.40272054
0.971830985915493,0.41996673
0.9859154929577468,0.41464913
0.9859154929577464,0.36753753
0.9859154929577464,0.45792887
0.9859154929577464,0.34203494
0.9859154929577468,0.38176242
0.9577464788732392,0.41404215
0.8732394366197183,0.38633978
0.0,0.41005996
0.0909090909090934,0.39178804
0.3636363636363597,0.42660218
0.2272727272727266,0.4376454
0.3636363636363597,0.34928343
0.1818181818181869,0.42771053
0.0454545454545396,0.37952134
0.0,0.45169106
0.0454545454545325,0.3837956
0.0,0.37315154
0.2913043478260881,0.4304871
0.2941176470588225,0.36053744
0.3117408906882577,0.4624992
0.2995951417004061,0.4119544
0.2834008097165998,0.3866163
0.2712550607287447,0.39428368
0.2469635627530362,0.37922418
0.2510121457489873,0.38803092
0.2550607287449384,0.38674077
0.287449392712551,0.37857983
0.4947368421052616,0.400497
0.5052631578947384,0.4322161
0.5,0.35922626
0.5052631578947384,0.4572341
0.5157894736842081,0.371117
0.5368421052631618,0.41819125
0.5578947368421012,0.34027213
0.6157894736842096,0.42209816
0.6368421052631561,0.444344
0.6684210526315866,0.43065503
0.9859154929577464,0.41053137
0.971830985915493,0.39692268
0.9859154929577464,0.41877958
0.9859154929577468,0.4159597
0.9859154929577464,0.36820683
0.9859154929577464,0.45078883
0.9859154929577464,0.34601057
0.9577464788732396,0.38449174
0.8732394366197185,0.40438184
0.8591549295774645,0.39462453
0.0909090909090792,0.41194814
0.3636363636363739,0.39309078
0.2272727272727266,0.42326516
0.3636363636363597,0.44328523
0.1818181818181869,0.3564308
0.0454545454545467,0.42581058
0.0,0.37857038
0.0454545454545467,0.44237974
0.0,0.38354796
0.0,0.37373364
0.2695652173913032,0.4220237
0.2857142857142847,0.35266405
0.2995951417004026,0.45530725
0.2834008097165998,0.40826106
0.2712550607287447,0.38454586
0.2469635627530362,0.40090603
0.2510121457489855,0.38691223
0.2550607287449402,0.38369948
0.287449392712551,0.38287064
0.2793522267206487,0.38674244
0.5052631578947384,0.39894608
0.5,0.42605442
0.5052631578947384,0.3681141
0.5157894736842152,0.4637016
0.5368421052631547,0.36973733
0.5578947368421012,0.42161232
0.6157894736842096,0.34649602
0.6368421052631561,0.42165473
0.6684210526315795,0.44605833
0.7000000000000028,0.42931673
0.9718309859154928,0.40293193
0.9859154929577464,0.39886537
0.9859154929577464,0.42139462
0.9859154929577468,0.41610345
0.9859154929577464,0.372438
0.9859154929577464,0.4497027
0.9577464788732396,0.35234007
0.8732394366197185,0.37689734
0.859154929577465,0.41125116
0.788732394366197,0.40352654
0.3636363636363597,0.40635812
0.2272727272727337,0.39644948
0.3636363636363597,0.41076204
0.1818181818181798,0.44133776
0.0454545454545325,0.36320457
0.0,0.4270306
0.0454545454545396,0.37814486
0.0,0.4453991
0.0,0.37778863
0.0,0.3747417
0.2608695652173907,0.41333762
0.273109243697478,0.3524468
0.2834008097165981,0.45125324
0.2712550607287465,0.40462124
0.2469635627530362,0.3868504
0.2510121457489873,0.40476972
0.2550607287449384,0.3883205
0.2874493927125527,0.3781537
0.2793522267206469,0.3822791
0.2914979757085021,0.37980786
0.5,0.3868608
0.5052631578947384,0.4245382
0.5157894736842152,0.3731032
0.5368421052631547,0.4652785
0.5578947368421012,0.3634172
0.6157894736842167,0.41881692
0.6368421052631632,0.3356105
0.6684210526315795,0.41804424
0.7000000000000028,0.4583372
0.7000000000000028,0.4263504
0.9859154929577464,0.40020892
0.9859154929577464,0.40135157
0.9859154929577464,0.4208404
0.9859154929577468,0.4031122
0.9859154929577464,0.37614372
0.9577464788732392,0.45142302
0.873239436619718,0.35808825
0.8591549295774654,0.38099685
0.788732394366197,0.41256523
0.7183098591549295,0.39840016
0.2272727272727195,0.39665842
0.3636363636363739,0.39826068
0.1818181818181869,0.41650197
0.0454545454545467,0.44548517
0.0,0.35566652
0.0454545454545467,0.42973778
0.0,0.3779772
0.0,0.43942982
0.0,0.3788117
0.0,0.3726049
0.2478260869565218,0.39943016
0.2563025210084024,0.35229522
0.2712550607287447,0.44876963
0.246963562753038,0.40500224
0.2510121457489873,0.38335258
0.2550607287449402,0.40414247
0.287449392712551,0.3881548
0.2793522267206469,0.38013926
0.2914979757085021,0.38645786
0.3198380566801617,0.37815464
0.5052631578947384,0.3816352
0.5157894736842081,0.4264475
0.5368421052631618,0.37161902
0.5578947368421083,0.46302846
0.6157894736842096,0.36313814
0.6368421052631561,0.40730256
0.6684210526315795,0.3446877
0.7000000000000028,0.4169136
0.7000000000000028,0.45142063
0.7052631578947341,0.4200055
0.9859154929577464,0.39226213
0.9859154929577464,0.40924346
0.9859154929577464,0.42105493
0.9859154929577468,0.39065167
0.9577464788732392,0.38006693
0.8732394366197183,0.4461467
0.8591549295774645,0.35609755
0.7887323943661979,0.38196164
0.7183098591549295,0.40998182
0.6056338028169015,0.40441114
0.3636363636363597,0.3983553
0.1818181818181869,0.40102226
0.0454545454545396,0.42384198
0.0,0.43599564
0.0454545454545325,0.353834
0.0,0.42814118
0.0,0.37642744
0.0,0.44700846
0.0,0.38418987
0.0,0.3805199
0.230434782608695,0.3929619
0.2436974789915957,0.3664249
0.2469635627530362,0.4351558
0.2510121457489873,0.4057095
0.2550607287449384,0.3867119
0.287449392712551,0.3987299
0.2793522267206469,0.3836115
0.2914979757085021,0.38607675
0.3198380566801617,0.38270414
0.3927125506072872,0.3856047
0.5157894736842081,0.38172624
0.5368421052631618,0.42739648
0.5578947368421012,0.36703262
0.6157894736842096,0.4668855
0.6368421052631561,0.36893445
0.6684210526315866,0.4008258
0.7000000000000028,0.34835336
0.7000000000000028,0.41818148
0.7052631578947341,0.45112288
0.6842105263157876,0.4184058
0.9859154929577464,0.3863804
0.9859154929577464,0.4070072
0.9859154929577464,0.42322743
0.9577464788732396,0.38919914
0.8732394366197185,0.38167915
0.8591549295774645,0.44882745
0.7887323943661975,0.35087684
0.7183098591549295,0.37589094
0.6056338028169015,0.4089005
0.5070422535211265,0.40530384
0.1818181818181869,0.3907846
0.0454545454545467,0.39552826
0.0,0.4179966
0.0454545454545467,0.4291951
0.0,0.35335702
0.0,0.42260864
0.0,0.3770766
0.0,0.4606883
0.0,0.3881533
0.0,0.3779273
0.2173913043478261,0.39761695
0.2184873949579824,0.3778506
0.2510121457489855,0.43938473
0.2550607287449402,0.4046905
0.287449392712551,0.39286667
0.2793522267206487,0.39271054
0.2914979757085003,0.37831742
0.3198380566801617,0.38945016
0.3927125506072872,0.37601346
0.4615384615384617,0.3830959
0.5368421052631547,0.37900668
0.5578947368421012,0.42817986
0.6157894736842096,0.35893765
0.6368421052631561,0.46280026
0.6684210526315795,0.3768832
0.7000000000000028,0.39576352
0.7000000000000028,0.34894606
0.7052631578947341,0.4225215
0.6842105263157876,0.45051634
0.6736842105263179,0.40947047
0.9859154929577464,0.3904029
0.9859154929577464,0.4251046
0.9577464788732396,0.4242388
0.8732394366197185,0.3911215
0.859154929577465,0.3841208
0.788732394366197,0.44716385
0.7183098591549295,0.3442788
0.6056338028169019,0.37819794
0.5070422535211265,0.411816
0.5352112676056335,0.4066815
0.0454545454545325,0.3880648
0.0,0.396274
0.0454545454545396,0.41361842
0.0,0.4133261
0.0,0.34194788
0.0,0.41646558
0.0,0.37666917
0.0,0.4646274
0.0,0.39490208
0.0,0.38481992
0.1913043478260867,0.39749387
0.2226890756302495,0.37866592
0.2550607287449384,0.43317598
0.2874493927125527,0.40873808
0.2793522267206469,0.39837924
0.2914979757085021,0.38981703
0.3198380566801617,0.3636065
0.3927125506072872,0.40160584
0.4615384615384617,0.37863424
0.4453441295546554,0.38163733
0.5578947368421012,0.3774351
0.6157894736842167,0.4318518
0.6368421052631632,0.3631611
0.6684210526315795,0.4662089
0.7000000000000028,0.36882943
0.7000000000000028,0.40186527
0.7052631578947341,0.34249213
0.6842105263157876,0.41844085
0.6736842105263179,0.45459646
0.6421052631579016,0.41245234
0.9859154929577464,0.38757396
0.9577464788732392,0.42316797
0.873239436619718,0.43016058
0.8591549295774654,0.38638565
0.788732394366197,0.38424662
0.7183098591549295,0.445853
0.605633802816901,0.34217885
0.5070422535211274,0.38129482
0.535211267605634,0.409174
0.436619718309859,0.40677682
0.0,0.38584986
0.0454545454545467,0.39945853
0.0,0.41833892
0.0,0.41599768
0.0,0.34049436
0.0,0.4227568
0.0,0.37482002
0.0,0.46720907
0.0,0.39745006
0.0,0.38192374
0.195652173913043,0.3964428
0.2268907563025202,0.3781483
0.287449392712551,0.43622965
0.2793522267206469,0.40970138
0.2914979757085021,0.38884953
0.3198380566801617,0.3899147
0.3927125506072872,0.36128703
0.4615384615384617,0.3987208
0.4453441295546554,0.3796028
0.5020242914979764,0.3859438
0.6157894736842096,0.37375534
0.6368421052631561,0.43778247
0.6684210526315795,0.37052688
0.7000000000000028,0.46792275
0.7000000000000028,0.36982936
0.7052631578947341,0.39897713
0.6842105263157876,0.34019747
0.6736842105263179,0.4216168
0.6421052631578945,0.44604835
0.6421052631579016,0.4069755
0.9577464788732392,0.38218635
0.8732394366197183,0.43152243
0.8591549295774645,0.43499196
0.7887323943661979,0.38940004
0.7183098591549295,0.3894164
0.6056338028169015,0.44603658
0.5070422535211265,0.34062344
0.5352112676056344,0.37504882
0.4366197183098594,0.41340047
0.436619718309859,0.41239816
0.0454545454545325,0.38485676
0.0,0.39881214
0.0,0.41221264
0.0,0.4100461
0.0,0.3320136
0.0,0.42362627
0.0,0.37589616
0.0,0.47578847
0.0,0.3953392
0.0,0.3819403
0.1999999999999993,0.40344912
0.2605042016806713,0.3806935
0.2793522267206469,0.44084024
0.2914979757085021,0.41123304
0.3198380566801617,0.39042172
0.3927125506072872,0.38993847
0.4615384615384599,0.35137808
0.4453441295546554,0.40461907
0.5020242914979764,0.37735257
0.5182186234817827,0.38001007
0.6368421052631561,0.37045306
0.6684210526315866,0.4363897
0.7000000000000028,0.36988893
0.7000000000000028,0.46970677
0.7052631578947341,0.36702535
0.6842105263157876,0.39828762
0.6736842105263179,0.33537188
0.6421052631578945,0.42260984
0.6421052631578945,0.44872403
0.6631578947368411,0.40728155
0.8732394366197185,0.38476077
0.8591549295774645,0.42837524
0.7887323943661975,0.4330141
0.7183098591549295,0.3849541
0.6056338028169015,0.38820073
0.5070422535211265,0.44670975
0.535211267605634,0.34398213
0.4366197183098599,0.37577412
0.4366197183098594,0.41504323
0.436619718309859,0.408818
0.0,0.38468513
0.0,0.39956033
0.0,0.41297716
0.0,0.41457558
0.0,0.33219922
0.0,0.42599905
0.0,0.37495223
0.0,0.47465557
0.0,0.3966245
0.0,0.37940824
0.234782608695653,0.40048715
0.2521008403361335,0.37957838
0.2914979757085003,0.4407985
0.3198380566801617,0.41088048
0.3927125506072872,0.38730896
0.4615384615384617,0.38852277
0.4453441295546554,0.35509962
0.5020242914979764,0.40652257
0.5182186234817827,0.37952995
0.4696356275303657,0.38086656
0.6684210526315795,0.36966237
0.7000000000000028,0.43480977
0.7000000000000028,0.366147
0.7052631578947341,0.47137195
0.6842105263157876,0.36744407
0.6736842105263179,0.39662313
0.6421052631578945,0.33732936
0.6421052631578945,0.424208
0.6631578947368411,0.44940248
0.689473684210526,0.40852454
0.859154929577465,0.38093427
0.788732394366197,0.42513394
0.7183098591549295,0.4324996
0.6056338028169019,0.3814181
0.5070422535211265,0.38672912
0.5352112676056335,0.44801652
0.436619718309859,0.34345958
0.4366197183098599,0.37442222
0.4366197183098594,0.4149351
0.5070422535211265,0.41050363
0.0,0.38602987
0.0,0.39960483
0.0,0.4129785
0.0,0.41624123
0.0,0.33541268
0.0,0.4281387
0.0,0.37404618
0.0,0.47748515
0.0,0.39787593
0.0,0.379464
0.2260869565217387,0.39874148
0.2647058823529402,0.38347608
0.3198380566801617,0.44059312
0.3927125506072872,0.4097112
0.4615384615384617,0.38906473
0.4453441295546554,0.3866485
0.5020242914979747,0.35854203
0.5182186234817827,0.40458617
0.4696356275303639,0.37803507
0.4210526315789469,0.38215777
0.7000000000000028,0.36852717
0.7000000000000028,0.43311083
0.7052631578947341,0.3614879
0.6842105263157876,0.47237962
0.6736842105263179,0.3689469
0.6421052631579016,0.39620453
0.6421052631578945,0.33747813
0.6631578947368411,0.42562103
0.689473684210526,0.4526945
0.7105263157894797,0.41125622
0.788732394366197,0.37805223
0.7183098591549295,0.4198206
0.605633802816901,0.43257985
0.5070422535211274,0.37847713
0.535211267605634,0.38385612
0.436619718309859,0.4516818
0.436619718309859,0.34185758
0.4366197183098599,0.3748183
0.5070422535211265,0.4144627
0.6056338028169015,0.4098302
0.0,0.38457865
0.0,0.39826605
0.0,0.41372272
0.0,0.41776487
0.0,0.33806434
0.0,0.4291406
0.0,0.3731639
0.0,0.4796455
0.0,0.39730093
0.0,0.37930095
0.2391304347826075,0.39779717
0.2941176470588225,0.3856596
0.3927125506072872,0.44246215
0.4615384615384617,0.40855342
0.4453441295546554,0.3913944
0.5020242914979764,0.38479602
0.5182186234817809,0.36203408
0.4696356275303657,0.4008442
0.4210526315789469,0.37659737
0.3603238866396765,0.38258344
0.7000000000000028,0.36826155
0.7052631578947341,0.43284333
0.6842105263157876,0.35700265
0.6736842105263179,0.47128546
0.6421052631578945,0.37302893
0.6421052631579016,0.39341503
0.6631578947368411,0.34065422
0.689473684210526,0.42721808
0.7105263157894726,0.45033008
0.7315789473684191,0.40997475
0.7183098591549295,0.37400386
0.6056338028169015,0.421824
0.5070422535211265,0.43398103
0.5352112676056344,0.37779304
0.4366197183098594,0.3837361
0.436619718309859,0.4531901
0.436619718309859,0.33946365
0.5070422535211274,0.3744344
0.6056338028169015,0.4138356
0.732394366197183,0.41440216
0.0,0.38539544
0.0,0.39875865
0.0,0.4118284
0.0,0.41384426
0.0,0.33667076
0.0,0.42829335
0.0,0.37279382
0.0,0.48245707
0.0,0.39848545
0.0,0.38224065
0.2695652173913032,0.39897308
0.3697478991596625,0.38871112
0.4615384615384599,0.44087967
0.4453441295546554,0.40894857
0.5020242914979764,0.3940967
0.5182186234817827,0.3834742
0.4696356275303639,0.35978705
0.4210526315789469,0.40232506
0.3603238866396747,0.37359688
0.2914979757085021,0.3822662
0.7052631578947341,0.3693493
0.6842105263157876,0.43423745
0.6736842105263179,0.35618794
0.6421052631578945,0.47228283
0.6421052631578945,0.37326664
0.6631578947368411,0.39394876
0.689473684210526,0.3415119
0.7105263157894726,0.4264448
0.7315789473684191,0.44999453
0.7789473684210506,0.4117305
0.6056338028169015,0.3692493
0.5070422535211265,0.41987696
0.535211267605634,0.43700156
0.4366197183098599,0.3769824
0.4366197183098594,0.3847633
0.436619718309859,0.45427513
0.5070422535211265,0.33735043
0.6056338028169019,0.37208578
0.732394366197183,0.41155803
0.8169014084507045,0.41766956
0.0,0.38453802
0.0,0.397936
0.0,0.4128772
0.0,0.41430366
0.0,0.33778363
0.0,0.4282046
0.0,0.371951
0.0,0.4860006
0.0,0.39762995
0.0,0.38163778
0.3478260869565215,0.39995536
0.4411764705882337,0.3911618
0.4453441295546554,0.44458643
0.5020242914979764,0.4080915
0.5182186234817827,0.39326403
0.4696356275303657,0.38326785
0.4210526315789451,0.35718313
0.3603238866396765,0.4004284
0.2914979757085021,0.3692875
0.2388663967611339,0.38109705
0.6842105263157876,0.37010634
0.6736842105263179,0.43561643
0.6421052631578945,0.35661715
0.6421052631578945,0.47080413
0.6631578947368411,0.37516615
0.689473684210526,0.3928524
0.7105263157894726,0.34232324
0.7315789473684191,0.4264359
0.7789473684210577,0.44572833
0.7789473684210506,0.4109309
0.5070422535211265,0.36765683
0.5352112676056335,0.42147043
0.436619718309859,0.43915772
0.4366197183098599,0.37957624
0.4366197183098594,0.38648644
0.5070422535211265,0.45526046
0.605633802816901,0.3371132
0.7323943661971835,0.37036613
0.816901408450704,0.41258833
0.8873239436619718,0.4207018
0.0,0.3838786
0.0,0.39695144
0.0,0.41008854
0.0,0.4099112
0.0,0.33699173
0.0,0.42625424
0.0,0.37164655
0.0,0.4881896
0.0,0.39643043
0.0,0.3823241
0.4217391304347835,0.40331194
0.4243697478991581,0.3919633
0.5020242914979747,0.44606334
0.5182186234817827,0.40861842
0.4696356275303639,0.39490992
0.4210526315789469,0.3837257
0.3603238866396747,0.352898
0.2914979757085021,0.40239668
0.2388663967611339,0.3669809
0.2024291497975721,0.3788374
0.6736842105263179,0.3680481
0.6421052631579016,0.43686202
0.6421052631578945,0.35773098
0.6631578947368411,0.4715087
0.689473684210526,0.37309766
0.7105263157894797,0.3942435
0.7315789473684191,0.33922964
0.7789473684210577,0.42577326
0.7789473684210577,0.44458944
0.7894736842105274,0.41222632
0.535211267605634,0.3672055
0.436619718309859,0.42188305
0.436619718309859,0.4398714
0.4366197183098599,0.3779214
0.5070422535211265,0.38535812
0.6056338028169015,0.45504498
0.732394366197183,0.3395081
0.8169014084507045,0.37007487
0.887323943661972,0.41337857
0.9295774647887324,0.42158246
0.0,0.38378865
0.0,0.3983572
0.0,0.41052046
0.0,0.4104072
0.0,0.33712274
0.0,0.42876193
0.0,0.37100667
0.0,0.48822808
0.0,0.39496788
0.0,0.38120213
0.4043478260869566,0.403009
0.4831932773109244,0.39073592
0.5182186234817809,0.44746193
0.4696356275303657,0.40955076
0.4210526315789469,0.39428124
0.3603238866396765,0.3844927
0.2914979757085003,0.3536549
0.2388663967611322,0.4007503
0.2024291497975703,0.3661714
0.1740890688259124,0.37810856
0.6421052631578945,0.36716232
0.6421052631579016,0.43877995
0.6631578947368411,0.35924047
0.689473684210526,0.47238454
0.7105263157894726,0.3710982
0.7315789473684191,0.39597598
0.7789473684210506,0.337739
0.7789473684210577,0.42687896
0.7894736842105274,0.44213885
0.7684210526315809,0.41319895
0.4366197183098594,0.36739585
0.436619718309859,0.42325422
0.436619718309859,0.44004166
0.5070422535211274,0.3766746
0.6056338028169015,0.38577157
0.732394366197183,0.4547243
0.8169014084507045,0.34165308
0.887323943661972,0.3675354
0.9295774647887324,0.4146352
0.971830985915493,0.42365286
0.0,0.38445517
0.0,0.39980075
0.0,0.4089573
0.0,0.41043648
0.0,0.33654296
0.0,0.43114874
0.0,0.37038252
0.0,0.48989165
0.0,0.39275458
0.0,0.38063452
0.465217391304348,0.40401602
0.5,0.38918266
0.4696356275303639,0.4500845
0.4210526315789469,0.41067797
0.3603238866396747,0.3933111
0.2914979757085021,0.38429043
0.2388663967611322,0.3541387
0.2024291497975703,0.39940986
0.1740890688259107,0.36453187
0.1659919028340084,0.37572592
0.6421052631578945,0.36641258
0.6631578947368411,0.43766785
0.689473684210526,0.35872048
0.7105263157894726,0.473346
0.7315789473684191,0.37058526
0.7789473684210506,0.39672375
0.7789473684210506,0.3380864
0.7894736842105274,0.4293395
0.7684210526315809,0.43891037
0.7263157894736807,0.4135592
0.4366197183098594,0.3696716
0.436619718309859,0.42386544
0.5070422535211265,0.43939704
0.6056338028169019,0.37600598
0.732394366197183,0.3851745
0.8169014084507045,0.45406607
0.8873239436619715,0.34547558
0.9295774647887328,0.36467582
0.9718309859154928,0.4166146
0.971830985915493,0.4241364
0.0,0.3856833
0.0,0.40105942
0.0,0.4063745
0.0,0.41014025
0.0,0.33825693
0.0,0.43239456
0.0,0.37002403
0.0,0.49159262
0.0,0.39165428
0.0,0.38072473
0.4826086956521749,0.40402466
0.4495798319327733,0.38808757
0.4210526315789451,0.45134965
0.3603238866396765,0.4113971
0.2914979757085021,0.3933568
0.2388663967611339,0.3841932
0.2024291497975721,0.35659134
0.1740890688259124,0.39892066
0.1659919028340084,0.36326107
0.1659919028340084,0.37378067
0.6631578947368411,0.3668198
0.689473684210526,0.4361577
0.7105263157894726,0.35848173
0.7315789473684191,0.47296113
0.7789473684210577,0.37062705
0.7789473684210506,0.3972986
0.7894736842105274,0.33925006
0.7684210526315809,0.43071133
0.7263157894736878,0.43683565
0.6947368421052644,0.4134627
0.4366197183098594,0.37341905
0.5070422535211265,0.4234881
0.605633802816901,0.43788955
0.7323943661971835,0.3753999
0.816901408450704,0.38459602
0.8873239436619718,0.45313427
0.929577464788732,0.34985045
0.971830985915493,0.36505765
0.9718309859154928,0.41930532
0.9859154929577464,0.4220983
0.0,0.3860208
0.0,0.40071842
0.0,0.40575698
0.0,0.40916395
0.0,0.3401794
0.0,0.43247077
0.0,0.3692797
0.0,0.49035764
0.0,0.38970825
0.0,0.3816846
0.430434782608696,0.40373302
0.3991596638655448,0.3875366
0.3603238866396747,0.4509191
0.2914979757085021,0.4114195
0.2388663967611339,0.39417645
0.2024291497975721,0.3838718
0.1740890688259107,0.359832
0.1659919028340102,0.3994966
0.1659919028340084,0.36388054
0.1376518218623506,0.3744012
0.689473684210526,0.36747476
0.7105263157894797,0.43606892
0.7315789473684191,0.35953417
0.7789473684210577,0.4721626
0.7789473684210577,0.370393
0.7894736842105274,0.39815524
0.7684210526315809,0.340649
0.7263157894736878,0.43178937
0.6947368421052644,0.4351641
0.6789473684210421,0.41396236
0.5070422535211265,0.37500596
0.6056338028169015,0.4220282
0.732394366197183,0.43654773
0.8169014084507045,0.37431532
0.887323943661972,0.3842176
0.9295774647887324,0.45213068
0.971830985915493,0.35340357
0.971830985915493,0.36557904
0.9859154929577464,0.42131504
1.0,0.42093924
0.0,0.3862717
0.0,0.4005021
0.0,0.40507442
0.0,0.4082156
0.0,0.3419502
0.0,0.43393958
0.0,0.36896288
0.0,0.48907524
0.0,0.3877741
0.0,0.38218918
0.3782608695652172,0.404306
0.3361344537815114,0.38697672
0.2914979757085003,0.45183283
0.2388663967611322,0.4111005
0.2024291497975703,0.39481616
0.1740890688259124,0.3841634
0.1659919028340084,0.36274543
0.1659919028340102,0.39782858
0.1376518218623488,0.3638596
0.1133603238866403,0.37489977
0.7105263157894726,0.36707413
0.7315789473684191,0.43630618
0.7789473684210506,0.36052817
0.7789473684210577,0.47276938
0.7894736842105274,0.37100816
0.7684210526315809,0.39863098
0.7263157894736878,0.3415176
0.6947368421052644,0.4337912
0.6789473684210492,0.43454415
0.6842105263157876,0.4126275
0.6056338028169015,0.37765232
0.732394366197183,0.42096585
0.8169014084507045,0.43543196
0.887323943661972,0.3744949
0.9295774647887324,0.38481048
0.971830985915493,0.4520928
0.971830985915493,0.35433164
0.9859154929577468,0.36687982
1.0,0.42439866
1.0,0.41779277
0.0,0.38564768
0.0,0.39962456
0.0,0.40515402
0.0,0.4074553
0.0,0.34088498
0.0,0.43524665
0.0,0.3685496
0.0,0.48865134
0.0,0.38517094
0.0,0.38305947
0.3130434782608695,0.40514737
0.2647058823529402,0.38676473
0.2388663967611322,0.45385742
0.2024291497975703,0.41005877
0.1740890688259107,0.39608648
0.1659919028340084,0.38454464
0.1659919028340084,0.36426324
0.137651821862347,0.39734486
0.1133603238866403,0.36477202
0.1214574898785443,0.3752366
0.7315789473684191,0.367307
0.7789473684210506,0.43765312
0.7789473684210506,0.36248773
0.7894736842105274,0.4723023
0.7684210526315809,0.37048614
0.7263157894736807,0.39955688
0.6947368421052644,0.3424199
0.6789473684210492,0.43369472
0.6842105263157876,0.43505168
0.7052631578947341,0.4095504
0.732394366197183,0.37961388
0.8169014084507045,0.41921404
0.8873239436619715,0.43514305
0.9295774647887328,0.37434953
0.9718309859154928,0.3861996
0.971830985915493,0.45258036
0.9859154929577464,0.35532266
1.0000000000000004,0.36958095
1.0,0.42636195
1.0140845070422535,0.41323546
0.0,0.38376608
0.0,0.39848423
0.0,0.40880394
0.0,0.40632877
0.0,0.34129518
0.0,0.43596652
0.0,0.36821696
0.0,0.48596454
0.0,0.38255787
0.0,0.38354644
0.2391304347826075,0.40586898
0.2100840336134446,0.38773516
0.2024291497975721,0.4545573
0.1740890688259124,0.40903267
0.1659919028340084,0.3964267
0.1659919028340084,0.38525546
0.137651821862347,0.36516404
0.1133603238866403,0.39717558
0.1214574898785425,0.3663094
0.1093117408906891,0.3773111
0.7789473684210577,0.36896613
0.7789473684210506,0.43820414
0.7894736842105274,0.36351076
0.7684210526315809,0.47130644
0.7263157894736878,0.36993462
0.6947368421052644,0.3995887
0.6789473684210492,0.34450144
0.6842105263157876,0.43316564
0.7052631578947341,0.43426752
0.6789473684210421,0.40648898
0.816901408450704,0.38279486
0.8873239436619718,0.41788462
0.929577464788732,0.43517944
0.971830985915493,0.37594584
0.9718309859154928,0.38753408
0.9859154929577464,0.4535173
1.0,0.35504186
1.0000000000000004,0.37122694
1.0140845070422535,0.42744052
1.0140845070422535,0.4088292
0.0,0.38141787
0.0,0.3978807
0.0,0.4106647
0.0,0.4052653
0.0,0.34206474
0.0,0.43479759
0.0,0.3691103
0.0,0.48384768
0.0,0.3814016
0.0,0.38405952
0.1826086956521759,0.40880734
0.1722689075630246,0.38847572
0.1740890688259107,0.45374975
0.1659919028340102,0.40818954
0.1659919028340084,0.3967239
0.1376518218623506,0.3853306
0.1133603238866403,0.36478996
0.1214574898785443,0.39881358
0.1093117408906874,0.36656272
0.1376518218623506,0.37773216
0.7789473684210577,0.371367
0.7894736842105274,0.4382659
0.7684210526315809,0.36553955
0.7263157894736878,0.47005638
0.6947368421052644,0.36833042
0.6789473684210421,0.39937246
0.6842105263157876,0.34538195
0.7052631578947341,0.42967308
0.6789473684210492,0.43478987
0.6842105263157876,0.4049834
0.887323943661972,0.38619307
0.9295774647887324,0.41477916
0.971830985915493,0.43467763
0.971830985915493,0.37783152
0.9859154929577464,0.38812888
1.0,0.45457745
1.0,0.3557318
1.014084507042254,0.3729338
1.0140845070422535,0.42766
0.9577464788732392,0.40375084
0.0,0.3794517
0.0,0.39754808
0.0,0.4141083
0.0,0.40609106
0.0,0.34526613
0.0,0.43271902
0.0,0.3709418
0.0,0.47781944
0.0,0.37962198
0.0,0.38271636
0.1434782608695659,0.41107833
0.1428571428571423,0.389323
0.1659919028340084,0.45223495
0.1659919028340102,0.40638337
0.1376518218623488,0.39688754
0.1133603238866403,0.38658047
0.1214574898785425,0.3649675
0.1093117408906891,0.39946175
0.1376518218623488,0.36740896
0.2550607287449402,0.378796
0.7894736842105274,0.37367597
0.7684210526315809,0.4403448
0.7263157894736878,0.36619577
0.6947368421052644,0.4693627
0.6789473684210492,0.36639145
0.6842105263157876,0.39897746
0.7052631578947341,0.3462717
0.6789473684210492,0.4275821
0.6842105263157876,0.43431962
0.6842105263157876,0.40335763
0.9295774647887324,0.38684055
0.971830985915493,0.4141141
0.971830985915493,0.43550286
0.9859154929577468,0.37932727
1.0,0.38881335
1.0,0.45536977
1.014084507042253,0.3542406
1.014084507042254,0.3729022
0.9577464788732392,0.42787972
0.6056338028169015,0.4020911
0.0,0.37789005
0.0,0.39776388
0.0,0.41630957
0.0,0.40629393
0.0,0.3463175
0.0,0.430227
0.0,0.37182033
0.0,0.47436488
0.0,0.37815043
0.0,0.38232383
0.1130434782608684,0.413689
0.1344537815126045,0.38960558
0.1659919028340084,0.4502412
0.137651821862347,0.40584296
0.1133603238866403,0.3982216
0.1214574898785443,0.3872722
0.1093117408906874,0.3634724
0.137651821862347,0.40113014
0.2550607287449384,0.36658067
0.4412955465587043,0.37843937
0.7684210526315809,0.37507656
0.7263157894736807,0.44311014
0.6947368421052644,0.3672288
0.6789473684210492,0.4701396
0.6842105263157876,0.36284208
0.7052631578947341,0.39987954
0.6789473684210492,0.34571603
0.6842105263157876,0.42480585
0.6842105263157876,0.43770346
0.6684210526315866,0.40243036
0.9718309859154928,0.38628188
0.971830985915493,0.41186297
0.9859154929577464,0.4361462
1.0000000000000004,0.37866426
1.0,0.39029115
1.0140845070422535,0.45537075
1.014084507042253,0.35228446
0.9577464788732396,0.37188947
0.6056338028169015,0.42629552
0.5070422535211265,0.4011173
0.0,0.3770314
0.0,0.39782545
0.0,0.4208786
0.0,0.40960032
0.0,0.34790856
0.0,0.42839277
0.0,0.37237963
0.0,0.46866268
0.0,0.3771142
0.0,0.38109842
0.1043478260869577,0.41365272
0.1344537815126045,0.3894288
0.137651821862347,0.45076945
0.1133603238866403,0.40466788
0.1214574898785425,0.39798698
0.1093117408906891,0.38925225
0.137651821862347,0.3632228
0.2550607287449402,0.40090737
0.4412955465587043,0.36634162
0.4898785425101213,0.3795114
0.7263157894736878,0.377581
0.6947368421052644,0.44582328
0.6789473684210492,0.3671013
0.6842105263157876,0.47075915
0.7052631578947341,0.3595549
0.6789473684210421,0.3997813
0.6842105263157876,0.34444398
0.6842105263157876,0.4228623
0.6684210526315795,0.4408108
0.6315789473684248,0.40437952
0.9718309859154928,0.38185197
0.9859154929577464,0.40927836
1.0,0.43815985
1.0000000000000004,0.3775111
1.0140845070422535,0.39007893
1.0140845070422535,0.4556578
0.9577464788732396,0.35013878
0.6056338028169019,0.37002373
0.5070422535211265,0.42400673
0.3661971830985915,0.40319154
0.0,0.37769353
0.0,0.39757043
0.0,0.42462975
0.0,0.41247913
0.0,0.35039544
0.0,0.42695522
0.0,0.37223637
0.0,0.46623147
0.0,0.3764659
0.0,0.37944338
0.1043478260869577,0.4128981
0.1050420168067223,0.38870743
0.1133603238866403,0.45046955
0.1214574898785443,0.404746
0.1093117408906874,0.39853662
0.1376518218623506,0.39077568
0.2550607287449384,0.3635261
0.441295546558706,0.39935887
0.4898785425101195,0.36359996
0.6072874493927127,0.3805307
0.6947368421052644,0.37907648
0.6789473684210421,0.44923452
0.6842105263157876,0.36744136
0.7052631578947341,0.47243398
0.6789473684210492,0.35722592
0.6842105263157876,0.3990749
0.6842105263157876,0.3427322
0.6684210526315795,0.42146018
0.6315789473684248,0.4448543
0.621052631578948,0.4060756
0.9859154929577464,0.3767644
1.0,0.40848818
1.0,0.4390103
1.014084507042254,0.3755348
1.0140845070422535,0.39037278
0.9577464788732392,0.45552057
0.605633802816901,0.34803474
0.5070422535211274,0.36745209
0.3661971830985915,0.42176712
0.2816901408450705,0.406208
0.0,0.37732485
0.0,0.39789182
0.0,0.4265456
0.0,0.41485894
0.0,0.351122
0.0,0.42573345
0.0,0.37242576
0.0,0.46618557
0.0,0.37613654
0.0,0.37742424
0.0739130434782602,0.41159225
0.0798319327731089,0.3880243
0.1214574898785425,0.45086014
0.1093117408906891,0.40397024
0.1376518218623488,0.39689726
0.2550607287449402,0.39171067
0.4412955465587043,0.36189824
0.4898785425101231,0.396756
0.6072874493927127,0.36010534
0.6599190283400826,0.37992218
0.6789473684210492,0.3807463
0.6842105263157876,0.45068473
0.7052631578947341,0.36650166
0.6789473684210492,0.47520953
0.6842105263157876,0.35664117
0.6842105263157876,0.3985985
0.6684210526315795,0.34092355
0.6315789473684177,0.42122763
0.621052631578948,0.4490077
0.6105263157894711,0.40955126
1.0,0.3714605
1.0,0.40759122
1.014084507042253,0.43899718
1.014084507042254,0.3746846
0.9577464788732392,0.3902878
0.6056338028169015,0.45704034
0.5070422535211265,0.34533197
0.3661971830985924,0.36493534
0.2816901408450709,0.41913307
0.225352112676056,0.41032386
0.0,0.37782097
0.0,0.397782
0.0,0.42725942
0.0,0.41716695
0.0,0.35107532
0.0,0.42517662
0.0,0.37192893
0.0,0.46884635
0.0,0.37536442
0.0,0.3762469
0.0478260869565225,0.40910378
0.0882352941176467,0.3877108
0.1093117408906874,0.45100743
0.137651821862347,0.40310207
0.2550607287449384,0.39577916
0.4412955465587043,0.39268118
0.4898785425101231,0.36102772
0.6072874493927145,0.3922763
0.6599190283400809,0.3574819
0.7206477732793521,0.3791472
0.6842105263157876,0.38120607
0.7052631578947341,0.4516411
0.6789473684210492,0.364305
0.6842105263157876,0.4776668
0.6842105263157876,0.3562828
0.6684210526315866,0.397085
0.6315789473684177,0.3383933
0.6210526315789551,0.42146522
0.6105263157894782,0.45313475
0.5736842105263165,0.41317874
1.0,0.3665377
1.0140845070422535,0.4075022
1.014084507042253,0.4386081
0.9577464788732396,0.37256217
0.6056338028169015,0.3903091
0.5070422535211265,0.4584117
0.366197183098591,0.343158
0.2816901408450709,0.36234832
0.2253521126760564,0.4164673
0.1830985915492955,0.41489047
0.0,0.37915337
0.0,0.39674538
0.0,0.42743197
0.0,0.41890135
0.0,0.3499883
0.0,0.42457697
0.0,0.37084824
0.0,0.47192678
0.0,0.37563166
0.0,0.37554774
0.0565217391304351,0.40538302
0.07563025210084,0.38831264
0.137651821862347,0.4519381
0.2550607287449402,0.40293097
0.4412955465587043,0.39483306
0.4898785425101213,0.39284545
0.6072874493927127,0.35966718
0.6599190283400826,0.38865107
0.720647773279353,0.35620296
0.7975708502024297,0.379125
0.7052631578947341,0.38162282
0.6789473684210421,0.45178327
0.6842105263157876,0.36163944
0.6842105263157876,0.4788465
0.6684210526315795,0.35640207
0.6315789473684248,0.3953931
0.621052631578948,0.3358877
0.6105263157894782,0.42206618
0.5736842105263094,0.45674714
0.5736842105263165,0.4161295
1.0140845070422535,0.36334825
1.0140845070422535,0.4077691
0.9577464788732396,0.4383934
0.6056338028169019,0.36988926
0.5070422535211265,0.38990203
0.3661971830985915,0.4594288
0.2816901408450705,0.34126514
0.2253521126760564,0.3609112
0.1830985915492959,0.41444334
0.2816901408450705,0.41845703
0.0,0.38027912
0.0,0.39538524
0.0,0.42713332
0.0,0.419652
0.0,0.34837323
0.0,0.4242876
0.0,0.36953261
0.0,0.47462797
0.0,0.37702265
0.0,0.37526584
0.0434782608695645,0.4026139
0.1050420168067223,0.38926667
0.2550607287449384,0.45272565
0.441295546558706,0.40334016
0.4898785425101195,0.39465904
0.6072874493927127,0.39135087
0.6599190283400809,0.35829955
0.7206477732793548,0.38721287
0.7975708502024297,0.35572356
0.7327935222672055,0.37977695
0.6789473684210492,0.38071534
0.6842105263157876,0.4511633
0.6842105263157876,0.3585039
0.6684210526315795,0.47946438
0.6315789473684248,0.35699844
0.621052631578948,0.39406174
0.6105263157894782,0.3332645
0.5736842105263165,0.42314324
0.5736842105263094,0.45980304
0.5631578947368467,0.4181432
1.0140845070422535,0.36115026
0.9577464788732392,0.40867564
0.605633802816901,0.43966186
0.5070422535211274,0.3675731
0.3661971830985915,0.38926417
0.2816901408450705,0.46088952
0.225352112676056,0.33900282
0.1830985915492964,0.3607953
0.2816901408450709,0.4132002
0.309859154929577,0.42041045
0.0,0.3807831
0.0,0.39463836
0.0,0.42683583
0.0,0.41979975
0.0,0.34609544
0.0,0.42512062
0.0,0.36865908
0.0,0.4773704
0.0,0.38038942
0.0,0.37469465
0.0739130434782602,0.40063184
0.2268907563025202,0.3904904
0.4412955465587043,0.4537261
0.4898785425101231,0.40400738
0.6072874493927127,0.39460996
0.6599190283400826,0.3890066
0.720647773279353,0.35680208
0.7975708502024297,0.38703868
0.7327935222672055,0.35593444
0.7004048582995948,0.380771
0.6842105263157876,0.37925097
0.6842105263157876,0.45005894
0.6684210526315795,0.35443336
0.6315789473684177,0.47987792
0.621052631578948,0.35889065
0.6105263157894711,0.39276698
0.5736842105263165,0.33258379
0.5736842105263165,0.4245303
0.5631578947368396,0.4619821
0.5736842105263165,0.41926667
0.9577464788732392,0.3594172
0.6056338028169015,0.40978417
0.5070422535211265,0.44143367
0.3661971830985924,0.36548454
0.2816901408450709,0.38835073
0.225352112676056,0.46287405
0.1830985915492955,0.33610612
0.2816901408450709,0.36195654
0.3098591549295775,0.41214582
0.309859154929577,0.4222818
0.0,0.38086998
0.0,0.394455
0.0,0.42599306
0.0,0.41896653
0.0,0.3436074
0.0,0.42604834
0.0,0.36796257
0.0,0.48103875
0.0,0.3840916
0.0,0.37448058
0.1999999999999993,0.39965758
0.4201680672268892,0.39183238
0.4898785425101231,0.45401412
0.6072874493927145,0.40509343
0.6599190283400809,0.39510483
0.7206477732793521,0.386392
0.7975708502024279,0.35545856
0.7327935222672082,0.38821277
0.7004048582995948,0.35626805
0.6801619433198391,0.38186207
0.6842105263157876,0.3766624
0.6684210526315866,0.44907072
0.6315789473684177,0.3506064
0.6210526315789551,0.48076585
0.6105263157894782,0.36101127
0.5736842105263165,0.39218104
0.5736842105263165,0.33254266
0.5631578947368396,0.42603806
0.5736842105263094,0.4629011
0.568421052631578,0.41931528
0.6056338028169015,0.35793582
0.5070422535211265,0.41139227
0.366197183098591,0.44334263
0.2816901408450709,0.36439854
0.2253521126760564,0.38798174
0.1830985915492955,0.46436185
0.2816901408450705,0.33316803
0.3098591549295775,0.3628103
0.3098591549295775,0.41131124
0.436619718309859,0.4238728
0.0,0.38051018
0.0,0.39478043
0.0,0.4252324
0.0,0.4179925
0.0,0.34099382
0.0,0.4274689
0.0,0.3676057
0.0,0.48538917
0.0,0.38765296
0.0,0.3747855
0.4000000000000003,0.39913288
0.4705882352941177,0.392998
0.6072874493927127,0.4537348
0.6599190283400826,0.40650052
0.720647773279353,0.39581788
0.7975708502024297,0.38413095
0.7327935222672064,0.3538249
0.7004048582995956,0.39049655
0.6801619433198391,0.35728258
0.5506072874493935,0.38221532
0.6684210526315795,0.37459853
0.6315789473684248,0.44887856
0.621052631578948,0.34867826
0.6105263157894782,0.48084453
0.5736842105263094,0.36244732
0.5736842105263165,0.39219922
0.5631578947368467,0.33315092
0.5736842105263165,0.42678115
0.5684210526315852,0.46288922
0.6263157894736793,0.4188552
0.5070422535211265,0.35626048
0.3661971830985915,0.41225237
0.2816901408450705,0.44494697
0.2253521126760564,0.36392254
0.1830985915492959,0.38861716
0.2816901408450705,0.46491677
0.3098591549295775,0.33093014
0.3098591549295775,0.36349565
0.4366197183098594,0.40994874
0.563380281690141,0.42488232
0.0,0.37999514
0.0,0.3952703
0.0,0.42500928
0.0,0.416823
0.0,0.33898965
0.0,0.4287027
0.0,0.36781776
0.0,0.4883628
0.0,0.390493
0.0,0.3752996
0.4521739130434774,0.39912212
0.5924369747899139,0.3943779
0.6599190283400809,0.45363203
0.7206477732793548,0.4074617
0.7975708502024297,0.39584067
0.7327935222672055,0.38283384
0.7004048582995939,0.3517612
0.68016194331984,0.39259505
0.5506072874493917,0.3580083
0.4372469635627531,0.38230923
0.6315789473684248,0.37294868
0.621052631578948,0.44755235
0.6105263157894782,0.34869006
0.5736842105263165,0.48064968
0.5736842105263094,0.36370578
0.5631578947368467,0.39199677
0.5736842105263165,0.333981
0.5684210526315852,0.42724192
0.6263157894736793,0.46153206
0.7000000000000028,0.41851637
0.3661971830985915,0.35556242
0.2816901408450705,0.4137626
0.225352112676056,0.44553715
0.1830985915492964,0.36409
0.2816901408450709,0.38974315
0.309859154929577,0.46362174
0.3098591549295775,0.3301173
0.4366197183098599,0.36289138
0.563380281690141,0.40943855
0.6197183098591545,0.4252317
0.0,0.38029218
0.0,0.39635167
0.0,0.4236721
0.0,0.4164922
0.0,0.3382682
0.0,0.42953652
0.0,0.3687323
0.0,0.49053243
0.0,0.39266878
0.0,0.3762633
0.5782608695652183,0.39919224
0.6470588235294112,0.39460325
0.720647773279353,0.45292127
0.7975708502024297,0.40816665
0.7327935222672055,0.39500856
0.7004048582995948,0.38220608
0.6801619433198383,0.35051167
0.5506072874493935,0.39482272
0.4372469635627531,0.35865146
0.3967611336032401,0.38135737
0.621052631578948,0.37016597
0.6105263157894711,0.44465214
0.5736842105263165,0.3517811
0.5736842105263165,0.4801612
0.5631578947368396,0.36402506
0.5736842105263165,0.3928219
0.5684210526315852,0.33366296
0.6263157894736864,0.42703408
0.7000000000000028,0.45721808
0.6947368421052644,0.41864404
0.2816901408450709,0.3561642
0.225352112676056,0.41722345
0.1830985915492955,0.44459546
0.2816901408450709,0.36558092
0.3098591549295775,0.3889872
0.309859154929577,0.4598422
0.436619718309859,0.33301258
0.563380281690141,0.3608682
0.619718309859155,0.41005358
0.6619718309859155,0.4263944
0.0,0.38264728
0.0,0.40009597
0.0,0.42006904
0.0,0.4169314
0.0,0.3384214
0.0,0.43247697
0.0,0.369448
0.0,0.49085668
0.0,0.3936474
0.0,0.37711054
0.6347826086956516,0.39809242
0.7100840336134446,0.39230487
0.7975708502024279,0.45220447
0.7327935222672082,0.4083943
0.7004048582995948,0.3924354
0.6801619433198391,0.38377854
0.5506072874493935,0.35087228
0.4372469635627549,0.3948973
0.3967611336032401,0.3593281
0.3643724696356294,0.37934983
0.6105263157894782,0.36851066
0.5736842105263165,0.44135267
0.5736842105263165,0.35374865
0.5631578947368396,0.48115698
0.5736842105263094,0.36539632
0.568421052631578,0.39471483
0.6263157894736793,0.33439022
0.7000000000000028,0.42896965
0.6947368421052644,0.45096827
0.7315789473684191,0.4189237
0.2253521126760564,0.3585015
0.1830985915492955,0.42040184
0.2816901408450705,0.44332352
0.3098591549295775,0.3690497
0.3098591549295775,0.38755596
0.436619718309859,0.4573642
0.563380281690141,0.33673584
0.6197183098591554,0.35892126
0.6619718309859155,0.411424
0.6901408450704225,0.42817417
0.0,0.3850874
0.0,0.402729
0.0,0.41458365
0.0,0.41640097
0.0,0.33825397
0.0,0.43450397
0.0,0.36964393
0.0,0.49330857
0.0,0.39266056
0.0,0.37803847
0.7000000000000011,0.3978206
0.7899159663865536,0.39027092
0.7327935222672064,0.4514662
0.7004048582995956,0.40936124
0.6801619433198391,0.3911194
0.5506072874493935,0.38382503
0.4372469635627531,0.35194674
0.3967611336032401,0.39460623
0.3643724696356276,0.359681
0.344129554655872,0.37591472
0.5736842105263094,0.36865735
0.5736842105263165,0.43889764
0.5631578947368467,0.3563053
0.5736842105263165,0.47744986
0.5684210526315852,0.36739406
0.6263157894736793,0.39613482
0.7000000000000028,0.3369184
0.6947368421052644,0.43070233
0.7315789473684191,0.44303665
0.7105263157894797,0.42048395
0.1830985915492959,0.3625906
0.2816901408450705,0.41983506
0.3098591549295775,0.44098946
0.3098591549295775,0.3716705
0.4366197183098594,0.38645297
0.563380281690141,0.45536494
0.6197183098591545,0.34369698
0.6619718309859159,0.35767052
0.6901408450704225,0.41244018
0.7183098591549295,0.42929944
0.0,0.38717437
0.0,0.4021939
0.0,0.40853873
0.0,0.41342923
0.0,0.34174287
0.0,0.43473873
0.0,0.37044874
0.0,0.49394307
0.0,0.3896789
0.0,0.3786396
0.7826086956521738,0.4000695
0.7226890756302495,0.38854688
0.7004048582995939,0.4521212
0.68016194331984,0.41058624
0.5506072874493917,0.39099574
0.4372469635627531,0.38416857
0.3967611336032384,0.35576975
0.3643724696356294,0.39230427
0.3441295546558702,0.35931018
0.3319838056680169,0.3737009
0.5736842105263094,0.36850172
0.5631578947368467,0.43422735
0.5736842105263165,0.3556825
0.5684210526315852,0.4733742
0.6263157894736793,0.37198406
0.7000000000000028,0.39705178
0.6947368421052644,0.33864865
0.7315789473684191,0.43427038
0.7105263157894726,0.43551287
0.757894736842097,0.42301682
0.2816901408450709,0.36855283
0.309859154929577,0.41966024
0.3098591549295775,0.43862316
0.4366197183098599,0.3746522
0.563380281690141,0.38168415
0.6197183098591545,0.45484158
0.661971830985915,0.35032317
0.690140845070423,0.36004668
0.7183098591549295,0.4167256
0.732394366197183,0.4290547
0.0,0.39035603
0.0,0.40054107
0.0,0.40110576
0.0,0.41013813
0.0,0.34363666
0.0,0.4350189
0.0,0.36949384
0.0,0.49497616
0.0,0.38667038
0.0,0.38133368
0.7130434782608681,0.40313685
0.6890756302521002,0.384511
0.6801619433198383,0.4535763
0.5506072874493935,0.41308567
0.4372469635627531,0.39421874
0.3967611336032401,0.38274342
0.3643724696356258,0.3620808
0.3441295546558702,0.39206755
0.3319838056680151,0.36010867
0.3036437246963572,0.37154958
0.5631578947368396,0.36688673
0.5736842105263165,0.43370438
0.5684210526315852,0.3569262
0.6263157894736864,0.4712109
0.7000000000000028,0.3750279
0.6947368421052644,0.39872968
0.7315789473684191,0.33990407
0.7105263157894726,0.43552586
0.7578947368421041,0.43361437
0.757894736842097,0.42119017
0.3098591549295775,0.37428397
0.309859154929577,0.4189372
0.436619718309859,0.4362863
0.563380281690141,0.3741191
0.619718309859155,0.3806039
0.6619718309859155,0.45410115
0.6901408450704225,0.35441118
0.7183098591549295,0.3661615
0.732394366197183,0.420689
0.76056338028169,0.42438623
0.0,0.39095542
0.0,0.39920208
0.0,0.4022079
0.0,0.4090682
0.0,0.34272513
0.0,0.4377211
0.0,0.36777225
0.0,0.4924016
0.0,0.38329375
0.0,0.38404274
0.6782608695652179,0.4033597
0.6680672268907575,0.38409492
0.5506072874493935,0.4574826
0.4372469635627549,0.41193306
0.3967611336032401,0.39444727
0.3643724696356294,0.38332585
0.3441295546558702,0.36634946
0.3319838056680169,0.39225373
0.3036437246963572,0.36358476
0.2995951417004043,0.37364915
0.5736842105263094,0.36664337
0.568421052631578,0.4357122
0.6263157894736793,0.35794663
0.7000000000000028,0.46920738
0.6947368421052644,0.37587214
0.7315789473684191,0.40072662
0.7105263157894726,0.34432036
0.7578947368421041,0.4370347
0.7578947368421041,0.43116137
0.7736842105263193,0.41506916
0.3098591549295775,0.37873596
0.436619718309859,0.4197299
0.563380281690141,0.43646896
0.6197183098591554,0.37454048
0.6619718309859155,0.38130662
0.6901408450704225,0.454206
0.7183098591549295,0.35503247
0.7323943661971835,0.37022838
0.76056338028169,0.42474857
0.7464788732394365,0.41925102
0.0,0.38936242
0.0,0.39862576
0.0,0.4030309
0.0,0.4057233
0.0,0.3407144
0.0,0.43951666
0.0,0.36584404
0.0,0.4927185
0.0,0.38220954
0.0,0.3875241
0.6565217391304365,0.40651917
0.5336134453781511,0.38385433
0.4372469635627531,0.46033153
0.3967611336032401,0.411786
0.3643724696356276,0.3932368
0.344129554655872,0.3828209
0.3319838056680151,0.3670381
0.3036437246963572,0.39576402
0.2995951417004043,0.3645891
0.3076923076923084,0.37477124
0.5684210526315852,0.36832076
0.6263157894736793,0.43818387
0.7000000000000028,0.36265808
0.6947368421052644,0.46702564
0.7315789473684191,0.3734509
0.7105263157894797,0.40494204
0.7578947368421041,0.3472779
0.7578947368421041,0.4351074
0.7736842105263193,0.4331688
0.757894736842097,0.4082374
0.4366197183098594,0.3862414
0.563380281690141,0.41689485
0.6197183098591545,0.43441355
0.6619718309859159,0.37516373
0.6901408450704225,0.38416532
0.7183098591549295,0.45389217
0.732394366197183,0.35810184
0.7605633802816905,0.37433174
0.7464788732394365,0.4275989
0.76056338028169,0.4084629
0.0,0.38623232
0.0,0.39622873
0.0,0.4086822
0.0,0.4055735
0.0,0.34229946
0.0,0.44108573
0.0,0.36396813
0.0,0.4866864
0.0,0.38013172
0.0,0.3877001
0.5173913043478269,0.409309
0.4159663865546221,0.38355607
0.3967611336032384,0.46312267
0.3643724696356294,0.41076842
0.3441295546558702,0.39052168
0.3319838056680169,0.3824378
0.3036437246963555,0.36860475
0.2995951417004061,0.3991482
0.3076923076923066,0.36792848
0.3076923076923084,0.37717593
0.6263157894736793,0.37347144
0.7000000000000028,0.4415228
0.6947368421052644,0.3659983
0.7315789473684191,0.46408516
0.7105263157894726,0.37255853
0.757894736842097,0.40873656
0.7578947368421041,0.35127014
0.7736842105263193,0.4325074
0.7578947368421041,0.43236122
0.7421052631578959,0.40389457
0.563380281690141,0.39396855
0.6197183098591545,0.41569224
0.661971830985915,0.43236688
0.690140845070423,0.37863198
0.7183098591549295,0.3857581
0.732394366197183,0.4542626
0.76056338028169,0.3592509
0.746478873239437,0.3776281
0.76056338028169,0.4269929
0.76056338028169,0.4007629
0.0,0.38558543
0.0,0.3956819
0.0,0.41351128
0.0,0.40464756
0.0,0.3455787
0.0,0.44162512
0.0,0.36433402
0.0,0.47906715
0.0,0.37894574
0.0,0.38765025
0.3956521739130441,0.41517973
0.3739495798319332,0.38310567
0.3643724696356258,0.4628112
0.3441295546558702,0.40993604
0.3319838056680151,0.38985908
0.3036437246963572,0.38315955
0.2995951417004026,0.36899954
0.3076923076923101,0.40037304
0.3076923076923066,0.3707406
0.3036437246963572,0.3784379
0.7000000000000028,0.37617108
0.6947368421052644,0.4441201
0.7315789473684191,0.3694633
0.7105263157894726,0.4640487
0.7578947368421041,0.37005505
0.757894736842097,0.40996647
0.7736842105263193,0.35211146
0.7578947368421041,0.4286476
0.7421052631578959,0.4326861
0.7421052631578959,0.40024275
0.619718309859155,0.3994327
0.6619718309859155,0.41575587
0.6901408450704225,0.43094128
0.7183098591549295,0.38375825
0.732394366197183,0.3862086
0.76056338028169,0.45306718
0.7464788732394365,0.3569898
0.7605633802816905,0.37758735
0.76056338028169,0.42732698
0.76056338028169,0.39533976
0.0,0.38442686
0.0,0.396681
0.0,0.41483307
0.0,0.40748933
0.0,0.34685746
0.0,0.43966982
0.0,0.3674363
0.0,0.472194
0.0,0.37923038
0.0,0.38497066
0.3521739130434795,0.42034099
0.3403361344537821,0.38162553
0.3441295546558702,0.46152446
0.3319838056680169,0.40825915
0.3036437246963572,0.38934112
0.2995951417004043,0.38460553
0.3076923076923066,0.367325
0.3076923076923101,0.40195245
0.3036437246963572,0.37257898
0.295546558704455,0.37707114
0.6947368421052644,0.37747023
0.7315789473684191,0.44541427
0.7105263157894726,0.37384626
0.7578947368421041,0.46472442
0.7578947368421041,0.36652216
0.7736842105263193,0.40905097
0.7578947368421041,0.3486799
0.7421052631578959,0.42470464
0.7421052631578959,0.4325255
0.7684210526315809,0.40064114
0.6619718309859155,0.4020957
0.6901408450704225,0.41169456
0.7183098591549295,0.4305259
0.7323943661971835,0.38904822
0.76056338028169,0.3854892
0.7464788732394365,0.45567286
0.76056338028169,0.3565118
0.7605633802816905,0.37690938
0.76056338028169,0.42727974
0.7464788732394365,0.39039233
0.0,0.38324496
0.0,0.39606214
0.0,0.418379
0.0,0.41063476
0.0,0.3491465
0.0,0.4366198
0.0,0.37080932
0.0,0.46648985
0.0,0.37507752
0.0,0.38065585
0.3173913043478258,0.42275846
0.3193277310924376,0.38328415
0.3319838056680151,0.45903772
0.3036437246963572,0.40567565
0.2995951417004043,0.3907258
0.3076923076923084,0.38781178
0.3076923076923066,0.36844945
0.3036437246963572,0.3994775
0.2955465587044532,0.37302077
0.287449392712551,0.37690312
0.7315789473684191,0.37926844
0.7105263157894797,0.44850883
0.7578947368421041,0.37556845
0.7578947368421041,0.46532464
0.7736842105263193,0.36389408
0.757894736842097,0.40807262
0.7421052631578959,0.34752452
0.7421052631578959,0.42196158
0.7684210526315809,0.4315967
0.7736842105263193,0.4027403
0.6901408450704225,0.40382335
0.7183098591549295,0.40813994
0.732394366197183,0.43055284
0.7605633802816905,0.3943874
0.7464788732394365,0.38342103
0.76056338028169,0.4589554
0.76056338028169,0.35453966
0.7605633802816905,0.37604594
0.7464788732394365,0.4267992
0.732394366197183,0.3886018
0.0,0.38294956
0.0,0.39537728
0.0,0.42119426
0.0,0.4120916
0.0,0.35127753
0.0,0.43364283
0.0,0.37299082
0.0,0.46361098
0.0,0.3707849
0.0,0.37828925
0.2956521739130426,0.42607573
0.3067226890756291,0.3850373
0.3036437246963555,0.45702103
0.2995951417004061,0.405017
0.3076923076923066,0.3930893
0.3076923076923084,0.38841167
0.3036437246963555,0.3699123
0.295546558704455,0.3985718
0.287449392712551,0.37326884
0.2793522267206487,0.37675026
0.7105263157894726,0.38241515
0.757894736842097,0.44791025
0.7578947368421041,0.3738431
0.7736842105263193,0.46624938
0.7578947368421041,0.36170164
0.7421052631578959,0.40816122
0.7421052631578959,0.3455048
0.7684210526315809,0.41942456
0.7736842105263193,0.4332922
0.8000000000000043,0.40711027
0.7183098591549295,0.40185523
0.732394366197183,0.403227
0.76056338028169,0.4331028
0.746478873239437,0.3962261
0.76056338028169,0.3811198
0.76056338028169,0.46089068
0.76056338028169,0.35324553
0.746478873239437,0.37536994
0.732394366197183,0.42577407
0.7183098591549295,0.38989598
0.0,0.38478547
0.0,0.394804
0.0,0.42161226
0.0,0.4148026
0.0,0.35533798
0.0,0.4301406
0.0,0.3725804
0.0,0.45965558
0.0,0.3691833
0.0,0.37606198
0.2826086956521738,0.42644402
0.2773109243697469,0.3822482
0.2995951417004026,0.45505783
0.3076923076923101,0.40541515
0.3076923076923066,0.395974
0.3036437246963572,0.3904432
0.2955465587044532,0.37274942
0.2874493927125527,0.39876223
0.2793522267206469,0.37174594
0.2914979757085021,0.3771214
0.7578947368421041,0.38460532
0.757894736842097,0.44764268
0.7736842105263193,0.3732473
0.7578947368421041,0.46900266
0.7421052631578959,0.35968658
0.7421052631578959,0.40797305
0.7684210526315809,0.34476852
0.7736842105263193,0.4169956
0.8000000000000043,0.43557227
0.8105263157894669,0.40978295
0.732394366197183,0.3981666
0.76056338028169,0.40179574
0.7464788732394365,0.4343411
0.7605633802816905,0.39642882
0.76056338028169,0.3805944
0.76056338028169,0.461339
0.7464788732394365,0.35375303
0.7323943661971835,0.37293217
0.7183098591549295,0.42457062
0.676056338028169,0.39403284
0.0,0.38433784
0.0,0.39533195
0.0,0.42184103
0.0,0.41779444
0.0,0.35812035
0.0,0.4275519
0.0,0.373007
0.0,0.4579531
0.0,0.36661667
0.0,0.37494016
0.2521739130434799,0.42397946
0.273109243697478,0.3793149
0.3076923076923066,0.4539469
0.3076923076923101,0.40465894
0.3036437246963572,0.3967766
0.295546558704455,0.39345738
0.287449392712551,0.3729742
0.2793522267206469,0.39678025
0.2914979757085021,0.36915073
0.336032388663968,0.37552145
0.7578947368421041,0.38632154
0.7736842105263193,0.44656622
0.7578947368421041,0.3740558
0.7421052631578959,0.47038147
0.7421052631578959,0.35895768
0.7684210526315809,0.4072292
0.7736842105263193,0.34445125
0.8000000000000043,0.41611785
0.810526315789474,0.43810552
0.8000000000000043,0.4119832
0.76056338028169,0.39490014
0.7464788732394365,0.4013927
0.76056338028169,0.43357557
0.7605633802816905,0.39618883
0.76056338028169,0.3814059
0.7464788732394365,0.4599965
0.732394366197183,0.35373262
0.7183098591549295,0.37011945
0.676056338028169,0.42285317
0.549295774647887,0.39662206
0.0,0.38430426
0.0,0.39583585
0.0,0.42249396
0.0,0.42033935
0.0,0.36000615
0.0,0.42654315
0.0,0.37276474
0.0,0.4572393
0.0,0.36526597
0.0,0.37475985
0.2478260869565218,0.42096293
0.2815126050420158,0.37589434
0.3076923076923066,0.45389327
0.3036437246963572,0.40368924
0.2955465587044532,0.3953812
0.287449392712551,0.39657426
0.2793522267206469,0.3728931
0.2914979757085021,0.3940071
0.336032388663968,0.36711115
0.4453441295546554,0.37473065
0.7736842105263193,0.38866404
0.757894736842097,0.44375715
0.7421052631578959,0.37288427
0.7421052631578959,0.470394
0.7684210526315809,0.35945907
0.7736842105263193,0.4049428
0.8000000000000043,0.34285617
0.810526315789474,0.41562724
0.8000000000000043,0.44039086
0.757894736842097,0.4151547
0.7464788732394365,0.3910476
0.76056338028169,0.4004127
0.76056338028169,0.43336794
0.7605633802816905,0.3936219
0.7464788732394365,0.3812737
0.732394366197183,0.4593928
0.7183098591549295,0.35392252
0.6760563380281694,0.36901557
0.5492957746478875,0.4206658
0.464788732394366,0.39923516
0.0,0.38538235
0.0,0.3961873
0.0,0.42288896
0.0,0.42081127
0.0,0.36201537
0.0,0.42570862
0.0,0.3717316
0.0,0.45737085
0.0,0.36508313
0.0,0.3746489
0.2565217391304344,0.4175594
0.2815126050420158,0.37425855
0.3036437246963555,0.45279473
0.295546558704455,0.40311784
0.287449392712551,0.3942707
0.2793522267206487,0.39895192
0.2914979757085003,0.37414303
0.3360323886639698,0.39100698
0.4453441295546554,0.36482158
0.5384615384615401,0.3756975
0.7578947368421041,0.3894113
0.7421052631578959,0.4422434
0.7421052631578959,0.37159783
0.7684210526315809,0.47047663
0.7736842105263193,0.35941857
0.8000000000000043,0.4020031
0.810526315789474,0.34082085
0.8000000000000043,0.4155677
0.7578947368421041,0.44242835
0.7052631578947341,0.41752532
0.76056338028169,0.3876934
0.76056338028169,0.40218613
0.76056338028169,0.43334612
0.746478873239437,0.39008337
0.732394366197183,0.38114458
0.7183098591549295,0.45812958
0.676056338028169,0.35416222
0.5492957746478875,0.36741623
0.4647887323943664,0.41949233
0.4225352112676055,0.4026668
0.0,0.3856361
0.0,0.3967844
0.0,0.4223713
0.0,0.4202363
0.0,0.36158
0.0,0.4244262
0.0,0.37099344
0.0,0.45891452
0.0,0.36568907
0.0,0.37442887
0.2565217391304344,0.41396308
0.2773109243697469,0.37376955
0.2955465587044532,0.45085567
0.2874493927125527,0.4034099
0.2793522267206469,0.393483
0.2914979757085021,0.39886642
0.336032388663968,0.3731747
0.4453441295546554,0.3896667
0.5384615384615383,0.36301845
0.5708502024291509,0.37585196
